Npts = 8192
Rate = 2048 Hz

<data below>

2.966E+0
2.972E+0
2.978E+0
2.986E+0
2.996E+0
3.007E+0
3.022E+0
3.039E+0
2.964E+0
2.969E+0
2.975E+0
2.982E+0
2.991E+0
3.003E+0
2.869E+0
2.853E+0
2.834E+0
2.916E+0
2.911E+0
2.904E+0
2.901E+0
2.891E+0
2.879E+0
2.866E+0
2.847E+0
2.922E+0
2.919E+0
2.912E+0
2.906E+0
2.897E+0
2.887E+0
3.019E+0
3.035E+0
3.055E+0
2.972E+0
2.977E+0
2.983E+0
2.990E+0
3.001E+0
3.011E+0
3.026E+0
3.043E+0
2.993E+0
2.974E+0
2.979E+0
2.987E+0
2.992E+0
3.002E+0
2.871E+0
2.853E+0
2.835E+0
2.917E+0
2.912E+0
2.905E+0
2.896E+0
2.887E+0
2.874E+0
2.861E+0
2.844E+0
2.856E+0
2.914E+0
2.908E+0
2.901E+0
2.893E+0
2.882E+0
3.012E+0
3.030E+0
3.049E+0
2.967E+0
2.971E+0
2.978E+0
2.985E+0
2.995E+0
3.009E+0
3.024E+0
3.042E+0
3.054E+0
2.973E+0
2.979E+0
2.987E+0
2.996E+0
3.006E+0
2.879E+0
2.859E+0
2.840E+0
2.922E+0
2.916E+0
2.910E+0
2.902E+0
2.893E+0
2.881E+0
2.866E+0
2.850E+0
2.832E+0
2.919E+0
2.913E+0
2.906E+0
2.899E+0
2.888E+0
3.014E+0
3.029E+0
3.048E+0
2.967E+0
2.971E+0
2.978E+0
2.985E+0
2.994E+0
3.006E+0
3.019E+0
3.037E+0
3.056E+0
2.968E+0
2.974E+0
2.981E+0
2.990E+0
3.001E+0
2.884E+0
2.855E+0
2.836E+0
2.918E+0
2.912E+0
2.905E+0
2.897E+0
2.888E+0
2.877E+0
2.862E+0
2.846E+0
2.830E+0
2.919E+0
2.914E+0
2.906E+0
2.899E+0
2.888E+0
2.998E+0
3.034E+0
3.052E+0
2.972E+0
2.976E+0
2.982E+0
2.990E+0
2.998E+0
3.010E+0
3.023E+0
3.041E+0
3.062E+0
2.972E+0
2.979E+0
2.986E+0
2.995E+0
3.005E+0
2.903E+0
2.861E+0
2.842E+0
2.923E+0
2.913E+0
2.905E+0
2.898E+0
2.888E+0
2.877E+0
2.863E+0
2.846E+0
2.826E+0
2.914E+0
2.909E+0
2.902E+0
2.894E+0
2.884E+0
2.947E+0
3.028E+0
3.046E+0
2.966E+0
2.971E+0
2.977E+0
2.985E+0
2.993E+0
3.005E+0
3.018E+0
3.034E+0
3.056E+0
2.967E+0
2.974E+0
2.985E+0
2.993E+0
3.005E+0
2.979E+0
2.862E+0
2.843E+0
2.923E+0
2.918E+0
2.911E+0
2.904E+0
2.894E+0
2.882E+0
2.869E+0
2.851E+0
2.832E+0
2.919E+0
2.914E+0
2.907E+0
2.899E+0
2.890E+0
2.877E+0
3.032E+0
3.050E+0
2.971E+0
2.976E+0
2.982E+0
2.985E+0
2.993E+0
3.004E+0
3.018E+0
3.034E+0
3.055E+0
2.967E+0
2.973E+0
2.981E+0
2.988E+0
2.999E+0
3.012E+0
2.857E+0
2.839E+0
2.917E+0
2.913E+0
2.906E+0
2.898E+0
2.889E+0
2.877E+0
2.865E+0
2.848E+0
2.827E+0
2.915E+0
2.909E+0
2.903E+0
2.894E+0
2.889E+0
2.877E+0
3.030E+0
3.050E+0
2.970E+0
2.976E+0
2.982E+0
2.989E+0
2.998E+0
3.008E+0
3.022E+0
3.038E+0
3.059E+0
2.972E+0
2.977E+0
2.985E+0
2.993E+0
3.004E+0
3.016E+0
2.863E+0
2.845E+0
2.923E+0
2.918E+0
2.912E+0
2.904E+0
2.896E+0
2.884E+0
2.865E+0
2.849E+0
2.828E+0
2.915E+0
2.909E+0
2.903E+0
2.895E+0
2.885E+0
2.873E+0
3.024E+0
3.044E+0
2.965E+0
2.970E+0
2.977E+0
2.983E+0
2.992E+0
3.003E+0
3.017E+0
3.033E+0
3.053E+0
2.967E+0
2.972E+0
2.980E+0
2.988E+0
2.998E+0
3.011E+0
2.859E+0
2.845E+0
2.924E+0
2.918E+0
2.912E+0
2.904E+0
2.895E+0
2.884E+0
2.870E+0
2.855E+0
2.834E+0
2.920E+0
2.915E+0
2.908E+0
2.901E+0
2.890E+0
2.878E+0
3.028E+0
3.048E+0
2.971E+0
2.975E+0
2.981E+0
2.988E+0
2.997E+0
3.008E+0
3.020E+0
3.037E+0
3.054E+0
2.967E+0
2.972E+0
2.979E+0
2.988E+0
2.998E+0
3.010E+0
2.862E+0
2.841E+0
2.919E+0
2.913E+0
2.907E+0
2.900E+0
2.890E+0
2.880E+0
2.865E+0
2.850E+0
2.830E+0
2.915E+0
2.910E+0
2.903E+0
2.896E+0
2.886E+0
2.874E+0
3.020E+0
3.041E+0
2.965E+0
2.970E+0
2.980E+0
2.988E+0
2.996E+0
3.007E+0
3.020E+0
3.036E+0
3.056E+0
2.971E+0
2.977E+0
2.983E+0
2.992E+0
3.002E+0
3.014E+0
2.872E+0
2.847E+0
2.924E+0
2.919E+0
2.912E+0
2.905E+0
2.896E+0
2.885E+0
2.872E+0
2.856E+0
2.836E+0
2.920E+0
2.916E+0
2.904E+0
2.896E+0
2.887E+0
2.874E+0
3.010E+0
3.041E+0
2.965E+0
2.970E+0
2.975E+0
2.983E+0
2.991E+0
3.002E+0
3.015E+0
3.030E+0
3.050E+0
2.966E+0
2.971E+0
2.979E+0
2.986E+0
2.997E+0
3.009E+0
2.883E+0
2.843E+0
2.919E+0
2.914E+0
2.908E+0
2.901E+0
2.896E+0
2.885E+0
2.872E+0
2.856E+0
2.837E+0
2.920E+0
2.916E+0
2.909E+0
2.901E+0
2.892E+0
2.879E+0
2.997E+0
3.045E+0
2.969E+0
2.975E+0
2.980E+0
2.987E+0
2.996E+0
3.006E+0
3.020E+0
3.034E+0
3.054E+0
2.971E+0
2.976E+0
2.983E+0
2.991E+0
3.002E+0
3.009E+0
2.936E+0
2.844E+0
2.918E+0
2.915E+0
2.908E+0
2.901E+0
2.892E+0
2.881E+0
2.868E+0
2.852E+0
2.833E+0
2.916E+0
2.910E+0
2.905E+0
2.896E+0
2.888E+0
2.876E+0
2.904E+0
3.040E+0
2.987E+0
2.970E+0
2.975E+0
2.981E+0
2.991E+0
3.000E+0
3.014E+0
3.034E+0
3.053E+0
2.971E+0
2.975E+0
2.983E+0
2.991E+0
3.001E+0
3.013E+0
3.027E+0
2.850E+0
2.861E+0
2.920E+0
2.914E+0
2.906E+0
2.898E+0
2.886E+0
2.874E+0
2.858E+0
2.839E+0
2.921E+0
2.915E+0
2.910E+0
2.902E+0
2.892E+0
2.882E+0
2.867E+0
3.040E+0
3.050E+0
2.970E+0
2.975E+0
2.981E+0
2.990E+0
3.000E+0
3.013E+0
3.029E+0
3.047E+0
2.966E+0
2.971E+0
2.977E+0
2.986E+0
2.995E+0
3.007E+0
3.021E+0
2.846E+0
2.828E+0
2.914E+0
2.909E+0
2.901E+0
2.893E+0
2.882E+0
2.869E+0
2.854E+0
2.834E+0
2.916E+0
2.915E+0
2.909E+0
2.903E+0
2.893E+0
2.882E+0
2.868E+0
3.042E+0
3.063E+0
2.973E+0
2.980E+0
2.986E+0
2.995E+0
3.005E+0
3.017E+0
3.033E+0
3.051E+0
2.970E+0
2.976E+0
2.982E+0
2.990E+0
2.999E+0
3.012E+0
3.026E+0
2.852E+0
2.832E+0
2.920E+0
2.910E+0
2.902E+0
2.893E+0
2.883E+0
2.870E+0
2.855E+0
2.836E+0
2.916E+0
2.911E+0
2.905E+0
2.897E+0
2.888E+0
2.877E+0
2.864E+0
3.036E+0
3.058E+0
2.968E+0
2.975E+0
2.981E+0
2.988E+0
3.000E+0
3.011E+0
3.027E+0
3.045E+0
2.965E+0
2.971E+0
2.977E+0
2.989E+0
2.999E+0
3.010E+0
3.025E+0
2.854E+0
2.832E+0
2.920E+0
2.914E+0
2.908E+0
2.898E+0
2.888E+0
2.875E+0
2.860E+0
2.842E+0
2.921E+0
2.917E+0
2.910E+0
2.903E+0
2.894E+0
2.882E+0
2.869E+0
3.037E+0
3.062E+0
2.974E+0
2.979E+0
2.986E+0
2.994E+0
2.999E+0
3.011E+0
3.026E+0
3.045E+0
2.965E+0
2.970E+0
2.976E+0
2.984E+0
2.994E+0
3.005E+0
3.020E+0
2.853E+0
2.827E+0
2.916E+0
2.909E+0
2.903E+0
2.894E+0
2.884E+0
2.872E+0
2.855E+0
2.837E+0
2.916E+0
2.912E+0
2.906E+0
2.897E+0
2.890E+0
2.878E+0
2.870E+0
3.033E+0
3.060E+0
2.974E+0
2.978E+0
2.986E+0
2.993E+0
3.003E+0
3.016E+0
3.030E+0
3.048E+0
2.969E+0
2.974E+0
2.981E+0
2.988E+0
2.999E+0
3.010E+0
3.023E+0
2.871E+0
2.833E+0
2.921E+0
2.915E+0
2.908E+0
2.900E+0
2.889E+0
2.877E+0
2.857E+0
2.839E+0
2.917E+0
2.912E+0
2.906E+0
2.898E+0
2.890E+0
2.879E+0
2.865E+0
3.009E+0
3.055E+0
2.968E+0
2.974E+0
2.980E+0
2.989E+0
2.997E+0
3.010E+0
3.024E+0
3.043E+0
2.965E+0
2.969E+0
2.976E+0
2.983E+0
2.993E+0
3.004E+0
3.017E+0
2.885E+0
2.832E+0
2.921E+0
2.915E+0
2.908E+0
2.900E+0
2.889E+0
2.878E+0
2.863E+0
2.843E+0
2.923E+0
2.917E+0
2.911E+0
2.904E+0
2.895E+0
2.885E+0
2.871E+0
2.954E+0
3.059E+0
2.973E+0
2.979E+0
2.984E+0
2.993E+0
3.002E+0
3.014E+0
3.029E+0
3.047E+0
2.970E+0
2.969E+0
2.976E+0
2.984E+0
2.992E+0
3.004E+0
3.017E+0
2.985E+0
2.830E+0
2.916E+0
2.910E+0
2.904E+0
2.895E+0
2.885E+0
2.873E+0
2.859E+0
2.839E+0
2.917E+0
2.912E+0
2.906E+0
2.899E+0
2.890E+0
2.880E+0
2.866E+0
2.850E+0
3.053E+0
2.967E+0
2.974E+0
2.984E+0
2.992E+0
3.002E+0
3.013E+0
3.028E+0
3.046E+0
2.969E+0
2.974E+0
2.980E+0
2.988E+0
2.996E+0
3.008E+0
3.021E+0
3.037E+0
2.837E+0
2.921E+0
2.916E+0
2.909E+0
2.900E+0
2.891E+0
2.878E+0
2.864E+0
2.846E+0
2.922E+0
2.918E+0
2.912E+0
2.905E+0
2.891E+0
2.880E+0
2.867E+0
2.851E+0
3.052E+0
2.967E+0
2.973E+0
2.979E+0
2.986E+0
2.997E+0
3.008E+0
3.023E+0
3.040E+0
2.963E+0
2.969E+0
2.974E+0
2.982E+0
2.992E+0
3.002E+0
3.016E+0
3.032E+0
2.833E+0
2.917E+0
2.911E+0
2.904E+0
2.896E+0
2.886E+0
2.879E+0
2.864E+0
2.847E+0
2.922E+0
2.918E+0
2.912E+0
2.905E+0
2.896E+0
2.885E+0
2.873E+0
2.857E+0
3.055E+0
2.972E+0
2.977E+0
2.985E+0
2.991E+0
3.001E+0
3.012E+0
3.027E+0
3.045E+0
2.968E+0
2.974E+0
2.980E+0
2.987E+0
2.997E+0
3.007E+0
3.016E+0
3.032E+0
2.835E+0
2.917E+0
2.911E+0
2.905E+0
2.897E+0
2.887E+0
2.875E+0
2.859E+0
2.843E+0
2.918E+0
2.913E+0
2.907E+0
2.900E+0
2.892E+0
2.881E+0
2.868E+0
2.853E+0
3.048E+0
2.967E+0
2.972E+0
2.979E+0
2.986E+0
2.996E+0
3.008E+0
3.021E+0
3.043E+0
2.967E+0
2.973E+0
2.979E+0
2.986E+0
2.996E+0
3.006E+0
3.019E+0
3.036E+0
2.842E+0
2.922E+0
2.916E+0
2.910E+0
2.902E+0
2.891E+0
2.881E+0
2.866E+0
2.848E+0
2.907E+0
2.918E+0
2.913E+0
2.905E+0
2.897E+0
2.887E+0
2.874E+0
2.859E+0
3.048E+0
2.967E+0
2.972E+0
2.978E+0
2.986E+0
2.995E+0
3.007E+0
3.021E+0
3.038E+0
3.030E+0
2.968E+0
2.974E+0
2.981E+0
2.990E+0
3.001E+0
3.013E+0
3.030E+0
2.843E+0
2.917E+0
2.912E+0
2.905E+0
2.898E+0
2.887E+0
2.876E+0
2.862E+0
2.844E+0
2.835E+0
2.913E+0
2.913E+0
2.906E+0
2.897E+0
2.888E+0
2.874E+0
2.860E+0
3.035E+0
2.971E+0
2.977E+0
2.982E+0
2.991E+0
3.000E+0
3.011E+0
3.025E+0
3.041E+0
3.060E+0
2.972E+0
2.979E+0
2.986E+0
2.994E+0
3.005E+0
3.018E+0
3.034E+0
2.871E+0
2.922E+0
2.918E+0
2.908E+0
2.899E+0
2.889E+0
2.877E+0
2.863E+0
2.844E+0
2.825E+0
2.914E+0
2.908E+0
2.901E+0
2.892E+0
2.883E+0
2.870E+0
2.854E+0
3.007E+0
2.966E+0
2.972E+0
2.978E+0
2.985E+0
2.995E+0
3.006E+0
3.020E+0
3.036E+0
3.057E+0
2.968E+0
2.973E+0
2.981E+0
2.989E+0
3.005E+0
3.018E+0
3.033E+0
2.939E+0
2.923E+0
2.918E+0
2.911E+0
2.903E+0
2.894E+0
2.882E+0
2.868E+0
2.851E+0
2.830E+0
2.919E+0
2.913E+0
2.907E+0
2.898E+0
2.888E+0
2.876E+0
2.860E+0
2.899E+0
2.971E+0
2.977E+0
2.983E+0
2.990E+0
3.000E+0
3.005E+0
3.019E+0
3.036E+0
3.056E+0
2.968E+0
2.973E+0
2.980E+0
2.989E+0
2.999E+0
3.012E+0
3.027E+0
3.047E+0
2.918E+0
2.912E+0
2.907E+0
2.898E+0
2.890E+0
2.877E+0
2.863E+0
2.847E+0
2.825E+0
2.915E+0
2.908E+0
2.902E+0
2.894E+0
2.883E+0
2.872E+0
2.860E+0
2.843E+0
2.971E+0
2.976E+0
2.983E+0
2.989E+0
2.999E+0
3.010E+0
3.023E+0
3.040E+0
3.060E+0
2.972E+0
2.978E+0
2.985E+0
2.994E+0
3.003E+0
3.017E+0
3.032E+0
3.051E+0
2.924E+0
2.918E+0
2.912E+0
2.904E+0
2.895E+0
2.883E+0
2.869E+0
2.853E+0
2.827E+0
2.915E+0
2.909E+0
2.902E+0
2.894E+0
2.884E+0
2.872E+0
2.857E+0
2.839E+0
2.966E+0
2.971E+0
2.978E+0
2.985E+0
2.993E+0
3.005E+0
3.017E+0
3.034E+0
3.054E+0
2.967E+0
2.973E+0
2.979E+0
2.988E+0
2.998E+0
3.010E+0
3.026E+0
3.044E+0
2.920E+0
2.918E+0
2.911E+0
2.904E+0
2.894E+0
2.884E+0
2.870E+0
2.853E+0
2.833E+0
2.919E+0
2.914E+0
2.907E+0
2.899E+0
2.889E+0
2.877E+0
2.863E+0
2.844E+0
2.969E+0
2.976E+0
2.982E+0
2.990E+0
2.998E+0
3.009E+0
3.022E+0
3.038E+0
3.058E+0
2.971E+0
2.974E+0
2.979E+0
2.988E+0
2.998E+0
3.010E+0
3.026E+0
3.044E+0
2.920E+0
2.914E+0
2.907E+0
2.900E+0
2.890E+0
2.879E+0
2.865E+0
2.849E+0
2.829E+0
2.914E+0
2.909E+0
2.902E+0
2.894E+0
2.885E+0
2.873E+0
2.858E+0
2.840E+0
2.961E+0
2.971E+0
2.976E+0
2.984E+0
2.997E+0
3.008E+0
3.022E+0
3.036E+0
3.057E+0
2.971E+0
2.977E+0
2.984E+0
2.991E+0
3.002E+0
3.014E+0
3.029E+0
3.048E+0
2.930E+0
2.919E+0
2.912E+0
2.906E+0
2.896E+0
2.884E+0
2.872E+0
2.855E+0
2.835E+0
2.920E+0
2.914E+0
2.909E+0
2.900E+0
2.886E+0
2.874E+0
2.859E+0
2.842E+0
2.956E+0
2.970E+0
2.976E+0
2.984E+0
2.992E+0
3.002E+0
3.016E+0
3.032E+0
3.051E+0
2.966E+0
2.971E+0
2.979E+0
2.986E+0
2.997E+0
3.009E+0
3.024E+0
3.043E+0
2.940E+0
2.914E+0
2.908E+0
2.900E+0
2.892E+0
2.880E+0
2.872E+0
2.855E+0
2.835E+0
2.920E+0
2.914E+0
2.908E+0
2.900E+0
2.891E+0
2.879E+0
2.864E+0
2.847E+0
2.936E+0
2.975E+0
2.981E+0
2.988E+0
2.997E+0
3.007E+0
3.020E+0
3.036E+0
3.055E+0
2.971E+0
2.976E+0
2.983E+0
2.991E+0
3.001E+0
3.014E+0
3.028E+0
3.042E+0
2.965E+0
2.914E+0
2.909E+0
2.900E+0
2.892E+0
2.881E+0
2.868E+0
2.852E+0
2.831E+0
2.916E+0
2.910E+0
2.903E+0
2.896E+0
2.885E+0
2.875E+0
2.860E+0
2.843E+0
2.919E+0
2.969E+0
2.976E+0
2.983E+0
2.991E+0
3.002E+0
3.015E+0
3.030E+0
3.050E+0
2.971E+0
2.976E+0
2.982E+0
2.991E+0
3.000E+0
3.013E+0
3.027E+0
3.045E+0
2.970E+0
2.919E+0
2.914E+0
2.906E+0
2.897E+0
2.886E+0
2.873E+0
2.858E+0
2.837E+0
2.921E+0
2.916E+0
2.908E+0
2.902E+0
2.891E+0
2.880E+0
2.866E+0
2.849E+0
2.924E+0
2.971E+0
2.976E+0
2.983E+0
2.991E+0
3.002E+0
3.014E+0
3.030E+0
3.049E+0
2.966E+0
2.971E+0
2.977E+0
2.986E+0
2.995E+0
3.007E+0
3.022E+0
3.039E+0
2.988E+0
2.915E+0
2.909E+0
2.901E+0
2.892E+0
2.882E+0
2.869E+0
2.853E+0
2.833E+0
2.915E+0
2.911E+0
2.906E+0
2.901E+0
2.892E+0
2.880E+0
2.867E+0
2.849E+0
2.860E+0
2.974E+0
2.980E+0
2.987E+0
2.995E+0
3.006E+0
3.018E+0
3.034E+0
3.053E+0
2.970E+0
2.976E+0
2.982E+0
2.990E+0
3.000E+0
3.011E+0
3.026E+0
3.043E+0
3.055E+0
2.921E+0
2.914E+0
2.908E+0
2.893E+0
2.883E+0
2.870E+0
2.853E+0
2.835E+0
2.916E+0
2.911E+0
2.904E+0
2.896E+0
2.887E+0
2.876E+0
2.862E+0
2.845E+0
2.827E+0
2.968E+0
2.974E+0
2.982E+0
2.991E+0
3.001E+0
3.014E+0
3.028E+0
3.047E+0
2.965E+0
2.971E+0
2.977E+0
2.984E+0
2.995E+0
3.010E+0
3.025E+0
3.043E+0
3.063E+0
2.922E+0
2.914E+0
2.907E+0
2.899E+0
2.888E+0
2.876E+0
2.859E+0
2.840E+0
2.921E+0
2.916E+0
2.910E+0
2.901E+0
2.893E+0
2.881E+0
2.868E+0
2.851E+0
2.830E+0
2.972E+0
2.979E+0
2.987E+0
2.995E+0
3.005E+0
3.018E+0
3.028E+0
3.046E+0
2.965E+0
2.970E+0
2.977E+0
2.984E+0
2.994E+0
3.005E+0
3.019E+0
3.037E+0
3.058E+0
2.920E+0
2.910E+0
2.902E+0
2.894E+0
2.883E+0
2.871E+0
2.855E+0
2.836E+0
2.917E+0
2.911E+0
2.905E+0
2.897E+0
2.888E+0
2.877E+0
2.863E+0
2.847E+0
2.831E+0
2.966E+0
2.980E+0
2.986E+0
2.995E+0
3.004E+0
3.017E+0
3.032E+0
3.050E+0
2.970E+0
2.974E+0
2.981E+0
2.989E+0
2.998E+0
3.010E+0
3.023E+0
3.041E+0
3.062E+0
2.930E+0
2.915E+0
2.908E+0
2.900E+0
2.889E+0
2.876E+0
2.861E+0
2.842E+0
2.918E+0
2.912E+0
2.906E+0
2.898E+0
2.888E+0
2.878E+0
2.864E+0
2.847E+0
2.828E+0
2.944E+0
2.974E+0
2.981E+0
2.990E+0
2.999E+0
3.011E+0
3.027E+0
3.044E+0
2.965E+0
2.969E+0
2.976E+0
2.984E+0
2.992E+0
3.004E+0
3.018E+0
3.035E+0
3.056E+0
2.954E+0
2.914E+0
2.907E+0
2.899E+0
2.890E+0
2.876E+0
2.862E+0
2.843E+0
2.922E+0
2.917E+0
2.910E+0
2.903E+0
2.894E+0
2.883E+0
2.870E+0
2.853E+0
2.833E+0
2.920E+0
2.979E+0
2.986E+0
2.994E+0
3.004E+0
3.016E+0
3.031E+0
3.048E+0
2.970E+0
2.975E+0
2.980E+0
2.984E+0
2.992E+0
3.004E+0
3.018E+0
3.034E+0
3.055E+0
2.968E+0
2.910E+0
2.904E+0
2.894E+0
2.885E+0
2.872E+0
2.857E+0
2.839E+0
2.917E+0
2.913E+0
2.906E+0
2.899E+0
2.890E+0
2.878E+0
2.866E+0
2.849E+0
2.829E+0
2.916E+0
2.973E+0
2.981E+0
2.988E+0
3.003E+0
3.015E+0
3.029E+0
3.048E+0
2.969E+0
2.975E+0
2.980E+0
2.988E+0
2.997E+0
3.008E+0
3.022E+0
3.038E+0
3.059E+0
2.973E+0
2.915E+0
2.909E+0
2.900E+0
2.891E+0
2.878E+0
2.863E+0
2.845E+0
2.922E+0
2.917E+0
2.911E+0
2.904E+0
2.895E+0
2.881E+0
2.866E+0
2.850E+0
2.830E+0
2.916E+0
2.973E+0
2.980E+0
2.988E+0
2.998E+0
3.010E+0
3.024E+0
3.042E+0
2.964E+0
2.969E+0
2.975E+0
2.982E+0
2.992E+0
3.002E+0
3.016E+0
3.033E+0
3.053E+0
2.968E+0
2.911E+0
2.904E+0
2.896E+0
2.886E+0
2.874E+0
2.858E+0
2.846E+0
2.922E+0
2.917E+0
2.912E+0
2.904E+0
2.896E+0
2.884E+0
2.871E+0
2.856E+0
2.835E+0
2.921E+0
2.977E+0
2.985E+0
2.993E+0
3.002E+0
3.015E+0
3.028E+0
3.046E+0
2.969E+0
2.973E+0
2.980E+0
2.987E+0
2.996E+0
3.007E+0
3.020E+0
3.037E+0
3.053E+0
2.968E+0
2.912E+0
2.904E+0
2.897E+0
2.886E+0
2.875E+0
2.859E+0
2.842E+0
2.918E+0
2.912E+0
2.907E+0
2.899E+0
2.891E+0
2.880E+0
2.867E+0
2.851E+0
2.831E+0
2.916E+0
2.970E+0
2.979E+0
2.988E+0
2.997E+0
3.009E+0
3.023E+0
3.040E+0
2.964E+0
2.972E+0
2.979E+0
2.986E+0
2.995E+0
3.007E+0
3.020E+0
3.036E+0
3.056E+0
2.972E+0
2.919E+0
2.909E+0
2.902E+0
2.891E+0
2.880E+0
2.866E+0
2.847E+0
2.923E+0
2.918E+0
2.912E+0
2.905E+0
2.896E+0
2.886E+0
2.872E+0
2.857E+0
2.838E+0
2.921E+0
2.972E+0
2.979E+0
2.987E+0
2.997E+0
3.008E+0
3.023E+0
3.039E+0
2.964E+0
2.968E+0
2.974E+0
2.981E+0
2.990E+0
3.001E+0
3.014E+0
3.030E+0
3.050E+0
2.966E+0
2.920E+0
2.905E+0
2.897E+0
2.887E+0
2.875E+0
2.861E+0
2.843E+0
2.918E+0
2.913E+0
2.907E+0
2.901E+0
2.896E+0
2.886E+0
2.873E+0
2.857E+0
2.839E+0
2.921E+0
2.965E+0
2.984E+0
2.991E+0
3.002E+0
3.012E+0
3.027E+0
3.043E+0
2.992E+0
2.974E+0
2.978E+0
2.986E+0
2.995E+0
3.006E+0
3.019E+0
3.034E+0
3.054E+0
2.972E+0
2.945E+0
2.910E+0
2.902E+0
2.890E+0
2.876E+0
2.862E+0
2.844E+0
2.857E+0
2.914E+0
2.907E+0
2.901E+0
2.892E+0
2.882E+0
2.869E+0
2.853E+0
2.834E+0
2.917E+0
2.928E+0
2.979E+0
2.986E+0
2.996E+0
3.007E+0
3.020E+0
3.038E+0
3.049E+0
2.968E+0
2.974E+0
2.980E+0
2.989E+0
3.000E+0
3.014E+0
3.034E+0
3.053E+0
2.971E+0
2.977E+0
2.911E+0
2.903E+0
2.893E+0
2.882E+0
2.867E+0
2.850E+0
2.831E+0
2.919E+0
2.913E+0
2.906E+0
2.898E+0
2.886E+0
2.874E+0
2.859E+0
2.840E+0
2.922E+0
2.916E+0
2.983E+0
2.991E+0
3.001E+0
3.012E+0
3.025E+0
3.038E+0
3.058E+0
2.968E+0
2.973E+0
2.980E+0
2.990E+0
2.999E+0
3.012E+0
3.028E+0
3.047E+0
2.966E+0
2.971E+0
2.906E+0
2.898E+0
2.888E+0
2.877E+0
2.863E+0
2.846E+0
2.825E+0
2.914E+0
2.908E+0
2.901E+0
2.893E+0
2.882E+0
2.870E+0
2.855E+0
2.836E+0
2.922E+0
2.917E+0
2.982E+0
2.991E+0
2.999E+0
3.012E+0
3.024E+0
3.041E+0
3.062E+0
2.972E+0
2.978E+0
2.985E+0
2.993E+0
3.004E+0
3.017E+0
3.033E+0
3.051E+0
2.971E+0
2.976E+0
2.912E+0
2.904E+0
2.894E+0
2.883E+0
2.869E+0
2.852E+0
2.831E+0
2.919E+0
2.909E+0
2.902E+0
2.893E+0
2.883E+0
2.870E+0
2.856E+0
2.837E+0
2.918E+0
2.913E+0
2.977E+0
2.985E+0
2.994E+0
3.006E+0
3.019E+0
3.036E+0
3.057E+0
2.967E+0
2.973E+0
2.980E+0
2.987E+0
2.999E+0
3.010E+0
3.027E+0
3.045E+0
2.966E+0
2.971E+0
2.907E+0
2.904E+0
2.894E+0
2.883E+0
2.869E+0
2.852E+0
2.832E+0
2.920E+0
2.914E+0
2.907E+0
2.898E+0
2.888E+0
2.876E+0
2.861E+0
2.843E+0
2.922E+0
2.918E+0
2.981E+0
2.990E+0
2.999E+0
3.010E+0
3.024E+0
3.039E+0
3.060E+0
2.972E+0
2.978E+0
2.985E+0
2.988E+0
2.999E+0
3.011E+0
3.026E+0
3.045E+0
2.965E+0
2.971E+0
2.909E+0
2.899E+0
2.890E+0
2.879E+0
2.865E+0
2.848E+0
2.828E+0
2.915E+0
2.909E+0
2.903E+0
2.894E+0
2.884E+0
2.872E+0
2.857E+0
2.839E+0
2.917E+0
2.913E+0
2.974E+0
2.984E+0
2.994E+0
3.006E+0
3.023E+0
3.039E+0
3.059E+0
2.972E+0
2.977E+0
2.984E+0
2.992E+0
3.002E+0
3.015E+0
3.030E+0
3.049E+0
2.970E+0
2.976E+0
2.919E+0
2.905E+0
2.896E+0
2.884E+0
2.871E+0
2.854E+0
2.834E+0
2.921E+0
2.914E+0
2.908E+0
2.900E+0
2.889E+0
2.878E+0
2.858E+0
2.840E+0
2.918E+0
2.913E+0
2.967E+0
2.984E+0
2.994E+0
3.004E+0
3.017E+0
3.034E+0
3.053E+0
2.967E+0
2.972E+0
2.979E+0
2.987E+0
2.997E+0
3.009E+0
3.024E+0
3.043E+0
2.965E+0
2.970E+0
2.921E+0
2.900E+0
2.891E+0
2.880E+0
2.866E+0
2.850E+0
2.834E+0
2.920E+0
2.914E+0
2.907E+0
2.900E+0
2.889E+0
2.878E+0
2.863E+0
2.845E+0
2.923E+0
2.917E+0
2.950E+0
2.989E+0
2.997E+0
3.009E+0
3.021E+0
3.038E+0
3.057E+0
2.972E+0
2.977E+0
2.983E+0
2.992E+0
3.001E+0
3.014E+0
3.029E+0
3.046E+0
2.970E+0
2.971E+0
2.958E+0
2.900E+0
2.891E+0
2.881E+0
2.867E+0
2.851E+0
2.831E+0
2.915E+0
2.910E+0
2.903E+0
2.895E+0
2.885E+0
2.873E+0
2.859E+0
2.841E+0
2.919E+0
2.913E+0
2.907E+0
2.984E+0
2.992E+0
3.003E+0
3.016E+0
3.032E+0
3.052E+0
2.966E+0
2.972E+0
2.983E+0
2.991E+0
3.001E+0
3.013E+0
3.029E+0
3.046E+0
2.969E+0
2.975E+0
2.981E+0
2.907E+0
2.896E+0
2.886E+0
2.872E+0
2.856E+0
2.837E+0
2.920E+0
2.916E+0
2.908E+0
2.901E+0
2.891E+0
2.878E+0
2.865E+0
2.847E+0
2.923E+0
2.919E+0
2.913E+0
2.984E+0
2.992E+0
3.003E+0
3.016E+0
3.031E+0
3.051E+0
2.966E+0
2.972E+0
2.978E+0
2.986E+0
2.996E+0
3.007E+0
3.022E+0
3.040E+0
2.964E+0
2.969E+0
2.975E+0
2.901E+0
2.891E+0
2.882E+0
2.868E+0
2.852E+0
2.833E+0
2.916E+0
2.911E+0
2.904E+0
2.895E+0
2.890E+0
2.879E+0
2.865E+0
2.848E+0
2.923E+0
2.919E+0
2.913E+0
2.987E+0
2.996E+0
3.007E+0
3.020E+0
3.035E+0
3.054E+0
2.971E+0
2.976E+0
2.983E+0
2.990E+0
3.000E+0
3.012E+0
3.026E+0
3.044E+0
2.968E+0
2.975E+0
2.980E+0
2.907E+0
2.898E+0
2.887E+0
2.870E+0
2.853E+0
2.833E+0
2.917E+0
2.910E+0
2.904E+0
2.896E+0
2.887E+0
2.875E+0
2.860E+0
2.844E+0
2.899E+0
2.914E+0
2.908E+0
2.981E+0
2.991E+0
3.001E+0
3.015E+0
3.029E+0
3.048E+0
2.966E+0
2.970E+0
2.977E+0
2.985E+0
2.994E+0
3.007E+0
3.020E+0
3.043E+0
3.035E+0
2.974E+0
2.980E+0
2.907E+0
2.899E+0
2.887E+0
2.874E+0
2.859E+0
2.839E+0
2.922E+0
2.916E+0
2.910E+0
2.901E+0
2.892E+0
2.881E+0
2.866E+0
2.850E+0
2.839E+0
2.919E+0
2.914E+0
2.984E+0
2.996E+0
3.006E+0
3.019E+0
3.035E+0
3.051E+0
2.966E+0
2.971E+0
2.977E+0
2.985E+0
2.993E+0
3.006E+0
3.019E+0
3.038E+0
3.055E+0
2.968E+0
2.975E+0
2.905E+0
2.893E+0
2.883E+0
2.870E+0
2.855E+0
2.835E+0
2.917E+0
2.911E+0
2.905E+0
2.897E+0
2.887E+0
2.876E+0
2.862E+0
2.845E+0
2.826E+0
2.914E+0
2.914E+0
2.979E+0
2.995E+0
3.005E+0
3.018E+0
3.034E+0
3.052E+0
2.971E+0
2.976E+0
2.981E+0
2.990E+0
2.998E+0
3.010E+0
3.024E+0
3.041E+0
3.063E+0
2.973E+0
2.980E+0
2.919E+0
2.898E+0
2.889E+0
2.875E+0
2.860E+0
2.841E+0
2.922E+0
2.917E+0
2.905E+0
2.898E+0
2.888E+0
2.876E+0
2.863E+0
2.845E+0
2.825E+0
2.915E+0
2.909E+0
2.966E+0
2.989E+0
3.001E+0
3.013E+0
3.028E+0
3.046E+0
2.965E+0
2.971E+0
2.976E+0
2.984E+0
2.993E+0
3.005E+0
3.019E+0
3.035E+0
3.056E+0
2.968E+0
2.974E+0
2.939E+0
2.898E+0
2.889E+0
2.876E+0
2.861E+0
2.843E+0
2.922E+0
2.917E+0
2.910E+0
2.903E+0
2.893E+0
2.881E+0
2.869E+0
2.851E+0
2.831E+0
2.920E+0
2.914E+0
2.929E+0
2.994E+0
3.005E+0
3.017E+0
3.032E+0
3.051E+0
2.970E+0
2.975E+0
2.981E+0
2.989E+0
2.998E+0
3.005E+0
3.018E+0
3.035E+0
3.056E+0
2.968E+0
2.973E+0
2.981E+0
2.894E+0
2.884E+0
2.872E+0
2.856E+0
2.838E+0
2.917E+0
2.912E+0
2.906E+0
2.897E+0
2.889E+0
2.877E+0
2.864E+0
2.847E+0
2.827E+0
2.916E+0
2.909E+0
2.903E+0
2.989E+0
2.999E+0
3.012E+0
3.031E+0
3.050E+0
2.970E+0
2.975E+0
2.981E+0
2.988E+0
2.998E+0
3.008E+0
3.022E+0
3.039E+0
3.059E+0
2.973E+0
2.978E+0
2.985E+0
2.901E+0
2.890E+0
2.878E+0
2.862E+0
2.844E+0
2.923E+0
2.917E+0
2.911E+0
2.903E+0
2.895E+0
2.883E+0
2.869E+0
2.851E+0
2.828E+0
2.915E+0
2.910E+0
2.903E+0
2.989E+0
2.998E+0
3.011E+0
3.026E+0
3.043E+0
2.965E+0
2.969E+0
2.976E+0
2.983E+0
2.992E+0
3.003E+0
3.016E+0
3.034E+0
3.053E+0
2.967E+0
2.973E+0
2.980E+0
2.896E+0
2.885E+0
2.873E+0
2.858E+0
2.840E+0
2.918E+0
2.917E+0
2.911E+0
2.904E+0
2.894E+0
2.884E+0
2.870E+0
2.854E+0
2.834E+0
2.920E+0
2.915E+0
2.908E+0
2.993E+0
3.003E+0
3.015E+0
3.030E+0
3.047E+0
2.970E+0
2.974E+0
2.980E+0
2.988E+0
2.996E+0
3.008E+0
3.021E+0
3.037E+0
3.058E+0
2.972E+0
2.974E+0
2.980E+0
2.897E+0
2.886E+0
2.874E+0
2.859E+0
2.840E+0
2.918E+0
2.913E+0
2.907E+0
2.900E+0
2.890E+0
2.879E+0
2.866E+0
2.850E+0
2.830E+0
2.915E+0
2.911E+0
2.904E+0
2.986E+0
2.998E+0
3.009E+0
3.025E+0
3.041E+0
2.965E+0
2.969E+0
2.975E+0
2.987E+0
2.996E+0
3.007E+0
3.020E+0
3.036E+0
3.057E+0
2.972E+0
2.978E+0
2.984E+0
2.904E+0
2.892E+0
2.879E+0
2.865E+0
2.847E+0
2.923E+0
2.919E+0
2.912E+0
2.905E+0
2.895E+0
2.884E+0
2.872E+0
2.855E+0
2.836E+0
2.921E+0
2.915E+0
2.909E+0
2.988E+0
2.998E+0
3.009E+0
3.024E+0
3.042E+0
2.964E+0
2.970E+0
2.975E+0
2.982E+0
2.991E+0
3.001E+0
3.015E+0
3.031E+0
3.051E+0
2.967E+0
2.972E+0
2.980E+0
2.904E+0
2.887E+0
2.874E+0
2.860E+0
2.843E+0
2.918E+0
2.914E+0
2.907E+0
2.900E+0
2.891E+0
2.880E+0
2.872E+0
2.855E+0
2.836E+0
2.921E+0
2.915E+0
2.910E+0
2.979E+0
3.002E+0
3.014E+0
3.028E+0
3.046E+0
2.969E+0
2.974E+0
2.979E+0
2.986E+0
2.996E+0
3.005E+0
3.020E+0
3.035E+0
3.055E+0
2.972E+0
2.977E+0
2.984E+0
2.919E+0
2.893E+0
2.881E+0
2.862E+0
2.844E+0
2.919E+0
2.914E+0
2.908E+0
2.900E+0
2.892E+0
2.880E+0
2.868E+0
2.852E+0
2.832E+0
2.917E+0
2.911E+0
2.905E+0
2.945E+0
2.996E+0
3.009E+0
3.022E+0
3.040E+0
2.963E+0
2.969E+0
2.975E+0
2.981E+0
2.990E+0
3.000E+0
3.013E+0
3.029E+0
3.051E+0
2.971E+0
2.976E+0
2.984E+0
2.967E+0
2.892E+0
2.881E+0
2.866E+0
2.849E+0
2.908E+0
2.919E+0
2.914E+0
2.905E+0
2.896E+0
2.886E+0
2.873E+0
2.858E+0
2.839E+0
2.921E+0
2.916E+0
2.910E+0
2.903E+0
3.000E+0
3.013E+0
3.027E+0
3.044E+0
3.037E+0
2.969E+0
2.975E+0
2.981E+0
2.990E+0
3.000E+0
3.012E+0
3.029E+0
3.048E+0
2.966E+0
2.972E+0
2.978E+0
2.987E+0
2.888E+0
2.877E+0
2.862E+0
2.844E+0
2.836E+0
2.914E+0
2.908E+0
2.901E+0
2.892E+0
2.882E+0
2.868E+0
2.853E+0
2.834E+0
2.916E+0
2.912E+0
2.909E+0
2.902E+0
3.000E+0
3.012E+0
3.027E+0
3.043E+0
3.061E+0
2.973E+0
2.979E+0
2.986E+0
2.994E+0
3.005E+0
3.017E+0
3.033E+0
3.052E+0
2.970E+0
2.977E+0
2.982E+0
2.991E+0
2.894E+0
2.881E+0
2.868E+0
2.850E+0
2.831E+0
2.920E+0
2.914E+0
2.907E+0
2.893E+0
2.882E+0
2.869E+0
2.854E+0
2.836E+0
2.916E+0
2.912E+0
2.905E+0
2.898E+0
2.995E+0
3.006E+0
3.020E+0
3.038E+0
3.057E+0
2.968E+0
2.973E+0
2.981E+0
2.988E+0
2.999E+0
3.012E+0
3.026E+0
3.047E+0
2.965E+0
2.971E+0
2.978E+0
2.985E+0
2.890E+0
2.882E+0
2.868E+0
2.851E+0
2.831E+0
2.920E+0
2.913E+0
2.907E+0
2.898E+0
2.887E+0
2.875E+0
2.859E+0
2.841E+0
2.922E+0
2.917E+0
2.911E+0
2.903E+0
2.999E+0
3.011E+0
3.025E+0
3.042E+0
3.061E+0
2.974E+0
2.978E+0
2.985E+0
2.994E+0
3.003E+0
3.013E+0
3.026E+0
3.045E+0
2.966E+0
2.971E+0
2.977E+0
2.984E+0
2.891E+0
2.878E+0
2.864E+0
2.848E+0
2.826E+0
2.915E+0
2.909E+0
2.902E+0
2.893E+0
2.883E+0
2.871E+0
2.855E+0
2.838E+0
2.917E+0
2.912E+0
2.906E+0
2.899E+0
2.992E+0
3.006E+0
3.019E+0
3.040E+0
3.061E+0
2.973E+0
2.978E+0
2.984E+0
2.994E+0
3.002E+0
3.015E+0
3.030E+0
3.049E+0
2.970E+0
2.975E+0
2.982E+0
2.989E+0
2.899E+0
2.884E+0
2.869E+0
2.854E+0
2.833E+0
2.920E+0
2.915E+0
2.907E+0
2.899E+0
2.889E+0
2.876E+0
2.861E+0
2.843E+0
2.918E+0
2.912E+0
2.906E+0
2.899E+0
2.984E+0
3.005E+0
3.018E+0
3.035E+0
3.055E+0
2.968E+0
2.973E+0
2.979E+0
2.988E+0
2.998E+0
3.010E+0
3.025E+0
3.043E+0
2.965E+0
2.970E+0
2.977E+0
2.985E+0
2.905E+0
2.880E+0
2.865E+0
2.849E+0
2.829E+0
2.915E+0
2.914E+0
2.907E+0
2.899E+0
2.889E+0
2.877E+0
2.862E+0
2.844E+0
2.923E+0
2.917E+0
2.911E+0
2.904E+0
2.978E+0
3.010E+0
3.023E+0
3.039E+0
3.059E+0
2.972E+0
2.978E+0
2.984E+0
2.992E+0
3.002E+0
3.014E+0
3.030E+0
3.048E+0
2.970E+0
2.975E+0
2.980E+0
2.985E+0
2.938E+0
2.880E+0
2.867E+0
2.850E+0
2.830E+0
2.916E+0
2.910E+0
2.903E+0
2.894E+0
2.885E+0
2.872E+0
2.858E+0
2.840E+0
2.917E+0
2.913E+0
2.906E+0
2.900E+0
2.918E+0
3.004E+0
3.017E+0
3.033E+0
3.054E+0
2.967E+0
2.972E+0
2.979E+0
2.986E+0
3.002E+0
3.013E+0
3.028E+0
3.046E+0
2.969E+0
2.975E+0
2.980E+0
2.989E+0
2.998E+0
2.885E+0
2.872E+0
2.855E+0
2.836E+0
2.921E+0
2.915E+0
2.908E+0
2.900E+0
2.890E+0
2.877E+0
2.863E+0
2.845E+0
2.922E+0
2.918E+0
2.912E+0
2.905E+0
2.896E+0
3.004E+0
3.017E+0
3.032E+0
3.053E+0
2.967E+0
2.972E+0
2.979E+0
2.986E+0
2.996E+0
3.008E+0
3.023E+0
3.041E+0
2.964E+0
2.969E+0
2.976E+0
2.983E+0
2.993E+0
2.881E+0
2.868E+0
2.851E+0
2.831E+0
2.917E+0
2.910E+0
2.904E+0
2.895E+0
2.885E+0
2.873E+0
2.862E+0
2.846E+0
2.922E+0
2.918E+0
2.912E+0
2.905E+0
2.897E+0
3.007E+0
3.021E+0
3.037E+0
3.056E+0
2.972E+0
2.977E+0
2.984E+0
2.991E+0
3.001E+0
3.013E+0
3.027E+0
3.045E+0
2.968E+0
2.973E+0
2.981E+0
2.987E+0
2.997E+0
2.887E+0
2.873E+0
2.857E+0
2.833E+0
2.917E+0
2.911E+0
2.904E+0
2.896E+0
2.886E+0
2.875E+0
2.859E+0
2.842E+0
2.918E+0
2.913E+0
2.908E+0
2.900E+0
2.892E+0
3.002E+0
3.015E+0
3.032E+0
3.050E+0
2.967E+0
2.972E+0
2.978E+0
2.986E+0
2.995E+0
3.007E+0
3.021E+0
3.039E+0
2.964E+0
2.973E+0
2.980E+0
2.987E+0
2.996E+0
2.888E+0
2.873E+0
2.858E+0
2.838E+0
2.921E+0
2.916E+0
2.909E+0
2.901E+0
2.891E+0
2.880E+0
2.865E+0
2.848E+0
2.923E+0
2.918E+0
2.913E+0
2.906E+0
2.897E+0
3.005E+0
3.020E+0
3.036E+0
3.055E+0
2.972E+0
2.974E+0
2.978E+0
2.986E+0
2.995E+0
3.006E+0
3.021E+0
3.038E+0
2.986E+0
2.968E+0
2.974E+0
2.982E+0
2.991E+0
2.886E+0
2.869E+0
2.854E+0
2.834E+0
2.917E+0
2.912E+0
2.904E+0
2.896E+0
2.886E+0
2.875E+0
2.861E+0
2.843E+0
2.855E+0
2.914E+0
2.908E+0
2.901E+0
2.897E+0
3.002E+0
3.019E+0
3.035E+0
3.054E+0
2.971E+0
2.977E+0
2.982E+0
2.991E+0
3.000E+0
3.010E+0
3.025E+0
3.042E+0
3.052E+0
2.973E+0
2.979E+0
2.987E+0
2.995E+0
2.898E+0
2.875E+0
2.859E+0
2.840E+0
2.922E+0
2.917E+0
2.910E+0
2.902E+0
2.888E+0
2.875E+0
2.862E+0
2.844E+0
2.826E+0
2.914E+0
2.908E+0
2.902E+0
2.893E+0
2.984E+0
3.014E+0
3.029E+0
3.048E+0
2.966E+0
2.971E+0
2.978E+0
2.984E+0
2.994E+0
3.005E+0
3.019E+0
3.037E+0
3.056E+0
2.968E+0
2.973E+0
2.981E+0
2.990E+0
2.906E+0
2.876E+0
2.859E+0
2.841E+0
2.922E+0
2.917E+0
2.910E+0
2.902E+0
2.893E+0
2.881E+0
2.867E+0
2.851E+0
2.830E+0
2.919E+0
2.913E+0
2.907E+0
2.899E+0
2.951E+0
3.018E+0
3.033E+0
3.052E+0
2.971E+0
2.976E+0
2.983E+0
2.990E+0
2.999E+0
3.010E+0
3.024E+0
3.036E+0
3.057E+0
2.968E+0
2.974E+0
2.981E+0
2.990E+0
2.968E+0
2.871E+0
2.856E+0
2.836E+0
2.918E+0
2.912E+0
2.906E+0
2.898E+0
2.888E+0
2.877E+0
2.863E+0
2.846E+0
2.825E+0
2.914E+0
2.909E+0
2.901E+0
2.894E+0
2.883E+0
3.013E+0
3.028E+0
3.046E+0
2.971E+0
2.975E+0
2.982E+0
2.989E+0
2.998E+0
3.010E+0
3.023E+0
3.040E+0
3.060E+0
2.972E+0
2.979E+0
2.985E+0
2.994E+0
3.005E+0
2.877E+0
2.862E+0
2.843E+0
2.923E+0
2.917E+0
2.911E+0
2.903E+0
2.893E+0
2.883E+0
2.868E+0
2.852E+0
2.832E+0
2.915E+0
2.909E+0
2.902E+0
2.894E+0
2.884E+0
3.011E+0
3.027E+0
3.045E+0
2.966E+0
2.970E+0
2.977E+0
2.984E+0
2.992E+0
3.004E+0
3.017E+0
3.034E+0
3.055E+0
2.967E+0
2.973E+0
2.980E+0
2.989E+0
2.999E+0
2.872E+0
2.858E+0
2.839E+0
2.918E+0
2.913E+0
2.907E+0
2.904E+0
2.894E+0
2.883E+0
2.869E+0
2.852E+0
2.833E+0
2.920E+0
2.915E+0
2.908E+0
2.899E+0
2.890E+0
3.015E+0
3.031E+0
3.049E+0
2.971E+0
2.976E+0
2.981E+0
2.989E+0
2.997E+0
3.008E+0
3.022E+0
3.038E+0
3.059E+0
2.972E+0
2.978E+0
2.985E+0
2.989E+0
3.000E+0
2.873E+0
2.858E+0
2.840E+0
2.918E+0
2.914E+0
2.906E+0
2.899E+0
2.890E+0
2.878E+0
2.865E+0
2.848E+0
2.828E+0
2.915E+0
2.909E+0
2.903E+0
2.894E+0
2.885E+0
3.009E+0
3.025E+0
3.044E+0
2.965E+0
2.970E+0
2.976E+0
2.983E+0
2.992E+0
3.007E+0
3.021E+0
3.037E+0
3.058E+0
2.972E+0
2.977E+0
2.985E+0
2.993E+0
3.003E+0
2.881E+0
2.863E+0
2.846E+0
2.923E+0
2.918E+0
2.912E+0
2.904E+0
2.896E+0
2.883E+0
2.871E+0
2.854E+0
2.834E+0
2.920E+0
2.914E+0
2.909E+0
2.900E+0
2.891E+0
3.012E+0
3.025E+0
3.043E+0
2.965E+0
2.970E+0
2.976E+0
2.983E+0
2.992E+0
3.002E+0
3.016E+0
3.032E+0
3.051E+0
2.967E+0
2.972E+0
2.979E+0
2.987E+0
2.998E+0
2.880E+0
2.859E+0
2.842E+0
2.919E+0
2.913E+0
2.907E+0
2.899E+0
2.891E+0
2.879E+0
2.866E+0
2.850E+0
2.834E+0
2.921E+0
2.914E+0
2.908E+0
2.901E+0
2.891E+0
3.002E+0
3.029E+0
3.047E+0
2.970E+0
2.975E+0
2.981E+0
2.987E+0
2.996E+0
3.007E+0
3.020E+0
3.037E+0
3.055E+0
2.972E+0
2.977E+0
2.983E+0
2.992E+0
3.002E+0
2.899E+0
2.865E+0
2.848E+0
2.920E+0
2.914E+0
2.908E+0
2.900E+0
2.891E+0
2.880E+0
2.866E+0
2.851E+0
2.831E+0
2.916E+0
2.910E+0
2.904E+0
2.896E+0
2.886E+0
2.983E+0
3.023E+0
3.041E+0
2.966E+0
2.969E+0
2.976E+0
2.982E+0
2.991E+0
3.002E+0
3.014E+0
3.030E+0
3.050E+0
2.966E+0
2.975E+0
2.983E+0
2.992E+0
3.001E+0
2.942E+0
2.866E+0
2.848E+0
2.924E+0
2.919E+0
2.913E+0
2.906E+0
2.896E+0
2.886E+0
2.872E+0
2.857E+0
2.837E+0
2.920E+0
2.915E+0
2.909E+0
2.902E+0
2.892E+0
2.916E+0
3.028E+0
3.045E+0
2.970E+0
2.975E+0
2.980E+0
2.983E+0
2.990E+0
3.002E+0
3.014E+0
3.029E+0
3.049E+0
2.965E+0
2.972E+0
2.978E+0
2.986E+0
2.996E+0
3.008E+0
2.862E+0
2.844E+0
2.918E+0
2.915E+0
2.907E+0
2.901E+0
2.892E+0
2.881E+0
2.868E+0
2.852E+0
2.833E+0
2.915E+0
2.911E+0
2.904E+0
2.896E+0
2.892E+0
2.880E+0
3.027E+0
3.044E+0
2.994E+0
2.974E+0
2.979E+0
2.987E+0
2.995E+0
3.005E+0
3.018E+0
3.034E+0
3.053E+0
2.970E+0
2.976E+0
2.983E+0
2.990E+0
3.001E+0
3.012E+0
2.867E+0
2.850E+0
2.865E+0
2.920E+0
2.914E+0
2.906E+0
2.898E+0
2.885E+0
2.869E+0
2.853E+0
2.834E+0
2.916E+0
2.910E+0
2.905E+0
2.897E+0
2.888E+0
2.876E+0
3.021E+0
3.039E+0
3.049E+0
2.969E+0
2.974E+0
2.982E+0
2.990E+0
2.999E+0
3.013E+0
3.028E+0
3.047E+0
2.965E+0
2.970E+0
2.978E+0
2.985E+0
2.995E+0
3.007E+0
2.863E+0
2.851E+0
2.832E+0
2.920E+0
2.914E+0
2.906E+0
2.898E+0
2.887E+0
2.875E+0
2.858E+0
2.839E+0
2.921E+0
2.916E+0
2.910E+0
2.902E+0
2.893E+0
2.882E+0
3.025E+0
3.043E+0
3.063E+0
2.974E+0
2.980E+0
2.986E+0
2.995E+0
3.005E+0
3.018E+0
3.033E+0
3.047E+0
2.966E+0
2.970E+0
2.977E+0
2.985E+0
2.995E+0
3.007E+0
2.865E+0
2.847E+0
2.826E+0
2.915E+0
2.910E+0
2.901E+0
2.893E+0
2.882E+0
2.869E+0
2.855E+0
2.835E+0
2.916E+0
2.911E+0
2.905E+0
2.898E+0
2.888E+0
2.877E+0
3.017E+0
3.037E+0
3.058E+0
2.972E+0
2.979E+0
2.985E+0
2.994E+0
3.004E+0
3.016E+0
3.032E+0
3.050E+0
2.970E+0
2.975E+0
2.982E+0
2.990E+0
2.999E+0
3.011E+0
2.873E+0
2.852E+0
2.832E+0
2.920E+0
2.915E+0
2.907E+0
2.898E+0
2.889E+0
2.875E+0
2.861E+0
2.841E+0
2.922E+0
2.917E+0
2.905E+0
2.899E+0
2.889E+0
2.878E+0
3.014E+0
3.036E+0
3.057E+0
2.968E+0
2.974E+0
2.981E+0
2.989E+0
2.999E+0
3.011E+0
3.026E+0
3.044E+0
2.965E+0
2.970E+0
2.976E+0
2.984E+0
2.993E+0
3.005E+0
2.879E+0
2.848E+0
2.828E+0
2.915E+0
2.910E+0
2.903E+0
2.898E+0
2.889E+0
2.875E+0
2.861E+0
2.843E+0
2.921E+0
2.917E+0
2.910E+0
2.904E+0
2.894E+0
2.883E+0
3.003E+0
3.040E+0
3.061E+0
2.973E+0
2.978E+0
2.986E+0
2.993E+0
3.003E+0
3.015E+0
3.030E+0
3.049E+0
2.969E+0
2.975E+0
2.981E+0
2.989E+0
2.996E+0
3.005E+0
2.895E+0
2.849E+0
2.829E+0
2.916E+0
2.910E+0
2.903E+0
2.894E+0
2.884E+0
2.871E+0
2.856E+0
2.839E+0
2.916E+0
2.912E+0
2.906E+0
2.898E+0
2.890E+0
2.878E+0
2.948E+0
3.034E+0
3.054E+0
2.969E+0
2.973E+0
2.980E+0
2.988E+0
2.998E+0
3.010E+0
3.029E+0
3.048E+0
2.969E+0
2.974E+0
2.981E+0
2.988E+0
2.998E+0
3.009E+0
2.982E+0
2.854E+0
2.834E+0
2.921E+0
2.915E+0
2.908E+0
2.899E+0
2.889E+0
2.877E+0
2.862E+0
2.844E+0
2.922E+0
2.917E+0
2.912E+0
2.904E+0
2.896E+0
2.884E+0
2.872E+0
3.035E+0
3.054E+0
2.968E+0
2.974E+0
2.980E+0
2.988E+0
2.997E+0
3.010E+0
3.024E+0
3.042E+0
2.964E+0
2.969E+0
2.976E+0
2.983E+0
2.992E+0
3.003E+0
3.017E+0
2.851E+0
2.830E+0
2.916E+0
2.910E+0
2.904E+0
2.896E+0
2.885E+0
2.873E+0
2.858E+0
2.840E+0
2.922E+0
2.917E+0
2.912E+0
2.904E+0
2.895E+0
2.885E+0
2.871E+0
3.038E+0
3.058E+0
2.973E+0
2.978E+0
2.984E+0
2.993E+0
3.002E+0
3.014E+0
3.028E+0
3.046E+0
2.969E+0
2.973E+0
2.981E+0
2.988E+0
2.997E+0
3.009E+0
3.021E+0
2.856E+0
2.836E+0
2.922E+0
2.912E+0
2.904E+0
2.896E+0
2.886E+0
2.873E+0
2.859E+0
2.840E+0
2.918E+0
2.913E+0
2.907E+0
2.900E+0
2.890E+0
2.881E+0
2.867E+0
3.032E+0
3.052E+0
2.967E+0
2.973E+0
2.979E+0
2.987E+0
2.996E+0
3.008E+0
3.023E+0
3.039E+0
2.964E+0
2.969E+0
2.975E+0
2.987E+0
2.996E+0
3.008E+0
3.021E+0
2.858E+0
2.838E+0
2.921E+0
2.916E+0
2.910E+0
2.901E+0
2.891E+0
2.879E+0
2.865E+0
2.846E+0
2.923E+0
2.918E+0
2.912E+0
2.905E+0
2.896E+0
2.886E+0
2.873E+0
3.035E+0
3.057E+0
2.972E+0
2.978E+0
2.984E+0
2.988E+0
2.997E+0
3.007E+0
3.023E+0
3.040E+0
2.963E+0
2.969E+0
2.974E+0
2.982E+0
2.991E+0
3.002E+0
3.015E+0
2.855E+0
2.834E+0
2.916E+0
2.911E+0
2.905E+0
2.896E+0
2.887E+0
2.874E+0
2.860E+0
2.842E+0
2.917E+0
2.914E+0
2.907E+0
2.900E+0
2.892E+0
2.882E+0
2.874E+0
3.030E+0
3.055E+0
2.972E+0
2.977E+0
2.984E+0
2.991E+0
3.001E+0
3.012E+0
3.026E+0
3.044E+0
2.967E+0
2.974E+0
2.979E+0
2.986E+0
2.995E+0
3.006E+0
3.020E+0
2.865E+0
2.839E+0
2.922E+0
2.916E+0
2.910E+0
2.902E+0
2.892E+0
2.881E+0
2.861E+0
2.844E+0
2.899E+0
2.913E+0
2.908E+0
2.900E+0
2.892E+0
2.881E+0
2.869E+0
3.014E+0
3.049E+0
2.967E+0
2.972E+0
2.978E+0
2.986E+0
2.995E+0
3.007E+0
3.020E+0
3.038E+0
3.028E+0
2.968E+0
2.974E+0
2.981E+0
2.990E+0
3.001E+0
3.014E+0
2.879E+0
2.839E+0
2.922E+0
2.916E+0
2.910E+0
2.902E+0
2.892E+0
2.881E+0
2.866E+0
2.849E+0
2.838E+0
2.918E+0
2.913E+0
2.905E+0
2.898E+0
2.887E+0
2.874E+0
3.001E+0
3.053E+0
2.972E+0
2.977E+0
2.983E+0
2.991E+0
3.000E+0
3.011E+0
3.025E+0
3.042E+0
3.060E+0
2.968E+0
2.974E+0
2.981E+0
2.990E+0
3.001E+0
3.013E+0
2.936E+0
2.835E+0
2.918E+0
2.912E+0
2.906E+0
2.898E+0
2.887E+0
2.877E+0
2.862E+0
2.845E+0
2.825E+0
2.913E+0
2.909E+0
2.901E+0
2.893E+0
2.883E+0
2.870E+0
2.902E+0
3.047E+0
2.966E+0
2.972E+0
2.982E+0
2.991E+0
2.999E+0
3.011E+0
3.024E+0
3.041E+0
3.062E+0
2.972E+0
2.978E+0
2.985E+0
2.994E+0
3.005E+0
3.017E+0
3.034E+0
2.842E+0
2.923E+0
2.918E+0
2.911E+0
2.903E+0
2.893E+0
2.882E+0
2.868E+0
2.850E+0
2.831E+0
2.919E+0
2.914E+0
2.903E+0
2.893E+0
2.883E+0
2.870E+0
2.856E+0
3.047E+0
2.966E+0
2.972E+0
2.977E+0
2.985E+0
2.994E+0
3.005E+0
3.019E+0
3.035E+0
3.057E+0
2.967E+0
2.973E+0
2.981E+0
2.988E+0
3.000E+0
3.012E+0
3.027E+0
2.838E+0
2.918E+0
2.913E+0
2.906E+0
2.899E+0
2.892E+0
2.882E+0
2.869E+0
2.851E+0
2.831E+0
2.919E+0
2.913E+0
2.907E+0
2.898E+0
2.888E+0
2.876E+0
2.861E+0
3.051E+0
2.971E+0
2.976E+0
2.982E+0
2.989E+0
2.999E+0
3.009E+0
3.024E+0
3.039E+0
3.060E+0
2.972E+0
2.977E+0
2.985E+0
2.993E+0
3.004E+0
3.012E+0
3.027E+0
2.839E+0
2.918E+0
2.913E+0
2.907E+0
2.898E+0
2.890E+0
2.878E+0
2.864E+0
2.848E+0
2.827E+0
2.915E+0
2.908E+0
2.902E+0
2.894E+0
2.884E+0
2.872E+0
2.857E+0
3.044E+0
2.966E+0
2.971E+0
2.978E+0
2.984E+0
2.993E+0
3.004E+0
3.017E+0
3.039E+0
3.059E+0
2.972E+0
2.977E+0
2.985E+0
2.993E+0
3.002E+0
3.016E+0
3.031E+0
2.846E+0
2.923E+0
2.918E+0
2.912E+0
2.904E+0
2.895E+0
2.883E+0
2.870E+0
2.853E+0
2.833E+0
2.920E+0
2.914E+0
2.907E+0
2.899E+0
2.889E+0
2.878E+0
2.863E+0
3.045E+0
2.966E+0
2.971E+0
2.977E+0
2.984E+0
2.993E+0
3.004E+0
3.016E+0
3.033E+0
3.053E+0
2.967E+0
2.972E+0
2.978E+0
2.988E+0
2.998E+0
3.010E+0
3.025E+0
2.845E+0
2.919E+0
2.913E+0
2.907E+0
2.900E+0
2.890E+0
2.880E+0
2.865E+0
2.849E+0
2.829E+0
2.915E+0
2.914E+0
2.907E+0
2.900E+0
2.890E+0
2.878E+0
2.864E+0
3.040E+0
2.970E+0
2.976E+0
2.982E+0
2.989E+0
2.997E+0
3.009E+0
3.021E+0
3.038E+0
3.057E+0
2.971E+0
2.977E+0
2.983E+0
2.992E+0
3.002E+0
3.014E+0
3.030E+0
2.864E+0
2.924E+0
2.919E+0
2.908E+0
2.901E+0
2.891E+0
2.880E+0
2.866E+0
2.850E+0
2.830E+0
2.915E+0
2.909E+0
2.903E+0
2.895E+0
2.886E+0
2.873E+0
2.859E+0
3.014E+0
2.965E+0
2.970E+0
2.976E+0
2.984E+0
2.992E+0
3.003E+0
3.016E+0
3.032E+0
3.052E+0
2.966E+0
2.972E+0
2.978E+0
2.991E+0
3.002E+0
3.013E+0
3.029E+0
2.885E+0
2.924E+0
2.919E+0
2.912E+0
2.906E+0
2.896E+0
2.885E+0
2.872E+0
2.855E+0
2.836E+0
2.920E+0
2.915E+0
2.908E+0
2.900E+0
2.891E+0
2.879E+0
2.865E+0
2.955E+0
2.970E+0
2.976E+0
2.981E+0
2.988E+0
2.997E+0
3.003E+0
3.016E+0
3.031E+0
3.050E+0
2.966E+0
2.972E+0
2.978E+0
2.986E+0
2.996E+0
3.008E+0
3.023E+0
2.988E+0
2.919E+0
2.915E+0
2.908E+0
2.901E+0
2.892E+0
2.880E+0
2.868E+0
2.851E+0
2.832E+0
2.915E+0
2.910E+0
2.904E+0
2.896E+0
2.886E+0
2.875E+0
2.865E+0
2.848E+0
2.969E+0
2.975E+0
2.981E+0
2.988E+0
2.997E+0
3.007E+0
3.020E+0
3.035E+0
3.055E+0
2.971E+0
2.976E+0
2.983E+0
2.991E+0
3.001E+0
3.013E+0
3.027E+0
3.045E+0
2.924E+0
2.920E+0
2.913E+0
2.906E+0
2.898E+0
2.886E+0
2.873E+0
2.854E+0
2.832E+0
2.916E+0
2.910E+0
2.904E+0
2.896E+0
2.886E+0
2.876E+0
2.861E+0
2.844E+0
2.963E+0
2.969E+0
2.976E+0
2.982E+0
2.991E+0
3.001E+0
3.014E+0
3.030E+0
3.048E+0
2.966E+0
2.971E+0
2.977E+0
2.985E+0
2.995E+0
3.007E+0
3.022E+0
3.039E+0
2.905E+0
2.919E+0
2.914E+0
2.906E+0
2.898E+0
2.887E+0
2.873E+0
2.858E+0
2.838E+0
2.921E+0
2.916E+0
2.909E+0
2.902E+0
2.892E+0
2.881E+0
2.867E+0
2.850E+0
3.033E+0
2.974E+0
2.981E+0
2.987E+0
2.996E+0
3.006E+0
3.018E+0
3.034E+0
3.053E+0
2.971E+0
2.971E+0
2.977E+0
2.985E+0
2.995E+0
3.007E+0
3.021E+0
3.038E+0
2.835E+0
2.914E+0
2.909E+0
2.902E+0
2.893E+0
2.883E+0
2.869E+0
2.853E+0
2.834E+0
2.916E+0
2.911E+0
2.904E+0
2.897E+0
2.887E+0
2.876E+0
2.863E+0
2.845E+0
3.055E+0
2.969E+0
2.975E+0
2.986E+0
2.995E+0
3.006E+0
3.017E+0
3.033E+0
3.052E+0
2.970E+0
2.976E+0
2.982E+0
2.990E+0
3.000E+0
3.011E+0
3.026E+0
3.042E+0
2.835E+0
2.920E+0
2.914E+0
2.907E+0
2.898E+0
2.888E+0
2.875E+0
2.860E+0
2.841E+0
2.921E+0
2.917E+0
2.909E+0
2.902E+0
2.888E+0
2.876E+0
2.863E+0
2.846E+0
3.051E+0
2.969E+0
2.974E+0
2.982E+0
2.990E+0
3.000E+0
3.013E+0
3.027E+0
3.046E+0
2.965E+0
2.971E+0
2.977E+0
2.984E+0
2.995E+0
3.005E+0
3.020E+0
3.037E+0
2.835E+0
2.916E+0
2.909E+0
2.903E+0
2.894E+0
2.883E+0
2.875E+0
2.860E+0
2.842E+0
2.921E+0
2.916E+0
2.910E+0
2.902E+0
2.893E+0
2.882E+0
2.868E+0
2.852E+0
3.042E+0
2.974E+0
2.979E+0
2.986E+0
2.994E+0
3.005E+0
3.017E+0
3.031E+0
3.050E+0
2.970E+0
2.975E+0
2.982E+0
2.988E+0
2.998E+0
3.010E+0
3.020E+0
3.037E+0
2.859E+0
2.916E+0
2.910E+0
2.902E+0
2.895E+0
2.884E+0
2.872E+0
2.855E+0
2.837E+0
2.917E+0
2.911E+0
2.906E+0
2.897E+0
2.889E+0
2.878E+0
2.864E+0
2.848E+0
3.012E+0
2.968E+0
2.974E+0
2.981E+0
2.990E+0
2.999E+0
3.012E+0
3.026E+0
3.045E+0
2.970E+0
2.974E+0
2.981E+0
2.988E+0
2.998E+0
3.009E+0
3.023E+0
3.041E+0
2.937E+0
2.921E+0
2.915E+0
2.907E+0
2.900E+0
2.889E+0
2.877E+0
2.862E+0
2.843E+0
2.923E+0
2.916E+0
2.910E+0
2.903E+0
2.894E+0
2.884E+0
2.869E+0
2.854E+0
2.895E+0
2.968E+0
2.975E+0
2.981E+0
2.989E+0
2.999E+0
3.010E+0
3.026E+0
3.043E+0
2.965E+0
2.969E+0
2.976E+0
2.983E+0
2.992E+0
3.004E+0
3.017E+0
3.034E+0
3.055E+0
2.916E+0
2.911E+0
2.903E+0
2.895E+0
2.885E+0
2.872E+0
2.858E+0
2.839E+0
2.917E+0
2.912E+0
2.910E+0
2.904E+0
2.894E+0
2.884E+0
2.870E+0
2.854E+0
2.834E+0
2.972E+0
2.979E+0
2.985E+0
2.994E+0
3.004E+0
3.015E+0
3.030E+0
3.048E+0
2.969E+0
2.974E+0
2.980E+0
2.988E+0
2.997E+0
3.008E+0
3.022E+0
3.038E+0
3.059E+0
2.921E+0
2.916E+0
2.909E+0
2.896E+0
2.886E+0
2.873E+0
2.858E+0
2.840E+0
2.917E+0
2.912E+0
2.906E+0
2.899E+0
2.890E+0
2.879E+0
2.866E+0
2.849E+0
2.830E+0
2.967E+0
2.973E+0
2.980E+0
2.988E+0
2.998E+0
3.010E+0
3.024E+0
3.042E+0
2.964E+0
2.970E+0
2.975E+0
2.983E+0
2.991E+0
3.007E+0
3.021E+0
3.037E+0
3.058E+0
2.922E+0
2.916E+0
2.910E+0
2.901E+0
2.891E+0
2.878E+0
2.864E+0
2.846E+0
2.922E+0
2.918E+0
2.911E+0
2.904E+0
2.896E+0
2.884E+0
2.872E+0
2.855E+0
2.836E+0
2.971E+0
2.978E+0
2.985E+0
2.993E+0
3.003E+0
3.010E+0
3.023E+0
3.042E+0
2.964E+0
2.969E+0
2.975E+0
2.982E+0
2.992E+0
3.002E+0
3.016E+0
3.032E+0
3.052E+0
2.918E+0
2.911E+0
2.905E+0
2.896E+0
2.887E+0
2.874E+0
2.859E+0
2.842E+0
2.918E+0
2.913E+0
2.907E+0
2.899E+0
2.891E+0
2.880E+0
2.867E+0
2.854E+0
2.836E+0
2.968E+0
2.977E+0
2.985E+0
2.992E+0
3.001E+0
3.015E+0
3.028E+0
3.045E+0
2.969E+0
2.974E+0
2.979E+0
2.986E+0
2.996E+0
3.006E+0
3.020E+0
3.037E+0
3.055E+0
2.929E+0
2.916E+0
2.910E+0
2.902E+0
2.891E+0
2.880E+0
2.865E+0
2.848E+0
2.918E+0
2.913E+0
2.907E+0
2.900E+0
2.891E+0
2.880E+0
2.867E+0
2.852E+0
2.832E+0
2.957E+0
2.972E+0
2.979E+0
2.988E+0
2.996E+0
3.008E+0
3.022E+0
3.039E+0
2.964E+0
2.968E+0
2.974E+0
2.981E+0
2.990E+0
3.001E+0
3.014E+0
3.031E+0
3.050E+0
2.940E+0
2.917E+0
2.910E+0
2.902E+0
2.892E+0
2.880E+0
2.866E+0
2.848E+0
2.923E+0
2.918E+0
2.913E+0
2.905E+0
2.896E+0
2.887E+0
2.873E+0
2.858E+0
2.838E+0
2.935E+0
2.978E+0
2.983E+0
2.992E+0
3.001E+0
3.013E+0
3.027E+0
3.043E+0
2.993E+0
2.973E+0
2.979E+0
2.982E+0
2.990E+0
3.001E+0
3.013E+0
3.029E+0
3.049E+0
2.966E+0
2.912E+0
2.906E+0
2.897E+0
2.888E+0
2.875E+0
2.862E+0
2.844E+0
2.856E+0
2.913E+0
2.907E+0
2.901E+0
2.891E+0
2.882E+0
2.869E+0
2.853E+0
2.835E+0
2.916E+0
2.972E+0
2.978E+0
2.986E+0
3.001E+0
3.011E+0
3.026E+0
3.043E+0
3.053E+0
2.973E+0
2.978E+0
2.986E+0
2.994E+0
3.005E+0
3.018E+0
3.033E+0
3.054E+0
2.971E+0
2.917E+0
2.910E+0
2.902E+0
2.894E+0
2.881E+0
2.867E+0
2.850E+0
2.832E+0
2.919E+0
2.913E+0
2.906E+0
2.897E+0
2.882E+0
2.870E+0
2.854E+0
2.836E+0
2.917E+0
2.972E+0
2.978E+0
2.986E+0
2.996E+0
3.006E+0
3.021E+0
3.037E+0
3.056E+0
2.968E+0
2.973E+0
2.981E+0
2.989E+0
2.999E+0
3.013E+0
3.028E+0
3.047E+0
2.966E+0
2.913E+0
2.906E+0
2.897E+0
2.889E+0
2.877E+0
2.867E+0
2.851E+0
2.829E+0
2.919E+0
2.913E+0
2.906E+0
2.898E+0
2.887E+0
2.875E+0
2.859E+0
2.841E+0
2.922E+0
2.975E+0
2.983E+0
2.990E+0
3.000E+0
3.011E+0
3.025E+0
3.042E+0
3.062E+0
2.973E+0
2.978E+0
2.985E+0
2.994E+0
3.004E+0
3.017E+0
3.033E+0
3.047E+0
2.967E+0
2.913E+0
2.907E+0
2.898E+0
2.889E+0
2.878E+0
2.863E+0
2.847E+0
2.826E+0
2.915E+0
2.909E+0
2.901E+0
2.893E+0
2.882E+0
2.870E+0
2.856E+0
2.837E+0
2.918E+0
2.970E+0
2.977E+0
2.985E+0
2.995E+0
3.006E+0
3.019E+0
3.036E+0
3.056E+0
2.972E+0
2.978E+0
2.984E+0
2.994E+0
3.003E+0
3.016E+0
3.032E+0
3.050E+0
2.971E+0
2.919E+0
2.912E+0
2.904E+0
2.895E+0
2.883E+0
2.869E+0
2.853E+0
2.832E+0
2.919E+0
2.914E+0
2.906E+0
2.899E+0
2.888E+0
2.876E+0
2.862E+0
2.843E+0
2.923E+0
2.971E+0
2.977E+0
2.985E+0
2.994E+0
3.005E+0
3.019E+0
3.035E+0
3.055E+0
2.967E+0
2.973E+0
2.979E+0
2.988E+0
2.998E+0
3.010E+0
3.026E+0
3.044E+0
2.966E+0
2.918E+0
2.906E+0
2.900E+0
2.890E+0
2.879E+0
2.865E+0
2.848E+0
2.828E+0
2.915E+0
2.909E+0
2.902E+0
2.898E+0
2.889E+0
2.876E+0
2.862E+0
2.843E+0
2.923E+0
2.968E+0
2.982E+0
2.990E+0
2.998E+0
3.009E+0
3.023E+0
3.039E+0
3.060E+0
2.972E+0
2.977E+0
2.984E+0
2.992E+0
3.002E+0
3.015E+0
3.030E+0
3.048E+0
2.970E+0
2.930E+0
2.912E+0
2.905E+0
2.891E+0
2.879E+0
2.866E+0
2.849E+0
2.829E+0
2.915E+0
2.909E+0
2.903E+0
2.894E+0
2.884E+0
2.872E+0
2.858E+0
2.840E+0
2.917E+0
2.944E+0
2.976E+0
2.984E+0
2.994E+0
3.004E+0
3.018E+0
3.034E+0
3.053E+0
2.967E+0
2.972E+0
2.979E+0
2.986E+0
2.997E+0
3.013E+0
3.029E+0
3.048E+0
2.970E+0
2.960E+0
2.912E+0
2.904E+0
2.896E+0
2.885E+0
2.871E+0
2.855E+0
2.834E+0
2.921E+0
2.914E+0
2.908E+0
2.899E+0
2.890E+0
2.878E+0
2.862E+0
2.846E+0
2.923E+0
2.918E+0
2.981E+0
2.988E+0
2.998E+0
3.009E+0
3.022E+0
3.034E+0
3.052E+0
2.967E+0
2.972E+0
2.979E+0
2.986E+0
2.996E+0
3.009E+0
3.023E+0
3.042E+0
2.965E+0
2.970E+0
2.908E+0
2.900E+0
2.891E+0
2.880E+0
2.867E+0
2.851E+0
2.830E+0
2.915E+0
2.910E+0
2.903E+0
2.895E+0
2.885E+0
2.873E+0
2.858E+0
2.841E+0
2.923E+0
2.918E+0
2.981E+0
2.988E+0
2.997E+0
3.008E+0
3.021E+0
3.037E+0
3.056E+0
2.972E+0
2.977E+0
2.983E+0
2.992E+0
3.001E+0
3.013E+0
3.028E+0
3.046E+0
2.970E+0
2.974E+0
2.913E+0
2.906E+0
2.897E+0
2.886E+0
2.872E+0
2.857E+0
2.836E+0
2.918E+0
2.910E+0
2.903E+0
2.896E+0
2.886E+0
2.874E+0
2.860E+0
2.842E+0
2.919E+0
2.913E+0
2.976E+0
2.983E+0
2.992E+0
3.003E+0
3.015E+0
3.031E+0
3.050E+0
2.966E+0
2.972E+0
2.977E+0
2.986E+0
2.996E+0
3.007E+0
3.022E+0
3.040E+0
2.965E+0
2.969E+0
2.909E+0
2.906E+0
2.897E+0
2.887E+0
2.873E+0
2.858E+0
2.838E+0
2.920E+0
2.916E+0
2.909E+0
2.901E+0
2.891E+0
2.879E+0
2.866E+0
2.848E+0
2.924E+0
2.919E+0
2.980E+0
2.988E+0
2.996E+0
3.008E+0
3.020E+0
3.035E+0
3.055E+0
2.971E+0
2.977E+0
2.983E+0
2.986E+0
2.995E+0
3.006E+0
3.022E+0
3.039E+0
2.964E+0
2.969E+0
2.909E+0
2.902E+0
2.892E+0
2.882E+0
2.869E+0
2.852E+0
2.834E+0
2.916E+0
2.911E+0
2.904E+0
2.896E+0
2.887E+0
2.875E+0
2.861E+0
2.843E+0
2.901E+0
2.914E+0
2.972E+0
2.982E+0
2.991E+0
3.006E+0
3.020E+0
3.034E+0
3.054E+0
2.971E+0
2.976E+0
2.982E+0
2.990E+0
3.000E+0
3.011E+0
3.026E+0
3.043E+0
3.035E+0
2.975E+0
2.916E+0
2.906E+0
2.898E+0
2.887E+0
2.875E+0
2.858E+0
2.840E+0
2.921E+0
2.916E+0
2.910E+0
2.901E+0
2.892E+0
2.881E+0
2.862E+0
2.845E+0
2.834E+0
2.915E+0
2.969E+0
2.982E+0
2.991E+0
3.001E+0
3.014E+0
3.029E+0
3.048E+0
2.966E+0
2.970E+0
2.977E+0
2.984E+0
2.994E+0
3.006E+0
3.020E+0
3.038E+0
3.056E+0
2.969E+0
2.918E+0
2.902E+0
2.894E+0
2.883E+0
2.870E+0
2.854E+0
2.840E+0
2.922E+0
2.915E+0
2.910E+0
2.902E+0
2.892E+0
2.882E+0
2.866E+0
2.851E+0
2.830E+0
2.919E+0
2.967E+0
2.986E+0
2.996E+0
3.005E+0
3.018E+0
3.033E+0
3.052E+0
2.971E+0
2.975E+0
2.982E+0
2.989E+0
2.999E+0
3.011E+0
3.024E+0
3.042E+0
3.058E+0
2.969E+0
2.940E+0
2.902E+0
2.894E+0
2.883E+0
2.871E+0
2.856E+0
2.836E+0
2.917E+0
2.911E+0
2.905E+0
2.897E+0
2.887E+0
2.877E+0
2.863E+0
2.846E+0
2.825E+0
2.914E+0
2.927E+0
2.981E+0
2.990E+0
3.000E+0
3.013E+0
3.028E+0
3.046E+0
2.966E+0
2.973E+0
2.981E+0
2.989E+0
2.997E+0
3.010E+0
3.024E+0
3.041E+0
3.062E+0
2.973E+0
2.979E+0
2.908E+0
2.899E+0
2.889E+0
2.876E+0
2.862E+0
2.842E+0
2.922E+0
2.917E+0
2.910E+0
2.903E+0
2.893E+0
2.882E+0
2.868E+0
2.852E+0
2.832E+0
2.919E+0
2.915E+0
2.981E+0
2.989E+0
3.000E+0
3.012E+0
3.027E+0
3.046E+0
2.965E+0
2.971E+0
2.976E+0
2.984E+0
2.992E+0
3.004E+0
3.018E+0
3.034E+0
3.056E+0
2.968E+0
2.974E+0
2.903E+0
2.894E+0
2.884E+0
2.872E+0
2.857E+0
2.838E+0
2.917E+0
2.912E+0
2.905E+0
2.898E+0
2.893E+0
2.882E+0
2.869E+0
2.852E+0
2.832E+0
2.920E+0
2.914E+0
2.986E+0
2.994E+0
3.005E+0
3.017E+0
3.031E+0
3.049E+0
2.969E+0
2.975E+0
2.981E+0
2.988E+0
2.998E+0
3.008E+0
3.023E+0
3.039E+0
3.059E+0
2.973E+0
2.978E+0
2.909E+0
2.900E+0
2.890E+0
2.873E+0
2.858E+0
2.839E+0
2.918E+0
2.913E+0
2.906E+0
2.898E+0
2.889E+0
2.877E+0
2.865E+0
2.848E+0
2.828E+0
2.915E+0
2.909E+0
2.980E+0
2.989E+0
2.998E+0
3.011E+0
3.025E+0
3.044E+0
2.965E+0
2.970E+0
2.976E+0
2.982E+0
2.992E+0
3.003E+0
3.017E+0
3.038E+0
3.058E+0
2.973E+0
2.978E+0
2.909E+0
2.901E+0
2.890E+0
2.879E+0
2.862E+0
2.845E+0
2.923E+0
2.917E+0
2.911E+0
2.903E+0
2.895E+0
2.883E+0
2.870E+0
2.854E+0
2.833E+0
2.921E+0
2.915E+0
2.984E+0
2.993E+0
3.003E+0
3.016E+0
3.030E+0
3.044E+0
2.965E+0
2.969E+0
2.976E+0
2.982E+0
2.992E+0
3.003E+0
3.016E+0
3.033E+0
3.052E+0
2.967E+0
2.973E+0
2.906E+0
2.896E+0
2.885E+0
2.874E+0
2.859E+0
2.840E+0
2.919E+0
2.912E+0
2.907E+0
2.898E+0
2.890E+0
2.879E+0
2.865E+0
2.850E+0
2.830E+0
2.920E+0
2.915E+0
2.981E+0
2.993E+0
3.002E+0
3.015E+0
3.029E+0
3.047E+0
2.970E+0
2.974E+0
2.980E+0
2.987E+0
2.996E+0
3.008E+0
3.020E+0
3.037E+0
3.057E+0
2.972E+0
2.978E+0
2.915E+0
2.901E+0
2.891E+0
2.879E+0
2.865E+0
2.846E+0
2.924E+0
2.918E+0
2.907E+0
2.900E+0
2.890E+0
2.880E+0
2.866E+0
2.850E+0
2.831E+0
2.915E+0
2.911E+0
2.968E+0
2.987E+0
2.998E+0
3.009E+0
3.024E+0
3.041E+0
2.964E+0
2.969E+0
2.975E+0
2.982E+0
2.991E+0
3.002E+0
3.015E+0
3.031E+0
3.051E+0
2.966E+0
2.973E+0
2.919E+0
2.901E+0
2.892E+0
2.879E+0
2.865E+0
2.847E+0
2.924E+0
2.918E+0
2.912E+0
2.905E+0
2.895E+0
2.885E+0
2.872E+0
2.856E+0
2.837E+0
2.921E+0
2.916E+0
2.950E+0
2.992E+0
3.002E+0
3.014E+0
3.028E+0
3.045E+0
2.970E+0
2.975E+0
2.979E+0
2.987E+0
2.993E+0
3.001E+0
3.015E+0
3.030E+0
3.050E+0
2.966E+0
2.972E+0
2.959E+0
2.896E+0
2.887E+0
2.875E+0
2.861E+0
2.844E+0
2.918E+0
2.914E+0
2.907E+0
2.900E+0
2.891E+0
2.880E+0
2.868E+0
2.852E+0
2.833E+0
2.916E+0
2.910E+0
2.905E+0
2.986E+0
2.996E+0
3.008E+0
3.027E+0
3.045E+0
2.968E+0
2.974E+0
2.979E+0
2.986E+0
2.995E+0
3.005E+0
3.019E+0
3.034E+0
3.054E+0
2.971E+0
2.976E+0
2.984E+0
2.902E+0
2.893E+0
2.881E+0
2.866E+0
2.849E+0
2.907E+0
2.919E+0
2.913E+0
2.905E+0
2.897E+0
2.886E+0
2.873E+0
2.853E+0
2.834E+0
2.917E+0
2.911E+0
2.905E+0
2.986E+0
2.996E+0
3.008E+0
3.021E+0
3.039E+0
3.030E+0
2.969E+0
2.974E+0
2.981E+0
2.990E+0
3.000E+0
3.013E+0
3.028E+0
3.048E+0
2.966E+0
2.971E+0
2.978E+0
2.898E+0
2.887E+0
2.877E+0
2.862E+0
2.845E+0
2.836E+0
2.919E+0
2.913E+0
2.905E+0
2.897E+0
2.886E+0
2.874E+0
2.858E+0
2.839E+0
2.922E+0
2.916E+0
2.910E+0
2.990E+0
3.000E+0
3.013E+0
3.026E+0
3.043E+0
3.061E+0
2.973E+0
2.979E+0
2.986E+0
2.994E+0
3.005E+0
3.017E+0
3.033E+0
3.052E+0
2.971E+0
2.972E+0
2.978E+0
2.899E+0
2.888E+0
2.877E+0
2.863E+0
2.846E+0
2.826E+0
2.914E+0
2.908E+0
2.901E+0
2.893E+0
2.882E+0
2.868E+0
2.854E+0
2.835E+0
2.917E+0
2.912E+0
2.905E+0
2.985E+0
2.995E+0
3.006E+0
3.021E+0
3.037E+0
3.058E+0
2.968E+0
2.974E+0
2.985E+0
2.994E+0
3.004E+0
3.016E+0
3.032E+0
3.051E+0
2.970E+0
2.976E+0
2.982E+0
2.905E+0
2.894E+0
2.882E+0
2.869E+0
2.851E+0
2.831E+0
2.919E+0
2.914E+0
2.907E+0
2.897E+0
2.888E+0
2.875E+0
2.860E+0
2.842E+0
2.922E+0
2.917E+0
2.911E+0
2.985E+0
2.995E+0
3.006E+0
3.020E+0
3.036E+0
3.057E+0
2.968E+0
2.973E+0
2.981E+0
2.988E+0
2.999E+0
3.011E+0
3.026E+0
3.046E+0
2.965E+0
2.971E+0
2.977E+0
2.902E+0
2.890E+0
2.877E+0
2.864E+0
2.847E+0
2.827E+0
2.915E+0
2.908E+0
2.902E+0
2.893E+0
2.883E+0
2.875E+0
2.860E+0
2.843E+0
2.921E+0
2.917E+0
2.911E+0
2.982E+0
2.999E+0
3.010E+0
3.024E+0
3.040E+0
3.061E+0
2.973E+0
2.978E+0
2.985E+0
2.993E+0
3.003E+0
3.016E+0
3.030E+0
3.049E+0
2.969E+0
2.976E+0
2.982E+0
2.916E+0
2.895E+0
2.884E+0
2.865E+0
2.849E+0
2.827E+0
2.916E+0
2.909E+0
2.902E+0
2.894E+0
2.883E+0
2.872E+0
2.856E+0
2.838E+0
2.917E+0
2.913E+0
2.907E+0
2.967E+0
2.994E+0
3.005E+0
3.019E+0
3.035E+0
3.055E+0
2.968E+0
2.973E+0
2.979E+0
2.987E+0
2.997E+0
3.010E+0
3.024E+0
3.048E+0
2.969E+0
2.975E+0
2.982E+0
2.943E+0
2.895E+0
2.884E+0
2.870E+0
2.854E+0
2.834E+0
2.920E+0
2.915E+0
2.907E+0
2.899E+0
2.888E+0
2.877E+0
2.862E+0
2.844E+0
2.923E+0
2.917E+0
2.912E+0
2.927E+0
2.998E+0
3.010E+0
3.022E+0
3.040E+0
3.060E+0
2.968E+0
2.973E+0
2.979E+0
2.988E+0
2.997E+0
3.009E+0
3.024E+0
3.042E+0
2.965E+0
2.969E+0
2.976E+0
2.984E+0
2.891E+0
2.880E+0
2.866E+0
2.850E+0
2.830E+0
2.915E+0
2.910E+0
2.902E+0
2.895E+0
2.884E+0
2.872E+0
2.858E+0
2.839E+0
2.918E+0
2.913E+0
2.911E+0
2.904E+0
2.997E+0
3.009E+0
3.022E+0
3.038E+0
3.058E+0
2.972E+0
2.978E+0
2.984E+0
2.992E+0
3.002E+0
3.014E+0
3.029E+0
3.046E+0
2.969E+0
2.974E+0
2.981E+0
2.989E+0
2.896E+0
2.886E+0
2.871E+0
2.855E+0
2.836E+0
2.920E+0
2.916E+0
2.905E+0
2.895E+0
2.885E+0
2.872E+0
2.858E+0
2.840E+0
2.918E+0
2.913E+0
2.906E+0
2.901E+0
2.992E+0
3.003E+0
3.017E+0
3.032E+0
3.053E+0
2.967E+0
2.972E+0
2.979E+0
2.986E+0
2.996E+0
3.008E+0
3.023E+0
3.041E+0
2.964E+0
2.969E+0
2.975E+0
2.983E+0
2.894E+0
2.885E+0
2.872E+0
2.856E+0
2.837E+0
2.921E+0
2.915E+0
2.909E+0
2.900E+0
2.891E+0
2.878E+0
2.864E+0
2.846E+0
2.922E+0
2.918E+0
2.912E+0
2.905E+0
2.996E+0
3.007E+0
3.021E+0
3.037E+0
3.056E+0
2.972E+0
2.977E+0
2.984E+0
2.991E+0
3.001E+0
3.008E+0
3.022E+0
3.040E+0
2.964E+0
2.970E+0
2.975E+0
2.983E+0
2.893E+0
2.881E+0
2.868E+0
2.852E+0
2.833E+0
2.916E+0
2.911E+0
2.904E+0
2.896E+0
2.886E+0
2.874E+0
2.859E+0
2.842E+0
2.917E+0
2.913E+0
2.907E+0
2.900E+0
2.990E+0
3.002E+0
3.015E+0
3.036E+0
3.055E+0
2.972E+0
2.976E+0
2.983E+0
2.990E+0
3.000E+0
3.012E+0
3.026E+0
3.044E+0
2.969E+0
2.974E+0
2.980E+0
2.987E+0
2.900E+0
2.886E+0
2.874E+0
2.858E+0
2.838E+0
2.922E+0
2.915E+0
2.909E+0
2.901E+0
2.891E+0
2.880E+0
2.865E+0
2.848E+0
2.917E+0
2.914E+0
2.908E+0
2.901E+0
2.987E+0
3.002E+0
3.015E+0
3.031E+0
3.049E+0
2.967E+0
2.971E+0
2.978E+0
2.986E+0
2.994E+0
3.007E+0
3.020E+0
3.038E+0
2.987E+0
2.968E+0
2.975E+0
2.981E+0
2.901E+0
2.882E+0
2.869E+0
2.854E+0
2.834E+0
2.917E+0
2.916E+0
2.909E+0
2.902E+0
2.891E+0
2.880E+0
2.866E+0
2.848E+0
2.862E+0
2.918E+0
2.914E+0
2.906E+0
2.982E+0
3.006E+0
3.019E+0
3.035E+0
3.053E+0
2.972E+0
2.977E+0
2.982E+0
2.991E+0
2.999E+0
3.011E+0
3.025E+0
3.042E+0
3.054E+0
2.973E+0
2.975E+0
2.982E+0
2.912E+0
2.883E+0
2.870E+0
2.855E+0
2.835E+0
2.917E+0
2.912E+0
2.905E+0
2.897E+0
2.887E+0
2.876E+0
2.862E+0
2.844E+0
2.827E+0
2.914E+0
2.908E+0
2.901E+0
2.945E+0
3.001E+0
3.013E+0
3.029E+0
3.048E+0
2.966E+0
2.972E+0
2.977E+0
2.989E+0
2.999E+0
3.010E+0
3.024E+0
3.041E+0
3.062E+0
2.972E+0
2.979E+0
2.987E+0
2.968E+0
2.889E+0
2.875E+0
2.860E+0
2.842E+0
2.922E+0
2.917E+0
2.910E+0
2.902E+0
2.893E+0
2.881E+0
2.868E+0
2.849E+0
2.830E+0
2.919E+0
2.913E+0
2.907E+0
2.898E+0
3.001E+0
3.013E+0
3.029E+0
3.047E+0
2.966E+0
2.971E+0
2.977E+0
2.984E+0
2.994E+0
3.005E+0
3.019E+0
3.035E+0
3.056E+0
2.968E+0
2.973E+0
2.981E+0
2.989E+0
2.884E+0
2.871E+0
2.855E+0
2.837E+0
2.917E+0
2.912E+0
2.906E+0
2.897E+0
2.889E+0
2.876E+0
2.868E+0
2.851E+0
2.830E+0
2.919E+0
2.914E+0
2.907E+0
2.899E+0
3.004E+0
3.017E+0
3.033E+0
3.051E+0
2.970E+0
2.976E+0
2.982E+0
2.988E+0
2.999E+0
3.009E+0
3.023E+0
3.040E+0
3.060E+0
2.973E+0
2.978E+0
2.986E+0
2.995E+0
2.889E+0
2.877E+0
2.859E+0
2.838E+0
2.918E+0
2.912E+0
2.906E+0
2.898E+0
2.889E+0
2.877E+0
2.863E+0
2.847E+0
2.826E+0
2.914E+0
2.909E+0
2.902E+0
2.894E+0
2.998E+0
3.012E+0
3.027E+0
3.045E+0
2.966E+0
2.970E+0
2.977E+0
2.984E+0
2.993E+0
3.004E+0
3.017E+0
3.034E+0
3.054E+0
2.972E+0
2.978E+0
2.985E+0
2.994E+0
2.890E+0
2.877E+0
2.862E+0
2.844E+0
2.923E+0
2.917E+0
2.911E+0
2.904E+0
2.894E+0
2.883E+0
2.869E+0
2.853E+0
2.832E+0
2.919E+0
2.915E+0
2.907E+0
2.900E+0
3.003E+0
3.016E+0
3.032E+0
3.049E+0
2.971E+0
2.971E+0
2.976E+0
2.984E+0
2.992E+0
3.004E+0
3.017E+0
3.034E+0
3.054E+0
2.967E+0
2.973E+0
2.979E+0
2.988E+0
2.887E+0
2.872E+0
2.858E+0
2.839E+0
2.918E+0
2.913E+0
2.906E+0
2.899E+0
2.889E+0
2.879E+0
2.864E+0
2.848E+0
2.829E+0
2.914E+0
2.910E+0
2.907E+0
2.900E+0
3.000E+0
3.015E+0
3.031E+0
3.049E+0
2.970E+0
2.975E+0
2.980E+0
2.989E+0
2.997E+0
3.008E+0
3.021E+0
3.037E+0
3.058E+0
2.971E+0
2.978E+0
2.984E+0
2.993E+0
2.896E+0
2.878E+0
2.864E+0
2.846E+0
2.923E+0
2.919E+0
2.912E+0
2.905E+0
2.890E+0
2.879E+0
2.866E+0
2.849E+0
2.829E+0
2.915E+0
2.910E+0
2.903E+0
2.895E+0
2.988E+0
3.009E+0
3.025E+0
3.043E+0
2.965E+0
2.970E+0
2.976E+0
2.983E+0
2.992E+0
3.002E+0
3.016E+0
3.031E+0
3.052E+0
2.966E+0
2.972E+0
2.979E+0
2.987E+0
2.902E+0
2.879E+0
2.864E+0
2.847E+0
2.923E+0
2.919E+0
2.912E+0
2.905E+0
2.896E+0
2.884E+0
2.872E+0
2.855E+0
2.835E+0
2.920E+0
2.915E+0
2.909E+0
2.900E+0
2.981E+0
3.014E+0
3.029E+0
3.048E+0
2.970E+0
2.975E+0
2.981E+0
2.987E+0
2.997E+0
3.007E+0
3.017E+0
3.031E+0
3.051E+0
2.967E+0
2.971E+0
2.979E+0
2.987E+0
2.937E+0
2.875E+0
2.860E+0
2.842E+0
2.918E+0
2.914E+0
2.907E+0
2.900E+0
2.891E+0
2.880E+0
2.866E+0
2.851E+0
2.831E+0
2.915E+0
2.910E+0
2.904E+0
2.896E+0
2.916E+0
3.009E+0
3.023E+0
3.042E+0
2.970E+0
2.974E+0
2.981E+0
2.987E+0
2.996E+0
3.006E+0
3.019E+0
3.035E+0
3.054E+0
2.971E+0
2.976E+0
2.983E+0
2.992E+0
3.001E+0
2.880E+0
2.865E+0
2.848E+0
2.924E+0
2.919E+0
2.913E+0
2.905E+0
2.896E+0
2.886E+0
2.872E+0
2.857E+0
2.837E+0
2.916E+0
2.911E+0
2.904E+0
2.896E+0
2.886E+0
3.008E+0
3.023E+0
3.040E+0
2.965E+0
2.969E+0
2.975E+0
2.982E+0
2.990E+0
3.001E+0
3.014E+0
3.030E+0
3.048E+0
2.966E+0
2.972E+0
2.978E+0
2.986E+0
2.996E+0
2.876E+0
2.862E+0
2.844E+0
2.919E+0
2.914E+0
2.913E+0
2.905E+0
2.896E+0
2.886E+0
2.872E+0
2.857E+0
2.838E+0
2.920E+0
2.916E+0
2.909E+0
2.902E+0
2.892E+0
3.012E+0
3.027E+0
3.044E+0
2.995E+0
2.974E+0
2.980E+0
2.987E+0
2.995E+0
3.006E+0
3.018E+0
3.034E+0
3.053E+0
2.970E+0
2.977E+0
2.982E+0
2.986E+0
2.996E+0
2.877E+0
2.863E+0
2.844E+0
2.860E+0
2.915E+0
2.908E+0
2.901E+0
2.892E+0
2.882E+0
2.868E+0
2.852E+0
2.834E+0
2.915E+0
2.911E+0
2.905E+0
2.897E+0
2.888E+0
3.006E+0
3.022E+0
3.038E+0
3.050E+0
2.969E+0
2.974E+0
2.982E+0
2.989E+0
3.005E+0
3.018E+0
3.032E+0
3.052E+0
2.970E+0
2.976E+0
2.982E+0
2.990E+0
3.001E+0
2.882E+0
2.868E+0
2.850E+0
2.833E+0
2.920E+0
2.913E+0
2.907E+0
2.897E+0
2.887E+0
2.875E+0
2.858E+0
2.840E+0
2.921E+0
2.916E+0
2.910E+0
2.902E+0
2.893E+0
3.005E+0
3.021E+0
3.038E+0
3.058E+0
2.969E+0
2.974E+0
2.982E+0
2.989E+0
2.999E+0
3.012E+0
3.027E+0
3.046E+0
2.965E+0
2.970E+0
2.977E+0
2.984E+0
2.995E+0
2.880E+0
2.863E+0
2.847E+0
2.825E+0
2.915E+0
2.909E+0
2.902E+0
2.894E+0
2.882E+0
2.870E+0
2.856E+0
2.840E+0
2.921E+0
2.916E+0
2.910E+0
2.902E+0
2.894E+0
3.006E+0
3.025E+0
3.043E+0
3.062E+0
2.974E+0
2.979E+0
2.985E+0
2.994E+0
3.004E+0
3.017E+0
3.031E+0
3.050E+0
2.970E+0
2.975E+0
2.982E+0
2.990E+0
2.999E+0
2.895E+0
2.869E+0
2.853E+0
2.826E+0
2.915E+0
2.910E+0
2.902E+0
2.894E+0
2.883E+0
2.871E+0
2.855E+0
2.836E+0
2.917E+0
2.911E+0
2.906E+0
2.898E+0
2.888E+0
2.988E+0
3.019E+0
3.036E+0
3.057E+0
2.968E+0
2.974E+0
2.980E+0
2.989E+0
2.998E+0
3.011E+0
3.026E+0
3.044E+0
2.965E+0
2.974E+0
2.981E+0
2.989E+0
2.998E+0
2.908E+0
2.870E+0
2.853E+0
2.832E+0
2.920E+0
2.915E+0
2.907E+0
2.899E+0
2.888E+0
2.876E+0
2.861E+0
2.842E+0
2.922E+0
2.917E+0
2.910E+0
2.904E+0
2.894E+0
2.952E+0
3.024E+0
3.040E+0
3.061E+0
2.973E+0
2.979E+0
2.981E+0
2.989E+0
2.998E+0
3.010E+0
3.025E+0
3.043E+0
2.964E+0
2.970E+0
2.976E+0
2.984E+0
2.993E+0
2.971E+0
2.865E+0
2.849E+0
2.829E+0
2.915E+0
2.910E+0
2.903E+0
2.894E+0
2.884E+0
2.871E+0
2.857E+0
2.838E+0
2.916E+0
2.912E+0
2.906E+0
2.899E+0
2.894E+0
2.884E+0
3.023E+0
3.039E+0
3.060E+0
2.973E+0
2.978E+0
2.985E+0
2.992E+0
3.003E+0
3.015E+0
3.029E+0
3.048E+0
2.969E+0
2.975E+0
2.981E+0
2.989E+0
2.998E+0
3.009E+0
2.872E+0
2.854E+0
2.835E+0
2.921E+0
2.915E+0
2.909E+0
2.900E+0
2.885E+0
2.872E+0
2.858E+0
2.839E+0
2.917E+0
2.913E+0
2.906E+0
2.899E+0
2.891E+0
2.879E+0
3.017E+0
3.034E+0
3.054E+0
2.968E+0
2.973E+0
2.980E+0
2.988E+0
2.997E+0
3.010E+0
3.024E+0
3.042E+0
2.963E+0
2.969E+0
2.975E+0
2.983E+0
2.993E+0
3.003E+0
2.870E+0
2.855E+0
2.835E+0
2.921E+0
2.915E+0
2.909E+0
2.900E+0
2.890E+0
2.877E+0
2.863E+0
2.845E+0
2.922E+0
2.917E+0
2.911E+0
2.904E+0
2.896E+0
2.884E+0
3.021E+0
3.038E+0
3.058E+0
2.973E+0
2.978E+0
2.985E+0
2.993E+0
3.002E+0
3.014E+0
3.028E+0
3.042E+0
2.964E+0
2.969E+0
2.976E+0
2.982E+0
2.992E+0
3.003E+0
2.868E+0
2.851E+0
2.830E+0
2.916E+0
2.910E+0
2.904E+0
2.896E+0
2.885E+0
2.874E+0
2.858E+0
2.841E+0
2.918E+0
2.912E+0
2.907E+0
2.899E+0
2.891E+0
2.880E+0
3.015E+0
3.033E+0
3.052E+0
2.972E+0
2.977E+0
2.984E+0
2.992E+0
3.001E+0
3.013E+0
3.027E+0
3.045E+0
2.969E+0
2.973E+0
2.980E+0
2.987E+0
2.996E+0
3.008E+0
2.875E+0
2.857E+0
2.837E+0
2.921E+0
2.916E+0
2.909E+0
2.901E+0
2.891E+0
2.879E+0
2.864E+0
2.846E+0
2.923E+0
2.916E+0
2.908E+0
2.900E+0
2.891E+0
2.881E+0
3.011E+0
3.032E+0
3.051E+0
2.967E+0
2.973E+0
2.978E+0
2.987E+0
2.996E+0
3.008E+0
3.022E+0
3.039E+0
2.964E+0
2.968E+0
2.974E+0
2.982E+0
2.991E+0
3.002E+0
2.873E+0
2.852E+0
2.833E+0
2.916E+0
2.912E+0
2.904E+0
2.901E+0
2.891E+0
2.879E+0
2.866E+0
2.847E+0
2.923E+0
2.918E+0
2.912E+0
2.905E+0
2.896E+0
2.886E+0
3.006E+0
3.036E+0
3.055E+0
2.972E+0
2.977E+0
2.983E+0
2.991E+0
3.001E+0
3.012E+0
3.026E+0
3.043E+0
2.968E+0
2.973E+0
2.979E+0
2.987E+0
2.991E+0
3.002E+0
2.890E+0
2.853E+0
2.834E+0
2.916E+0
2.912E+0
2.905E+0
2.896E+0
2.887E+0
2.875E+0
2.861E+0
2.843E+0
2.899E+0
2.913E+0
2.907E+0
2.901E+0
2.892E+0
2.882E+0
2.986E+0
3.029E+0
3.050E+0
2.967E+0
2.972E+0
2.979E+0
2.986E+0
2.995E+0
3.011E+0
3.025E+0
3.042E+0
3.032E+0
2.973E+0
2.978E+0
2.987E+0
2.995E+0
3.005E+0
2.942E+0
2.858E+0
2.840E+0
2.922E+0
2.917E+0
2.910E+0
2.902E+0
2.893E+0
2.880E+0
2.866E+0
2.849E+0
2.837E+0
2.919E+0
2.912E+0
2.906E+0
2.898E+0
2.887E+0
2.914E+0
3.029E+0
3.048E+0
2.967E+0
2.971E+0
2.979E+0
2.985E+0
2.995E+0
3.006E+0
3.020E+0
3.037E+0
3.054E+0
2.968E+0
2.974E+0
2.980E+0
2.990E+0
3.000E+0
3.013E+0
2.855E+0
2.836E+0
2.917E+0
2.911E+0
2.906E+0
2.897E+0
2.888E+0
2.876E+0
2.862E+0
2.845E+0
2.829E+0
2.919E+0
2.913E+0
2.906E+0
2.898E+0
2.887E+0
2.875E+0
3.034E+0
3.052E+0
2.972E+0
2.976E+0
2.983E+0
2.990E+0
2.999E+0
3.011E+0
3.024E+0
3.041E+0
3.062E+0
2.972E+0
2.979E+0
2.985E+0
2.995E+0
3.005E+0
3.018E+0
2.861E+0
2.841E+0
2.920E+0
2.912E+0
2.906E+0
2.898E+0
2.888E+0
2.877E+0
2.863E+0
2.845E+0
2.825E+0
2.914E+0
2.908E+0
2.901E+0
2.893E+0
2.883E+0
2.871E+0
3.028E+0
3.046E+0
2.966E+0
2.971E+0
2.977E+0
2.985E+0
2.994E+0
3.005E+0
3.018E+0
3.035E+0
3.056E+0
2.967E+0
2.973E+0
2.985E+0
2.994E+0
3.005E+0
3.017E+0
2.862E+0
2.842E+0
2.923E+0
2.918E+0
2.911E+0
2.904E+0
2.893E+0
2.882E+0
2.869E+0
2.851E+0
2.831E+0
2.919E+0
2.914E+0
2.906E+0
2.898E+0
2.889E+0
2.876E+0
3.032E+0
3.050E+0
2.971E+0
2.977E+0
2.982E+0
2.985E+0
2.994E+0
3.005E+0
3.019E+0
3.034E+0
3.055E+0
2.967E+0
2.972E+0
2.980E+0
2.988E+0
2.999E+0
3.011E+0
2.858E+0
2.839E+0
2.918E+0
2.913E+0
2.906E+0
2.899E+0
2.889E+0
2.878E+0
2.864E+0
2.847E+0
2.827E+0
2.914E+0
2.909E+0
2.903E+0
2.893E+0
2.888E+0
2.877E+0
3.028E+0
3.050E+0
2.970E+0
2.976E+0
2.982E+0
2.990E+0
2.998E+0
3.009E+0
3.023E+0
3.038E+0
3.059E+0
2.972E+0
2.977E+0
2.985E+0
2.993E+0
3.003E+0
3.016E+0
2.867E+0
2.844E+0
2.923E+0
2.918E+0
2.912E+0
2.904E+0
2.895E+0
2.884E+0
2.866E+0
2.848E+0
2.828E+0
2.915E+0
2.909E+0
2.902E+0
2.894E+0
2.885E+0
2.872E+0
3.019E+0
3.044E+0
2.965E+0
2.971E+0
2.977E+0
2.984E+0
2.993E+0
3.003E+0
3.017E+0
3.033E+0
3.053E+0
2.967E+0
2.972E+0
2.979E+0
2.987E+0
2.997E+0
3.010E+0
2.872E+0
2.845E+0
2.923E+0
2.918E+0
2.912E+0
2.904E+0
2.895E+0
2.884E+0
2.870E+0
2.854E+0
2.833E+0
2.920E+0
2.914E+0
2.908E+0
2.900E+0
2.889E+0
2.878E+0
3.006E+0
3.048E+0
2.970E+0
2.975E+0
2.982E+0
2.989E+0
2.998E+0
3.008E+0
3.021E+0
3.038E+0
3.053E+0
2.967E+0
2.972E+0
2.979E+0
2.988E+0
2.997E+0
3.010E+0
2.890E+0
2.841E+0
2.919E+0
2.913E+0
2.908E+0
2.900E+0
2.891E+0
2.880E+0
2.865E+0
2.850E+0
2.830E+0
2.915E+0
2.910E+0
2.902E+0
2.895E+0
2.885E+0
2.874E+0
2.948E+0
3.042E+0
2.965E+0
2.972E+0
2.981E+0
2.988E+0
2.997E+0
3.008E+0
3.020E+0
3.037E+0
3.056E+0
2.971E+0
2.977E+0
2.983E+0
2.992E+0
3.001E+0
3.014E+0
2.985E+0
2.846E+0
2.924E+0
2.919E+0
2.913E+0
2.906E+0
2.896E+0
2.885E+0
2.871E+0
2.855E+0
2.836E+0
2.920E+0
2.916E+0
2.903E+0
2.896E+0
2.886E+0
2.874E+0
2.860E+0
3.041E+0
2.965E+0
2.970E+0
2.976E+0
2.983E+0
2.991E+0
3.003E+0
3.015E+0
3.031E+0
3.051E+0
2.966E+0
2.972E+0
2.978E+0
2.986E+0
2.997E+0
3.008E+0
3.023E+0
2.843E+0
2.919E+0
2.914E+0
2.908E+0
2.901E+0
2.896E+0
2.886E+0
2.872E+0
2.856E+0
2.837E+0
2.920E+0
2.915E+0
2.909E+0
2.900E+0
2.892E+0
2.879E+0
2.865E+0
3.045E+0
2.970E+0
2.975E+0
2.980E+0
2.988E+0
2.996E+0
3.007E+0
3.020E+0
3.035E+0
3.055E+0
2.971E+0
2.976E+0
2.983E+0
2.991E+0
3.001E+0
3.008E+0
3.023E+0
2.844E+0
2.919E+0
2.915E+0
2.908E+0
2.901E+0
2.892E+0
2.881E+0
2.868E+0
2.852E+0
2.833E+0
2.916E+0
2.910E+0
2.904E+0
2.896E+0
2.887E+0
2.875E+0
2.861E+0
3.039E+0
2.963E+0
2.970E+0
2.975E+0
2.982E+0
2.991E+0
3.001E+0
3.015E+0
3.034E+0
3.053E+0
2.970E+0
2.975E+0
2.982E+0
2.990E+0
3.000E+0
3.012E+0
3.027E+0
2.851E+0
2.909E+0
2.919E+0
2.914E+0
2.906E+0
2.898E+0
2.886E+0
2.874E+0
2.858E+0
2.839E+0
2.921E+0
2.915E+0
2.909E+0
2.901E+0
2.892E+0
2.881E+0
2.866E+0
3.039E+0
3.031E+0
2.969E+0
2.976E+0
2.982E+0
2.991E+0
3.000E+0
3.013E+0
3.029E+0
3.047E+0
2.965E+0
2.970E+0
2.977E+0
2.984E+0
2.995E+0
3.007E+0
3.021E+0
2.848E+0
2.835E+0
2.914E+0
2.909E+0
2.901E+0
2.893E+0
2.882E+0
2.869E+0
2.854E+0
2.834E+0
2.920E+0
2.915E+0
2.909E+0
2.902E+0
2.892E+0
2.881E+0
2.867E+0
3.038E+0
3.061E+0
2.974E+0
2.980E+0
2.986E+0
2.996E+0
3.006E+0
3.018E+0
3.033E+0
3.052E+0
2.970E+0
2.975E+0
2.982E+0
2.990E+0
2.999E+0
3.012E+0
3.026E+0
2.858E+0
2.832E+0
2.920E+0
2.910E+0
2.902E+0
2.894E+0
2.883E+0
2.870E+0
2.855E+0
2.835E+0
2.916E+0
2.911E+0
2.904E+0
2.897E+0
2.887E+0
2.877E+0
2.863E+0
3.020E+0
3.058E+0
2.968E+0
2.975E+0
2.982E+0
2.990E+0
3.000E+0
3.012E+0
3.028E+0
3.046E+0
2.965E+0
2.971E+0
2.976E+0
2.989E+0
2.998E+0
3.010E+0
3.025E+0
2.878E+0
2.831E+0
2.920E+0
2.914E+0
2.907E+0
2.898E+0
2.889E+0
2.875E+0
2.860E+0
2.841E+0
2.921E+0
2.917E+0
2.910E+0
2.902E+0
2.893E+0
2.882E+0
2.869E+0
3.005E+0
3.062E+0
2.974E+0
2.979E+0
2.987E+0
2.993E+0
3.001E+0
3.012E+0
3.027E+0
3.045E+0
2.964E+0
2.970E+0
2.976E+0
2.984E+0
2.994E+0
3.004E+0
3.020E+0
2.934E+0
2.827E+0
2.915E+0
2.909E+0
2.903E+0
2.894E+0
2.884E+0
2.871E+0
2.855E+0
2.837E+0
2.916E+0
2.911E+0
2.906E+0
2.897E+0
2.889E+0
2.878E+0
2.869E+0
2.902E+0
3.061E+0
2.974E+0
2.978E+0
2.986E+0
2.994E+0
3.004E+0
3.016E+0
3.030E+0
3.050E+0
2.969E+0
2.975E+0
2.981E+0
2.988E+0
2.998E+0
3.009E+0
3.024E+0
3.040E+0
2.833E+0
2.921E+0
2.915E+0
2.909E+0
2.900E+0
2.889E+0
2.877E+0
2.857E+0
2.838E+0
2.917E+0
2.912E+0
2.906E+0
2.897E+0
2.889E+0
2.878E+0
2.864E+0
2.849E+0
3.054E+0
2.968E+0
2.974E+0
2.980E+0
2.989E+0
2.998E+0
3.011E+0
3.025E+0
3.043E+0
2.964E+0
2.969E+0
2.976E+0
2.982E+0
2.993E+0
3.004E+0
3.017E+0
3.035E+0
2.833E+0
2.921E+0
2.915E+0
2.908E+0
2.900E+0
2.889E+0
2.878E+0
2.862E+0
2.844E+0
2.922E+0
2.917E+0
2.911E+0
2.903E+0
2.895E+0
2.884E+0
2.870E+0
2.854E+0
3.058E+0
2.973E+0
2.979E+0
2.985E+0
2.994E+0
3.003E+0
3.015E+0
3.030E+0
3.048E+0
2.970E+0
2.969E+0
2.976E+0
2.983E+0
2.992E+0
3.004E+0
3.017E+0
3.034E+0
2.830E+0
2.916E+0
2.910E+0
2.903E+0
2.896E+0
2.885E+0
2.873E+0
2.858E+0
2.839E+0
2.918E+0
2.912E+0
2.906E+0
2.899E+0
2.889E+0
2.879E+0
2.865E+0
2.850E+0
3.052E+0
2.967E+0
2.974E+0
2.985E+0
2.993E+0
3.002E+0
3.014E+0
3.029E+0
3.047E+0
2.969E+0
2.974E+0
2.980E+0
2.988E+0
2.996E+0
3.008E+0
3.021E+0
3.038E+0
2.838E+0
2.921E+0
2.916E+0
2.909E+0
2.901E+0
2.891E+0
2.878E+0
2.864E+0
2.845E+0
2.922E+0
2.918E+0
2.911E+0
2.902E+0
2.890E+0
2.880E+0
2.867E+0
2.850E+0
3.049E+0
2.967E+0
2.973E+0
2.980E+0
2.987E+0
2.998E+0
3.009E+0
3.024E+0
3.040E+0
2.964E+0
2.969E+0
2.974E+0
2.982E+0
2.991E+0
3.002E+0
3.016E+0
3.031E+0
2.838E+0
2.916E+0
2.911E+0
2.904E+0
2.896E+0
2.886E+0
2.879E+0
2.864E+0
2.847E+0
2.922E+0
2.918E+0
2.911E+0
2.905E+0
2.895E+0
2.885E+0
2.873E+0
2.856E+0
3.048E+0
2.972E+0
2.977E+0
2.985E+0
2.991E+0
3.002E+0
3.014E+0
3.028E+0
3.046E+0
2.969E+0
2.974E+0
2.979E+0
2.987E+0
2.996E+0
3.006E+0
3.016E+0
3.031E+0
2.852E+0
2.917E+0
2.911E+0
2.905E+0
2.896E+0
2.887E+0
2.875E+0
2.860E+0
2.843E+0
2.918E+0
2.913E+0
2.907E+0
2.899E+0
2.891E+0
2.880E+0
2.868E+0
2.851E+0
3.020E+0
2.967E+0
2.972E+0
2.979E+0
2.987E+0
2.996E+0
3.009E+0
3.022E+0
3.044E+0
2.968E+0
2.973E+0
2.979E+0
2.985E+0
2.996E+0
3.006E+0
3.019E+0
3.035E+0
2.879E+0
2.922E+0
2.916E+0
2.910E+0
2.902E+0
2.892E+0
2.881E+0
2.866E+0
2.848E+0
2.923E+0
2.918E+0
2.913E+0
2.905E+0
2.897E+0
2.886E+0
2.873E+0
2.858E+0
2.955E+0
2.967E+0
2.972E+0
2.979E+0
2.986E+0
2.996E+0
3.008E+0
3.021E+0
3.039E+0
2.986E+0
2.967E+0
2.974E+0
2.980E+0
2.990E+0
3.001E+0
3.014E+0
3.030E+0
2.991E+0
2.917E+0
2.912E+0
2.905E+0
2.897E+0
2.887E+0
2.876E+0
2.862E+0
2.844E+0
2.855E+0
2.913E+0
2.913E+0
2.905E+0
2.896E+0
2.887E+0
2.873E+0
2.859E+0
2.839E+0
2.971E+0
2.977E+0
2.983E+0
2.991E+0
3.000E+0
3.012E+0
3.026E+0
3.042E+0
3.054E+0
2.972E+0
2.978E+0
2.986E+0
2.994E+0
3.005E+0
3.017E+0
3.034E+0
3.053E+0
2.922E+0
2.917E+0
2.906E+0
2.899E+0
2.888E+0
2.876E+0
2.862E+0
2.844E+0
2.827E+0
2.913E+0
2.908E+0
2.901E+0
2.892E+0
2.882E+0
2.869E+0
2.854E+0
2.835E+0
2.966E+0
2.972E+0
2.978E+0
2.986E+0
2.995E+0
3.006E+0
3.021E+0
3.037E+0
3.057E+0
2.968E+0
2.973E+0
2.981E+0
2.990E+0
3.004E+0
3.017E+0
3.033E+0
3.052E+0
2.922E+0
2.917E+0
2.911E+0
2.903E+0
2.894E+0
2.881E+0
2.868E+0
2.851E+0
2.830E+0
2.919E+0
2.913E+0
2.906E+0
2.897E+0
2.887E+0
2.875E+0
2.859E+0
2.842E+0
2.970E+0
2.977E+0
2.983E+0
2.991E+0
3.001E+0
3.006E+0
3.020E+0
3.037E+0
3.057E+0
2.968E+0
2.972E+0
2.980E+0
2.988E+0
2.999E+0
3.012E+0
3.027E+0
3.047E+0
2.919E+0
2.913E+0
2.906E+0
2.898E+0
2.890E+0
2.877E+0
2.863E+0
2.846E+0
2.825E+0
2.915E+0
2.908E+0
2.901E+0
2.893E+0
2.882E+0
2.871E+0
2.860E+0
2.842E+0
2.969E+0
2.976E+0
2.983E+0
2.990E+0
3.000E+0
3.010E+0
3.024E+0
3.040E+0
3.060E+0
2.972E+0
2.978E+0
2.985E+0
2.993E+0
3.003E+0
3.016E+0
3.031E+0
3.051E+0
2.927E+0
2.918E+0
2.911E+0
2.903E+0
2.895E+0
2.883E+0
2.869E+0
2.853E+0
2.826E+0
2.915E+0
2.909E+0
2.902E+0
2.894E+0
2.883E+0
2.871E+0
2.856E+0
2.838E+0
2.959E+0
2.971E+0
2.978E+0
2.985E+0
2.994E+0
3.005E+0
3.018E+0
3.035E+0
3.055E+0
2.967E+0
2.973E+0
2.979E+0
2.988E+0
2.998E+0
3.010E+0
3.026E+0
3.044E+0
2.927E+0
2.917E+0
2.912E+0
2.904E+0
2.895E+0
2.884E+0
2.869E+0
2.853E+0
2.833E+0
2.919E+0
2.915E+0
2.907E+0
2.899E+0
2.889E+0
2.877E+0
2.862E+0
2.844E+0
2.949E+0
2.975E+0
2.982E+0
2.990E+0
2.998E+0
3.010E+0
3.023E+0
3.039E+0
3.059E+0
2.972E+0
2.974E+0
2.979E+0
2.988E+0
2.997E+0
3.010E+0
3.025E+0
3.043E+0
2.953E+0
2.913E+0
2.907E+0
2.900E+0
2.890E+0
2.879E+0
2.865E+0
2.849E+0
2.829E+0
2.914E+0
2.910E+0
2.902E+0
2.894E+0
2.884E+0
2.872E+0
2.858E+0
2.839E+0
2.918E+0
2.970E+0
2.976E+0
2.988E+0
2.998E+0
3.009E+0
3.022E+0
3.038E+0
3.058E+0
2.972E+0
2.977E+0
2.983E+0
2.991E+0
3.002E+0
3.014E+0
3.030E+0
3.048E+0
2.969E+0
2.919E+0
2.912E+0
2.905E+0
2.896E+0
2.884E+0
2.872E+0
2.854E+0
2.835E+0
2.920E+0
2.915E+0
2.908E+0
2.900E+0
2.885E+0
2.872E+0
2.858E+0
2.841E+0
2.918E+0
2.971E+0
2.976E+0
2.984E+0
2.993E+0
3.003E+0
3.017E+0
3.032E+0
3.053E+0
2.967E+0
2.972E+0
2.979E+0
2.986E+0
2.997E+0
3.009E+0
3.023E+0
3.042E+0
2.964E+0
2.914E+0
2.908E+0
2.900E+0
2.892E+0
2.880E+0
2.872E+0
2.855E+0
2.836E+0
2.921E+0
2.914E+0
2.908E+0
2.900E+0
2.890E+0
2.878E+0
2.863E+0
2.846E+0
2.923E+0
2.975E+0
2.981E+0
2.989E+0
2.998E+0
3.008E+0
3.021E+0
3.037E+0
3.056E+0
2.972E+0
2.976E+0
2.984E+0
2.991E+0
3.001E+0
3.014E+0
3.027E+0
3.041E+0
2.965E+0
2.915E+0
2.908E+0
2.900E+0
2.892E+0
2.881E+0
2.868E+0
2.851E+0
2.831E+0
2.916E+0
2.910E+0
2.903E+0
2.895E+0
2.885E+0
2.874E+0
2.859E+0
2.842E+0
2.918E+0
2.969E+0
2.976E+0
2.983E+0
2.992E+0
3.002E+0
3.015E+0
3.032E+0
3.050E+0
2.971E+0
2.976E+0
2.983E+0
2.991E+0
3.000E+0
3.013E+0
3.027E+0
3.045E+0
2.969E+0
2.920E+0
2.914E+0
2.906E+0
2.897E+0
2.886E+0
2.873E+0
2.858E+0
2.837E+0
2.921E+0
2.915E+0
2.909E+0
2.901E+0
2.891E+0
2.879E+0
2.865E+0
2.848E+0
2.924E+0
2.968E+0
2.976E+0
2.983E+0
2.992E+0
3.002E+0
3.015E+0
3.030E+0
3.050E+0
2.966E+0
2.971E+0
2.977E+0
2.986E+0
2.995E+0
3.007E+0
3.022E+0
3.039E+0
2.964E+0
2.916E+0
2.909E+0
2.901E+0
2.892E+0
2.882E+0
2.869E+0
2.853E+0
2.833E+0
2.915E+0
2.911E+0
2.908E+0
2.901E+0
2.891E+0
2.880E+0
2.866E+0
2.848E+0
2.906E+0
2.969E+0
2.980E+0
2.988E+0
2.996E+0
3.007E+0
3.019E+0
3.035E+0
3.054E+0
2.971E+0
2.977E+0
2.982E+0
2.990E+0
2.999E+0
3.011E+0
3.027E+0
3.043E+0
3.036E+0
2.928E+0
2.914E+0
2.908E+0
2.893E+0
2.883E+0
2.869E+0
2.854E+0
2.835E+0
2.916E+0
2.911E+0
2.904E+0
2.896E+0
2.887E+0
2.875E+0
2.862E+0
2.844E+0
2.834E+0
2.958E+0
2.974E+0
2.982E+0
2.991E+0
3.001E+0
3.014E+0
3.029E+0
3.048E+0
2.965E+0
2.971E+0
2.977E+0
2.984E+0
2.995E+0
3.010E+0
3.025E+0
3.042E+0
3.060E+0
2.945E+0
2.914E+0
2.907E+0
2.898E+0
2.888E+0
2.876E+0
2.859E+0
2.841E+0
2.921E+0
2.916E+0
2.910E+0
2.901E+0
2.893E+0
2.881E+0
2.867E+0
2.850E+0
2.830E+0
2.934E+0
2.979E+0
2.987E+0
2.996E+0
3.006E+0
3.017E+0
3.028E+0
3.047E+0
2.966E+0
2.971E+0
2.977E+0
2.984E+0
2.994E+0
3.005E+0
3.020E+0
3.036E+0
3.057E+0
2.969E+0
2.909E+0
2.902E+0
2.894E+0
2.883E+0
2.871E+0
2.855E+0
2.836E+0
2.917E+0
2.911E+0
2.905E+0
2.897E+0
2.888E+0
2.876E+0
2.862E+0
2.846E+0
2.830E+0
2.920E+0
2.979E+0
2.986E+0
2.995E+0
3.005E+0
3.018E+0
3.033E+0
3.051E+0
2.971E+0
2.975E+0
2.982E+0
2.989E+0
2.998E+0
3.010E+0
3.023E+0
3.041E+0
3.061E+0
2.973E+0
2.914E+0
2.907E+0
2.900E+0
2.889E+0
2.876E+0
2.861E+0
2.842E+0
2.918E+0
2.912E+0
2.906E+0
2.897E+0
2.888E+0
2.878E+0
2.863E+0
2.847E+0
2.826E+0
2.915E+0
2.974E+0
2.980E+0
2.990E+0
3.000E+0
3.012E+0
3.027E+0
3.045E+0
2.965E+0
2.970E+0
2.976E+0
2.984E+0
2.992E+0
3.004E+0
3.017E+0
3.035E+0
3.056E+0
2.967E+0
2.914E+0
2.907E+0
2.899E+0
2.890E+0
2.877E+0
2.862E+0
2.843E+0
2.922E+0
2.916E+0
2.910E+0
2.903E+0
2.893E+0
2.883E+0
2.868E+0
2.852E+0
2.832E+0
2.920E+0
2.978E+0
2.985E+0
2.994E+0
3.004E+0
3.016E+0
3.032E+0
3.049E+0
2.970E+0
2.975E+0
2.981E+0
2.984E+0
2.992E+0
3.004E+0
3.017E+0
3.034E+0
3.055E+0
2.967E+0
2.910E+0
2.903E+0
2.894E+0
2.885E+0
2.872E+0
2.858E+0
2.839E+0
2.917E+0
2.912E+0
2.906E+0
2.899E+0
2.889E+0
2.878E+0
2.864E+0
2.848E+0
2.829E+0
2.915E+0
2.972E+0
2.980E+0
2.988E+0
3.004E+0
3.015E+0
3.030E+0
3.048E+0
2.969E+0
2.975E+0
2.980E+0
2.988E+0
2.997E+0
3.008E+0
3.022E+0
3.038E+0
3.059E+0
2.973E+0
2.917E+0
2.909E+0
2.900E+0
2.891E+0
2.878E+0
2.863E+0
2.845E+0
2.922E+0
2.917E+0
2.911E+0
2.904E+0
2.895E+0
2.880E+0
2.866E+0
2.849E+0
2.829E+0
2.915E+0
2.970E+0
2.980E+0
2.988E+0
2.998E+0
3.010E+0
3.025E+0
3.043E+0
2.964E+0
2.969E+0
2.976E+0
2.982E+0
2.991E+0
3.002E+0
3.017E+0
3.032E+0
3.053E+0
2.967E+0
2.915E+0
2.904E+0
2.895E+0
2.886E+0
2.874E+0
2.859E+0
2.846E+0
2.923E+0
2.918E+0
2.912E+0
2.904E+0
2.895E+0
2.884E+0
2.870E+0
2.855E+0
2.834E+0
2.921E+0
2.968E+0
2.985E+0
2.993E+0
3.002E+0
3.015E+0
3.029E+0
3.048E+0
2.970E+0
2.974E+0
2.980E+0
2.987E+0
2.997E+0
3.007E+0
3.021E+0
3.037E+0
3.052E+0
2.967E+0
2.922E+0
2.904E+0
2.896E+0
2.886E+0
2.874E+0
2.859E+0
2.842E+0
2.918E+0
2.912E+0
2.907E+0
2.899E+0
2.890E+0
2.879E+0
2.866E+0
2.851E+0
2.830E+0
2.916E+0
2.944E+0
2.978E+0
2.988E+0
2.997E+0
3.009E+0
3.024E+0
3.041E+0
2.965E+0
2.973E+0
2.980E+0
2.986E+0
2.996E+0
3.007E+0
3.019E+0
3.036E+0
3.055E+0
2.972E+0
2.961E+0
2.909E+0
2.901E+0
2.891E+0
2.880E+0
2.865E+0
2.847E+0
2.924E+0
2.918E+0
2.912E+0
2.905E+0
2.895E+0
2.886E+0
2.871E+0
2.856E+0
2.837E+0
2.921E+0
2.916E+0
2.979E+0
2.987E+0
2.997E+0
3.009E+0
3.024E+0
3.040E+0
2.964E+0
2.969E+0
2.975E+0
2.982E+0
2.990E+0
3.001E+0
3.014E+0
3.030E+0
3.050E+0
2.966E+0
2.972E+0
2.905E+0
2.897E+0
2.887E+0
2.875E+0
2.861E+0
2.843E+0
2.919E+0
2.913E+0
2.907E+0
2.900E+0
2.896E+0
2.886E+0
2.872E+0
2.856E+0
2.838E+0
2.920E+0
2.916E+0
2.983E+0
2.992E+0
3.002E+0
3.013E+0
3.028E+0
3.044E+0
2.968E+0
2.974E+0
2.979E+0
2.986E+0
2.995E+0
3.006E+0
3.019E+0
3.034E+0
3.054E+0
2.971E+0
2.977E+0
2.910E+0
2.902E+0
2.890E+0
2.876E+0
2.862E+0
2.844E+0
2.901E+0
2.914E+0
2.907E+0
2.901E+0
2.891E+0
2.881E+0
2.868E+0
2.852E+0
2.834E+0
2.916E+0
2.911E+0
2.978E+0
2.986E+0
2.997E+0
3.008E+0
3.022E+0
3.039E+0
3.028E+0
2.969E+0
2.974E+0
2.981E+0
2.990E+0
3.000E+0
3.016E+0
3.033E+0
3.053E+0
2.971E+0
2.976E+0
2.911E+0
2.902E+0
2.893E+0
2.881E+0
2.867E+0
2.850E+0
2.839E+0
2.920E+0
2.912E+0
2.906E+0
2.897E+0
2.886E+0
2.874E+0
2.858E+0
2.840E+0
2.922E+0
2.916E+0
2.983E+0
2.991E+0
3.001E+0
3.012E+0
3.026E+0
3.039E+0
3.056E+0
2.969E+0
2.974E+0
2.981E+0
2.990E+0
2.999E+0
3.012E+0
3.028E+0
3.047E+0
2.966E+0
2.971E+0
2.907E+0
2.898E+0
2.888E+0
2.877E+0
2.863E+0
2.846E+0
2.825E+0
2.914E+0
2.908E+0
2.901E+0
2.893E+0
2.882E+0
2.869E+0
2.854E+0
2.835E+0
2.922E+0
2.916E+0
2.981E+0
2.990E+0
3.000E+0
3.012E+0
3.025E+0
3.042E+0
3.062E+0
2.973E+0
2.979E+0
2.985E+0
2.994E+0
3.004E+0
3.017E+0
3.032E+0
3.050E+0
2.971E+0
2.976E+0
2.914E+0
2.903E+0
2.893E+0
2.883E+0
2.869E+0
2.851E+0
2.831E+0
2.920E+0
2.909E+0
2.901E+0
2.893E+0
2.882E+0
2.870E+0
2.855E+0
2.836E+0
2.917E+0
2.912E+0
2.971E+0
2.985E+0
2.994E+0
3.006E+0
3.020E+0
3.037E+0
3.058E+0
2.967E+0
2.974E+0
2.980E+0
2.989E+0
2.998E+0
3.010E+0
3.027E+0
3.045E+0
2.965E+0
2.971E+0
2.916E+0
2.904E+0
2.894E+0
2.883E+0
2.869E+0
2.852E+0
2.832E+0
2.919E+0
2.914E+0
2.907E+0
2.898E+0
2.888E+0
2.875E+0
2.860E+0
2.842E+0
2.922E+0
2.917E+0
2.968E+0
2.990E+0
2.999E+0
