This is a C(T) experiment being done in Physics 3600.
It records the decay response of an RC circuit where the capacitance is a strong function of temperature.

11/19/2020
2:54 PM

waveform params		num meas		Index		Time (S)		Temp (C)		Capacitance (F)		Normalized Waveforms

<data below>
1.000000E+1	3.000000E+0	0.000000E+0	3.500000E+1	1.425709E-8	1.000000E+0	1.000000E+0	1.000000E+0
1.000000E+3	0.000000E+0	1.000000E+0	4.000000E+1	1.133640E-8	9.887888E-1	9.909195E-1	9.927023E-1
1.000000E+5	0.000000E+0	2.000000E+0	4.500000E+1	9.136791E-9	9.777190E-1	9.819382E-1	9.855159E-1
0.000000E+0	0.000000E+0	0.000000E+0	0.000000E+0	0.000000E+0	9.667998E-1	9.730511E-1	9.783680E-1
0.000000E+0	0.000000E+0	0.000000E+0	0.000000E+0	0.000000E+0	9.560171E-1	9.642563E-1	9.713049E-1
0.000000E+0	0.000000E+0	0.000000E+0	0.000000E+0	0.000000E+0	9.453664E-1	9.555726E-1	9.642834E-1
0.000000E+0	0.000000E+0	0.000000E+0	0.000000E+0	0.000000E+0	9.348369E-1	9.469578E-1	9.573292E-1
0.000000E+0	0.000000E+0	0.000000E+0	0.000000E+0	0.000000E+0	9.244529E-1	9.384283E-1	9.504367E-1
0.000000E+0	0.000000E+0	0.000000E+0	0.000000E+0	0.000000E+0	9.141853E-1	9.299743E-1	9.435919E-1
0.000000E+0	0.000000E+0	0.000000E+0	0.000000E+0	0.000000E+0	9.040455E-1	9.216391E-1	9.368066E-1
0.000000E+0	0.000000E+0	0.000000E+0	0.000000E+0	0.000000E+0	8.940198E-1	9.133545E-1	9.300671E-1
0.000000E+0	0.000000E+0	0.000000E+0	0.000000E+0	0.000000E+0	8.841222E-1	9.051629E-1	9.233982E-1
0.000000E+0	0.000000E+0	0.000000E+0	0.000000E+0	0.000000E+0	8.743427E-1	8.970518E-1	9.167843E-1
0.000000E+0	0.000000E+0	0.000000E+0	0.000000E+0	0.000000E+0	8.646829E-1	8.890153E-1	9.102002E-1
0.000000E+0	0.000000E+0	0.000000E+0	0.000000E+0	0.000000E+0	8.551224E-1	8.810605E-1	9.036937E-1
0.000000E+0	0.000000E+0	0.000000E+0	0.000000E+0	0.000000E+0	8.456827E-1	8.731849E-1	8.972300E-1
0.000000E+0	0.000000E+0	0.000000E+0	0.000000E+0	0.000000E+0	8.363526E-1	8.653896E-1	8.908009E-1
0.000000E+0	0.000000E+0	0.000000E+0	0.000000E+0	0.000000E+0	8.271449E-1	8.576576E-1	8.844372E-1
0.000000E+0	0.000000E+0	0.000000E+0	0.000000E+0	0.000000E+0	8.180349E-1	8.500000E-1	8.781200E-1
0.000000E+0	0.000000E+0	0.000000E+0	0.000000E+0	0.000000E+0	8.090291E-1	8.424280E-1	8.718672E-1
0.000000E+0	0.000000E+0	0.000000E+0	0.000000E+0	0.000000E+0	8.001298E-1	8.349225E-1	8.656471E-1
0.000000E+0	0.000000E+0	0.000000E+0	0.000000E+0	0.000000E+0	7.913445E-1	8.274975E-1	8.594805E-1
0.000000E+0	0.000000E+0	0.000000E+0	0.000000E+0	0.000000E+0	7.826601E-1	8.201390E-1	8.533518E-1
0.000000E+0	0.000000E+0	0.000000E+0	0.000000E+0	0.000000E+0	7.740648E-1	8.128425E-1	8.472814E-1
0.000000E+0	0.000000E+0	0.000000E+0	0.000000E+0	0.000000E+0	7.655711E-1	8.056178E-1	8.412669E-1
0.000000E+0	0.000000E+0	0.000000E+0	0.000000E+0	0.000000E+0	7.571837E-1	7.984691E-1	8.352900E-1
0.000000E+0	0.000000E+0	0.000000E+0	0.000000E+0	0.000000E+0	7.488984E-1	7.913795E-1	8.293567E-1
0.000000E+0	0.000000E+0	0.000000E+0	0.000000E+0	0.000000E+0	7.407021E-1	7.843647E-1	8.234684E-1
0.000000E+0	0.000000E+0	0.000000E+0	0.000000E+0	0.000000E+0	7.325969E-1	7.774143E-1	8.176289E-1
0.000000E+0	0.000000E+0	0.000000E+0	0.000000E+0	0.000000E+0	7.245742E-1	7.705292E-1	8.118303E-1
0.000000E+0	0.000000E+0	0.000000E+0	0.000000E+0	0.000000E+0	7.166675E-1	7.637017E-1	8.060725E-1
0.000000E+0	0.000000E+0	0.000000E+0	0.000000E+0	0.000000E+0	7.088401E-1	7.569452E-1	8.003612E-1
0.000000E+0	0.000000E+0	0.000000E+0	0.000000E+0	0.000000E+0	7.011017E-1	7.502474E-1	7.946895E-1
0.000000E+0	0.000000E+0	0.000000E+0	0.000000E+0	0.000000E+0	6.934654E-1	7.436256E-1	7.890855E-1
0.000000E+0	0.000000E+0	0.000000E+0	0.000000E+0	0.000000E+0	6.858896E-1	7.370581E-1	7.835027E-1
0.000000E+0	0.000000E+0	0.000000E+0	0.000000E+0	0.000000E+0	6.784106E-1	7.305554E-1	7.779840E-1
0.000000E+0	0.000000E+0	0.000000E+0	0.000000E+0	0.000000E+0	6.710247E-1	7.240924E-1	7.724812E-1
0.000000E+0	0.000000E+0	0.000000E+0	0.000000E+0	0.000000E+0	6.637196E-1	7.177028E-1	7.670225E-1
0.000000E+0	0.000000E+0	0.000000E+0	0.000000E+0	0.000000E+0	6.564963E-1	7.113805E-1	7.616082E-1
0.000000E+0	0.000000E+0	0.000000E+0	0.000000E+0	0.000000E+0	6.493628E-1	7.051068E-1	7.562535E-1
0.000000E+0	0.000000E+0	0.000000E+0	0.000000E+0	0.000000E+0	6.422943E-1	6.989058E-1	7.509213E-1
0.000000E+0	0.000000E+0	0.000000E+0	0.000000E+0	0.000000E+0	6.353144E-1	6.927538E-1	7.456339E-1
0.000000E+0	0.000000E+0	0.000000E+0	0.000000E+0	0.000000E+0	6.284158E-1	6.866637E-1	7.403686E-1
0.000000E+0	0.000000E+0	0.000000E+0	0.000000E+0	0.000000E+0	6.215833E-1	6.806149E-1	7.351706E-1
0.000000E+0	0.000000E+0	0.000000E+0	0.000000E+0	0.000000E+0	6.148416E-1	6.746298E-1	7.300007E-1
0.000000E+0	0.000000E+0	0.000000E+0	0.000000E+0	0.000000E+0	6.081709E-1	6.686924E-1	7.248655E-1
0.000000E+0	0.000000E+0	0.000000E+0	0.000000E+0	0.000000E+0	6.015676E-1	6.628375E-1	7.197687E-1
0.000000E+0	0.000000E+0	0.000000E+0	0.000000E+0	0.000000E+0	5.950423E-1	6.570066E-1	7.147123E-1
0.000000E+0	0.000000E+0	0.000000E+0	0.000000E+0	0.000000E+0	5.885979E-1	6.512472E-1	7.097028E-1
0.000000E+0	0.000000E+0	0.000000E+0	0.000000E+0	0.000000E+0	5.822098E-1	6.455217E-1	7.047341E-1
0.000000E+0	0.000000E+0	0.000000E+0	0.000000E+0	0.000000E+0	5.759104E-1	6.398630E-1	6.997752E-1
0.000000E+0	0.000000E+0	0.000000E+0	0.000000E+0	0.000000E+0	5.696780E-1	6.342440E-1	6.948807E-1
0.000000E+0	0.000000E+0	0.000000E+0	0.000000E+0	0.000000E+0	5.635068E-1	6.286903E-1	6.899990E-1
0.000000E+0	0.000000E+0	0.000000E+0	0.000000E+0	0.000000E+0	5.573957E-1	6.231810E-1	6.851490E-1
0.000000E+0	0.000000E+0	0.000000E+0	0.000000E+0	0.000000E+0	5.513863E-1	6.177256E-1	6.803553E-1
0.000000E+0	0.000000E+0	0.000000E+0	0.000000E+0	0.000000E+0	5.454161E-1	6.123197E-1	6.756025E-1
0.000000E+0	0.000000E+0	0.000000E+0	0.000000E+0	0.000000E+0	5.395215E-1	6.069533E-1	6.708704E-1
0.000000E+0	0.000000E+0	0.000000E+0	0.000000E+0	0.000000E+0	5.336832E-1	6.016428E-1	6.661841E-1
0.000000E+0	0.000000E+0	0.000000E+0	0.000000E+0	0.000000E+0	5.279303E-1	5.963882E-1	6.615242E-1
0.000000E+0	0.000000E+0	0.000000E+0	0.000000E+0	0.000000E+0	5.222178E-1	5.911675E-1	6.569048E-1
0.000000E+0	0.000000E+0	0.000000E+0	0.000000E+0	0.000000E+0	5.165805E-1	5.859950E-1	6.523180E-1
0.000000E+0	0.000000E+0	0.000000E+0	0.000000E+0	0.000000E+0	5.109934E-1	5.808796E-1	6.477602E-1
0.000000E+0	0.000000E+0	0.000000E+0	0.000000E+0	0.000000E+0	5.054884E-1	5.758160E-1	6.432301E-1
0.000000E+0	0.000000E+0	0.000000E+0	0.000000E+0	0.000000E+0	5.000304E-1	5.707753E-1	6.387367E-1
0.000000E+0	0.000000E+0	0.000000E+0	0.000000E+0	0.000000E+0	4.946353E-1	5.657970E-1	6.342825E-1
0.000000E+0	0.000000E+0	0.000000E+0	0.000000E+0	0.000000E+0	4.892982E-1	5.608518E-1	6.298626E-1
0.000000E+0	0.000000E+0	0.000000E+0	0.000000E+0	0.000000E+0	4.840199E-1	5.559580E-1	6.254688E-1
0.000000E+0	0.000000E+0	0.000000E+0	0.000000E+0	0.000000E+0	4.788021E-1	5.511120E-1	6.211072E-1
0.000000E+0	0.000000E+0	0.000000E+0	0.000000E+0	0.000000E+0	4.736341E-1	5.463035E-1	6.167861E-1
0.000000E+0	0.000000E+0	0.000000E+0	0.000000E+0	0.000000E+0	4.685188E-1	5.415362E-1	6.124910E-1
0.000000E+0	0.000000E+0	0.000000E+0	0.000000E+0	0.000000E+0	4.634872E-1	5.368290E-1	6.082388E-1
0.000000E+0	0.000000E+0	0.000000E+0	0.000000E+0	0.000000E+0	4.584887E-1	5.321552E-1	6.039866E-1
0.000000E+0	0.000000E+0	0.000000E+0	0.000000E+0	0.000000E+0	4.535621E-1	5.275124E-1	5.997808E-1
0.000000E+0	0.000000E+0	0.000000E+0	0.000000E+0	0.000000E+0	4.486636E-1	5.229174E-1	5.956090E-1
0.000000E+0	0.000000E+0	0.000000E+0	0.000000E+0	0.000000E+0	4.438510E-1	5.183680E-1	5.914722E-1
0.000000E+0	0.000000E+0	0.000000E+0	0.000000E+0	0.000000E+0	4.390661E-1	5.138481E-1	5.873543E-1
0.000000E+0	0.000000E+0	0.000000E+0	0.000000E+0	0.000000E+0	4.343474E-1	5.093690E-1	5.832730E-1
0.000000E+0	0.000000E+0	0.000000E+0	0.000000E+0	0.000000E+0	4.296544E-1	5.049539E-1	5.792236E-1
0.000000E+0	0.000000E+0	0.000000E+0	0.000000E+0	0.000000E+0	4.250333E-1	5.005487E-1	5.751961E-1
0.000000E+0	0.000000E+0	0.000000E+0	0.000000E+0	0.000000E+0	4.204624E-1	4.962014E-1	5.711985E-1
0.000000E+0	0.000000E+0	0.000000E+0	0.000000E+0	0.000000E+0	4.159512E-1	4.918765E-1	5.672409E-1
0.000000E+0	0.000000E+0	0.000000E+0	0.000000E+0	0.000000E+0	4.114739E-1	4.876068E-1	5.633032E-1
0.000000E+0	0.000000E+0	0.000000E+0	0.000000E+0	0.000000E+0	4.070460E-1	4.833733E-1	5.593946E-1
0.000000E+0	0.000000E+0	0.000000E+0	0.000000E+0	0.000000E+0	4.026801E-1	4.791717E-1	5.555112E-1
0.000000E+0	0.000000E+0	0.000000E+0	0.000000E+0	0.000000E+0	3.983597E-1	4.749860E-1	5.516511E-1
0.000000E+0	0.000000E+0	0.000000E+0	0.000000E+0	0.000000E+0	3.940633E-1	4.708677E-1	5.478309E-1
0.000000E+0	0.000000E+0	0.000000E+0	0.000000E+0	0.000000E+0	3.898282E-1	4.667857E-1	5.440308E-1
0.000000E+0	0.000000E+0	0.000000E+0	0.000000E+0	0.000000E+0	3.856400E-1	4.627347E-1	5.402637E-1
0.000000E+0	0.000000E+0	0.000000E+0	0.000000E+0	0.000000E+0	3.815029E-1	4.587106E-1	5.365264E-1
0.000000E+0	0.000000E+0	0.000000E+0	0.000000E+0	0.000000E+0	3.774038E-1	4.547421E-1	5.328152E-1
0.000000E+0	0.000000E+0	0.000000E+0	0.000000E+0	0.000000E+0	3.733464E-1	4.507927E-1	5.291309E-1
0.000000E+0	0.000000E+0	0.000000E+0	0.000000E+0	0.000000E+0	3.693490E-1	4.468845E-1	5.254560E-1
0.000000E+0	0.000000E+0	0.000000E+0	0.000000E+0	0.000000E+0	3.653818E-1	4.430082E-1	5.218272E-1
0.000000E+0	0.000000E+0	0.000000E+0	0.000000E+0	0.000000E+0	3.614632E-1	4.391670E-1	5.182009E-1
0.000000E+0	0.000000E+0	0.000000E+0	0.000000E+0	0.000000E+0	3.575810E-1	4.353445E-1	5.146211E-1
0.000000E+0	0.000000E+0	0.000000E+0	0.000000E+0	0.000000E+0	3.537437E-1	4.315686E-1	5.110613E-1
0.000000E+0	0.000000E+0	0.000000E+0	0.000000E+0	0.000000E+0	3.499444E-1	4.278265E-1	5.075222E-1
0.000000E+0	0.000000E+0	0.000000E+0	0.000000E+0	0.000000E+0	3.461949E-1	4.241233E-1	5.040163E-1
0.000000E+0	0.000000E+0	0.000000E+0	0.000000E+0	0.000000E+0	3.424724E-1	4.204457E-1	5.005401E-1
0.000000E+0	0.000000E+0	0.000000E+0	0.000000E+0	0.000000E+0	3.388034E-1	4.168130E-1	4.970721E-1
0.000000E+0	0.000000E+0	0.000000E+0	0.000000E+0	0.000000E+0	3.351764E-1	4.131930E-1	4.936424E-1
0.000000E+0	0.000000E+0	0.000000E+0	0.000000E+0	0.000000E+0	3.315809E-1	4.096236E-1	4.902290E-1
0.000000E+0	0.000000E+0	0.000000E+0	0.000000E+0	0.000000E+0	3.280287E-1	4.060640E-1	4.868491E-1
0.000000E+0	0.000000E+0	0.000000E+0	0.000000E+0	0.000000E+0	3.245174E-1	4.025570E-1	4.834847E-1
0.000000E+0	0.000000E+0	0.000000E+0	0.000000E+0	0.000000E+0	3.210379E-1	3.990676E-1	4.801477E-1
0.000000E+0	0.000000E+0	0.000000E+0	0.000000E+0	0.000000E+0	3.176029E-1	3.956190E-1	4.768208E-1
0.000000E+0	0.000000E+0	0.000000E+0	0.000000E+0	0.000000E+0	3.142002E-1	3.921818E-1	4.735287E-1
0.000000E+0	0.000000E+0	0.000000E+0	0.000000E+0	0.000000E+0	3.108412E-1	3.887887E-1	4.702671E-1
0.000000E+0	0.000000E+0	0.000000E+0	0.000000E+0	0.000000E+0	3.074940E-1	3.854213E-1	4.670198E-1
0.000000E+0	0.000000E+0	0.000000E+0	0.000000E+0	0.000000E+0	3.042048E-1	3.820861E-1	4.638068E-1
0.000000E+0	0.000000E+0	0.000000E+0	0.000000E+0	0.000000E+0	3.009398E-1	3.787898E-1	4.605962E-1
0.000000E+0	0.000000E+0	0.000000E+0	0.000000E+0	0.000000E+0	2.977331E-1	3.755175E-1	4.574321E-1
0.000000E+0	0.000000E+0	0.000000E+0	0.000000E+0	0.000000E+0	2.945473E-1	3.722619E-1	4.542762E-1
0.000000E+0	0.000000E+0	0.000000E+0	0.000000E+0	0.000000E+0	2.913937E-1	3.690488E-1	4.511448E-1
0.000000E+0	0.000000E+0	0.000000E+0	0.000000E+0	0.000000E+0	2.882692E-1	3.658536E-1	4.480350E-1
0.000000E+0	0.000000E+0	0.000000E+0	0.000000E+0	0.000000E+0	2.851940E-1	3.626956E-1	4.449579E-1
0.000000E+0	0.000000E+0	0.000000E+0	0.000000E+0	0.000000E+0	2.821356E-1	3.595641E-1	4.418771E-1
0.000000E+0	0.000000E+0	0.000000E+0	0.000000E+0	0.000000E+0	2.791291E-1	3.564473E-1	4.388485E-1
0.000000E+0	0.000000E+0	0.000000E+0	0.000000E+0	0.000000E+0	2.761324E-1	3.533799E-1	4.358162E-1
0.000000E+0	0.000000E+0	0.000000E+0	0.000000E+0	0.000000E+0	2.731769E-1	3.503112E-1	4.328137E-1
0.000000E+0	0.000000E+0	0.000000E+0	0.000000E+0	0.000000E+0	2.702598E-1	3.472875E-1	4.298328E-1
0.000000E+0	0.000000E+0	0.000000E+0	0.000000E+0	0.000000E+0	2.673620E-1	3.442874E-1	4.268724E-1
0.000000E+0	0.000000E+0	0.000000E+0	0.000000E+0	0.000000E+0	2.645049E-1	3.413130E-1	4.239372E-1
0.000000E+0	0.000000E+0	0.000000E+0	0.000000E+0	0.000000E+0	2.616749E-1	3.383713E-1	4.210322E-1
0.000000E+0	0.000000E+0	0.000000E+0	0.000000E+0	0.000000E+0	2.588864E-1	3.354528E-1	4.181252E-1
0.000000E+0	0.000000E+0	0.000000E+0	0.000000E+0	0.000000E+0	2.561205E-1	3.325605E-1	4.152529E-1
0.000000E+0	0.000000E+0	0.000000E+0	0.000000E+0	0.000000E+0	2.533913E-1	3.296959E-1	4.123952E-1
0.000000E+0	0.000000E+0	0.000000E+0	0.000000E+0	0.000000E+0	2.506727E-1	3.268436E-1	4.095600E-1
0.000000E+0	0.000000E+0	0.000000E+0	0.000000E+0	0.000000E+0	2.480032E-1	3.240235E-1	4.067362E-1
0.000000E+0	0.000000E+0	0.000000E+0	0.000000E+0	0.000000E+0	2.453557E-1	3.212205E-1	4.039488E-1
0.000000E+0	0.000000E+0	0.000000E+0	0.000000E+0	0.000000E+0	2.427384E-1	3.184571E-1	4.011629E-1
0.000000E+0	0.000000E+0	0.000000E+0	0.000000E+0	0.000000E+0	2.401436E-1	3.157052E-1	3.984277E-1
0.000000E+0	0.000000E+0	0.000000E+0	0.000000E+0	0.000000E+0	2.375773E-1	3.129822E-1	3.956778E-1
0.000000E+0	0.000000E+0	0.000000E+0	0.000000E+0	0.000000E+0	2.350462E-1	3.102862E-1	3.929503E-1
0.000000E+0	0.000000E+0	0.000000E+0	0.000000E+0	0.000000E+0	2.325343E-1	3.076028E-1	3.902464E-1
0.000000E+0	0.000000E+0	0.000000E+0	0.000000E+0	0.000000E+0	2.300482E-1	3.049545E-1	3.875757E-1
0.000000E+0	0.000000E+0	0.000000E+0	0.000000E+0	0.000000E+0	2.275955E-1	3.023389E-1	3.849065E-1
0.000000E+0	0.000000E+0	0.000000E+0	0.000000E+0	0.000000E+0	2.251608E-1	2.997200E-1	3.822582E-1
0.000000E+0	0.000000E+0	0.000000E+0	0.000000E+0	0.000000E+0	2.227596E-1	2.971468E-1	3.796396E-1
0.000000E+0	0.000000E+0	0.000000E+0	0.000000E+0	0.000000E+0	2.203816E-1	2.945789E-1	3.770378E-1
0.000000E+0	0.000000E+0	0.000000E+0	0.000000E+0	0.000000E+0	2.180372E-1	2.920400E-1	3.744470E-1
0.000000E+0	0.000000E+0	0.000000E+0	0.000000E+0	0.000000E+0	2.157128E-1	2.895272E-1	3.718803E-1
0.000000E+0	0.000000E+0	0.000000E+0	0.000000E+0	0.000000E+0	2.134051E-1	2.870295E-1	3.693282E-1
0.000000E+0	0.000000E+0	0.000000E+0	0.000000E+0	0.000000E+0	2.111272E-1	2.845686E-1	3.667982E-1
0.000000E+0	0.000000E+0	0.000000E+0	0.000000E+0	0.000000E+0	2.088845E-1	2.821178E-1	3.642739E-1
0.000000E+0	0.000000E+0	0.000000E+0	0.000000E+0	0.000000E+0	2.066650E-1	2.796863E-1	3.617777E-1
0.000000E+0	0.000000E+0	0.000000E+0	0.000000E+0	0.000000E+0	2.044640E-1	2.772751E-1	3.593016E-1
0.000000E+0	0.000000E+0	0.000000E+0	0.000000E+0	0.000000E+0	2.022768E-1	2.748864E-1	3.568417E-1
0.000000E+0	0.000000E+0	0.000000E+0	0.000000E+0	0.000000E+0	2.001353E-1	2.725344E-1	3.543982E-1
0.000000E+0	0.000000E+0	0.000000E+0	0.000000E+0	0.000000E+0	1.979976E-1	2.701816E-1	3.519559E-1
0.000000E+0	0.000000E+0	0.000000E+0	0.000000E+0	0.000000E+0	1.958945E-1	2.678521E-1	3.495467E-1
0.000000E+0	0.000000E+0	0.000000E+0	0.000000E+0	0.000000E+0	1.937963E-1	2.655446E-1	3.471488E-1
0.000000E+0	0.000000E+0	0.000000E+0	0.000000E+0	0.000000E+0	1.917456E-1	2.632579E-1	3.447714E-1
0.000000E+0	0.000000E+0	0.000000E+0	0.000000E+0	0.000000E+0	1.896977E-1	2.610071E-1	3.423981E-1
0.000000E+0	0.000000E+0	0.000000E+0	0.000000E+0	0.000000E+0	1.876845E-1	2.587510E-1	3.400598E-1
0.000000E+0	0.000000E+0	0.000000E+0	0.000000E+0	0.000000E+0	1.856766E-1	2.565247E-1	3.377399E-1
0.000000E+0	0.000000E+0	0.000000E+0	0.000000E+0	0.000000E+0	1.836952E-1	2.543278E-1	3.354176E-1
0.000000E+0	0.000000E+0	0.000000E+0	0.000000E+0	0.000000E+0	1.817486E-1	2.521436E-1	3.331242E-1
0.000000E+0	0.000000E+0	0.000000E+0	0.000000E+0	0.000000E+0	1.798147E-1	2.499642E-1	3.308529E-1
0.000000E+0	0.000000E+0	0.000000E+0	0.000000E+0	0.000000E+0	1.778983E-1	2.478188E-1	3.285897E-1
0.000000E+0	0.000000E+0	0.000000E+0	0.000000E+0	0.000000E+0	1.760195E-1	2.456974E-1	3.263359E-1
0.000000E+0	0.000000E+0	0.000000E+0	0.000000E+0	0.000000E+0	1.741337E-1	2.435817E-1	3.240956E-1
0.000000E+0	0.000000E+0	0.000000E+0	0.000000E+0	0.000000E+0	1.722810E-1	2.414925E-1	3.218805E-1
0.000000E+0	0.000000E+0	0.000000E+0	0.000000E+0	0.000000E+0	1.704504E-1	2.394083E-1	3.196789E-1
0.000000E+0	0.000000E+0	0.000000E+0	0.000000E+0	0.000000E+0	1.686402E-1	2.373566E-1	3.175002E-1
0.000000E+0	0.000000E+0	0.000000E+0	0.000000E+0	0.000000E+0	1.668480E-1	2.353258E-1	3.153178E-1
0.000000E+0	0.000000E+0	0.000000E+0	0.000000E+0	0.000000E+0	1.650802E-1	2.332950E-1	3.131664E-1
0.000000E+0	0.000000E+0	0.000000E+0	0.000000E+0	0.000000E+0	1.633190E-1	2.312887E-1	3.110159E-1
0.000000E+0	0.000000E+0	0.000000E+0	0.000000E+0	0.000000E+0	1.615922E-1	2.293069E-1	3.088828E-1
0.000000E+0	0.000000E+0	0.000000E+0	0.000000E+0	0.000000E+0	1.598665E-1	2.273426E-1	3.067739E-1
0.000000E+0	0.000000E+0	0.000000E+0	0.000000E+0	0.000000E+0	1.581743E-1	2.253788E-1	3.046804E-1
0.000000E+0	0.000000E+0	0.000000E+0	0.000000E+0	0.000000E+0	1.564883E-1	2.234537E-1	3.025955E-1
0.000000E+0	0.000000E+0	0.000000E+0	0.000000E+0	0.000000E+0	1.548207E-1	2.215290E-1	3.005376E-1
0.000000E+0	0.000000E+0	0.000000E+0	0.000000E+0	0.000000E+0	1.531836E-1	2.196321E-1	2.984694E-1
0.000000E+0	0.000000E+0	0.000000E+0	0.000000E+0	0.000000E+0	1.515609E-1	2.177535E-1	2.964465E-1
0.000000E+0	0.000000E+0	0.000000E+0	0.000000E+0	0.000000E+0	1.499561E-1	2.158806E-1	2.944225E-1
0.000000E+0	0.000000E+0	0.000000E+0	0.000000E+0	0.000000E+0	1.483493E-1	2.140306E-1	2.924065E-1
0.000000E+0	0.000000E+0	0.000000E+0	0.000000E+0	0.000000E+0	1.467883E-1	2.122035E-1	2.904085E-1
0.000000E+0	0.000000E+0	0.000000E+0	0.000000E+0	0.000000E+0	1.452358E-1	2.103751E-1	2.884146E-1
0.000000E+0	0.000000E+0	0.000000E+0	0.000000E+0	0.000000E+0	1.436866E-1	2.085668E-1	2.864595E-1
0.000000E+0	0.000000E+0	0.000000E+0	0.000000E+0	0.000000E+0	1.421562E-1	2.067874E-1	2.845048E-1
0.000000E+0	0.000000E+0	0.000000E+0	0.000000E+0	0.000000E+0	1.406474E-1	2.050194E-1	2.825509E-1
0.000000E+0	0.000000E+0	0.000000E+0	0.000000E+0	0.000000E+0	1.391623E-1	2.032576E-1	2.806320E-1
0.000000E+0	0.000000E+0	0.000000E+0	0.000000E+0	0.000000E+0	1.376822E-1	2.015165E-1	2.787079E-1
0.000000E+0	0.000000E+0	0.000000E+0	0.000000E+0	0.000000E+0	1.362195E-1	1.997910E-1	2.768254E-1
0.000000E+0	0.000000E+0	0.000000E+0	0.000000E+0	0.000000E+0	1.347810E-1	1.980830E-1	2.749208E-1
0.000000E+0	0.000000E+0	0.000000E+0	0.000000E+0	0.000000E+0	1.333515E-1	1.963775E-1	2.730461E-1
0.000000E+0	0.000000E+0	0.000000E+0	0.000000E+0	0.000000E+0	1.319395E-1	1.946981E-1	2.711844E-1
0.000000E+0	0.000000E+0	0.000000E+0	0.000000E+0	0.000000E+0	1.305377E-1	1.930285E-1	2.693288E-1
0.000000E+0	0.000000E+0	0.000000E+0	0.000000E+0	0.000000E+0	1.291613E-1	1.913789E-1	2.674977E-1
0.000000E+0	0.000000E+0	0.000000E+0	0.000000E+0	0.000000E+0	1.277951E-1	1.897354E-1	2.656649E-1
0.000000E+0	0.000000E+0	0.000000E+0	0.000000E+0	0.000000E+0	1.264362E-1	1.881225E-1	2.638514E-1
0.000000E+0	0.000000E+0	0.000000E+0	0.000000E+0	0.000000E+0	1.250851E-1	1.864978E-1	2.620476E-1
0.000000E+0	0.000000E+0	0.000000E+0	0.000000E+0	0.000000E+0	1.237777E-1	1.849151E-1	2.602777E-1
0.000000E+0	0.000000E+0	0.000000E+0	0.000000E+0	0.000000E+0	1.224735E-1	1.833218E-1	2.584931E-1
0.000000E+0	0.000000E+0	0.000000E+0	0.000000E+0	0.000000E+0	1.211767E-1	1.817575E-1	2.567273E-1
0.000000E+0	0.000000E+0	0.000000E+0	0.000000E+0	0.000000E+0	1.198869E-1	1.801960E-1	2.549916E-1
0.000000E+0	0.000000E+0	0.000000E+0	0.000000E+0	0.000000E+0	1.186199E-1	1.786591E-1	2.532466E-1
0.000000E+0	0.000000E+0	0.000000E+0	0.000000E+0	0.000000E+0	1.173672E-1	1.771274E-1	2.515191E-1
0.000000E+0	0.000000E+0	0.000000E+0	0.000000E+0	0.000000E+0	1.161231E-1	1.756161E-1	2.498080E-1
0.000000E+0	0.000000E+0	0.000000E+0	0.000000E+0	0.000000E+0	1.148888E-1	1.741114E-1	2.481066E-1
0.000000E+0	0.000000E+0	0.000000E+0	0.000000E+0	0.000000E+0	1.136758E-1	1.726250E-1	2.464122E-1
0.000000E+0	0.000000E+0	0.000000E+0	0.000000E+0	0.000000E+0	1.124843E-1	1.711501E-1	2.447369E-1
0.000000E+0	0.000000E+0	0.000000E+0	0.000000E+0	0.000000E+0	1.112876E-1	1.696878E-1	2.430727E-1
0.000000E+0	0.000000E+0	0.000000E+0	0.000000E+0	0.000000E+0	1.101040E-1	1.682386E-1	2.414097E-1
0.000000E+0	0.000000E+0	0.000000E+0	0.000000E+0	0.000000E+0	1.089444E-1	1.667906E-1	2.397814E-1
0.000000E+0	0.000000E+0	0.000000E+0	0.000000E+0	0.000000E+0	1.077991E-1	1.653793E-1	2.381359E-1
0.000000E+0	0.000000E+0	0.000000E+0	0.000000E+0	0.000000E+0	1.066580E-1	1.639591E-1	2.365157E-1
0.000000E+0	0.000000E+0	0.000000E+0	0.000000E+0	0.000000E+0	1.055335E-1	1.625584E-1	2.349172E-1
0.000000E+0	0.000000E+0	0.000000E+0	0.000000E+0	0.000000E+0	1.044136E-1	1.611688E-1	2.333211E-1
0.000000E+0	0.000000E+0	0.000000E+0	0.000000E+0	0.000000E+0	1.033182E-1	1.597946E-1	2.317246E-1
0.000000E+0	0.000000E+0	0.000000E+0	0.000000E+0	0.000000E+0	1.022244E-1	1.584217E-1	2.301513E-1
0.000000E+0	0.000000E+0	0.000000E+0	0.000000E+0	0.000000E+0	1.011461E-1	1.570753E-1	2.285867E-1
0.000000E+0	0.000000E+0	0.000000E+0	0.000000E+0	0.000000E+0	1.000682E-1	1.557347E-1	2.270244E-1
0.000000E+0	0.000000E+0	0.000000E+0	0.000000E+0	0.000000E+0	9.901116E-2	1.544054E-1	2.254699E-1
0.000000E+0	0.000000E+0	0.000000E+0	0.000000E+0	0.000000E+0	9.796924E-2	1.530795E-1	2.239550E-1
0.000000E+0	0.000000E+0	0.000000E+0	0.000000E+0	0.000000E+0	9.693589E-2	1.517837E-1	2.224275E-1
0.000000E+0	0.000000E+0	0.000000E+0	0.000000E+0	0.000000E+0	9.590090E-2	1.504904E-1	2.209134E-1
0.000000E+0	0.000000E+0	0.000000E+0	0.000000E+0	0.000000E+0	9.490023E-2	1.492076E-1	2.194107E-1
0.000000E+0	0.000000E+0	0.000000E+0	0.000000E+0	0.000000E+0	9.390650E-2	1.479253E-1	2.179252E-1
0.000000E+0	0.000000E+0	0.000000E+0	0.000000E+0	0.000000E+0	9.291399E-2	1.466655E-1	2.164401E-1
0.000000E+0	0.000000E+0	0.000000E+0	0.000000E+0	0.000000E+0	9.191944E-2	1.454191E-1	2.149676E-1
0.000000E+0	0.000000E+0	0.000000E+0	0.000000E+0	0.000000E+0	9.095716E-2	1.441833E-1	2.135106E-1
0.000000E+0	0.000000E+0	0.000000E+0	0.000000E+0	0.000000E+0	9.000958E-2	1.429369E-1	2.120581E-1
0.000000E+0	0.000000E+0	0.000000E+0	0.000000E+0	0.000000E+0	8.905424E-2	1.417309E-1	2.106163E-1
0.000000E+0	0.000000E+0	0.000000E+0	0.000000E+0	0.000000E+0	8.810544E-2	1.405135E-1	2.091899E-1
0.000000E+0	0.000000E+0	0.000000E+0	0.000000E+0	0.000000E+0	8.718319E-2	1.393230E-1	2.077680E-1
0.000000E+0	0.000000E+0	0.000000E+0	0.000000E+0	0.000000E+0	8.627278E-2	1.381264E-1	2.063600E-1
0.000000E+0	0.000000E+0	0.000000E+0	0.000000E+0	0.000000E+0	8.536114E-2	1.369474E-1	2.049577E-1
0.000000E+0	0.000000E+0	0.000000E+0	0.000000E+0	0.000000E+0	8.445972E-2	1.357908E-1	2.035717E-1
0.000000E+0	0.000000E+0	0.000000E+0	0.000000E+0	0.000000E+0	8.358198E-2	1.346309E-1	2.021837E-1
0.000000E+0	0.000000E+0	0.000000E+0	0.000000E+0	0.000000E+0	8.269240E-2	1.334825E-1	2.008161E-1
0.000000E+0	0.000000E+0	0.000000E+0	0.000000E+0	0.000000E+0	8.182529E-2	1.323434E-1	1.994387E-1
0.000000E+0	0.000000E+0	0.000000E+0	0.000000E+0	0.000000E+0	8.095286E-2	1.312182E-1	1.980919E-1
0.000000E+0	0.000000E+0	0.000000E+0	0.000000E+0	0.000000E+0	8.012128E-2	1.301032E-1	1.967541E-1
0.000000E+0	0.000000E+0	0.000000E+0	0.000000E+0	0.000000E+0	7.926070E-2	1.289968E-1	1.954179E-1
0.000000E+0	0.000000E+0	0.000000E+0	0.000000E+0	0.000000E+0	7.844382E-2	1.278941E-1	1.940914E-1
0.000000E+0	0.000000E+0	0.000000E+0	0.000000E+0	0.000000E+0	7.760121E-2	1.268101E-1	1.927826E-1
0.000000E+0	0.000000E+0	0.000000E+0	0.000000E+0	0.000000E+0	7.679455E-2	1.257266E-1	1.914798E-1
0.000000E+0	0.000000E+0	0.000000E+0	0.000000E+0	0.000000E+0	7.599074E-2	1.246569E-1	1.901697E-1
0.000000E+0	0.000000E+0	0.000000E+0	0.000000E+0	0.000000E+0	7.518407E-2	1.236027E-1	1.888866E-1
0.000000E+0	0.000000E+0	0.000000E+0	0.000000E+0	0.000000E+0	7.439497E-2	1.225461E-1	1.876083E-1
0.000000E+0	0.000000E+0	0.000000E+0	0.000000E+0	0.000000E+0	7.361403E-2	1.215087E-1	1.863398E-1
0.000000E+0	0.000000E+0	0.000000E+0	0.000000E+0	0.000000E+0	7.283923E-2	1.204843E-1	1.850604E-1
0.000000E+0	0.000000E+0	0.000000E+0	0.000000E+0	0.000000E+0	7.207340E-2	1.194493E-1	1.838013E-1
0.000000E+0	0.000000E+0	0.000000E+0	0.000000E+0	0.000000E+0	7.131289E-2	1.184360E-1	1.825601E-1
0.000000E+0	0.000000E+0	0.000000E+0	0.000000E+0	0.000000E+0	7.057321E-2	1.174279E-1	1.813288E-1
0.000000E+0	0.000000E+0	0.000000E+0	0.000000E+0	0.000000E+0	6.982576E-2	1.164427E-1	1.800942E-1
0.000000E+0	0.000000E+0	0.000000E+0	0.000000E+0	0.000000E+0	6.909262E-2	1.154363E-1	1.788771E-1
0.000000E+0	0.000000E+0	0.000000E+0	0.000000E+0	0.000000E+0	6.837581E-2	1.144629E-1	1.776682E-1
0.000000E+0	0.000000E+0	0.000000E+0	0.000000E+0	0.000000E+0	6.766267E-2	1.134851E-1	1.764666E-1
0.000000E+0	0.000000E+0	0.000000E+0	0.000000E+0	0.000000E+0	6.695403E-2	1.125280E-1	1.752732E-1
0.000000E+0	0.000000E+0	0.000000E+0	0.000000E+0	0.000000E+0	6.624662E-2	1.115735E-1	1.740905E-1
0.000000E+0	0.000000E+0	0.000000E+0	0.000000E+0	0.000000E+0	6.554247E-2	1.106225E-1	1.729048E-1
0.000000E+0	0.000000E+0	0.000000E+0	0.000000E+0	0.000000E+0	6.486160E-2	1.096822E-1	1.717347E-1
0.000000E+0	0.000000E+0	0.000000E+0	0.000000E+0	0.000000E+0	6.418318E-2	1.087542E-1	1.705784E-1
0.000000E+0	0.000000E+0	0.000000E+0	0.000000E+0	0.000000E+0	6.351661E-2	1.078225E-1	1.694152E-1
0.000000E+0	0.000000E+0	0.000000E+0	0.000000E+0	0.000000E+0	6.284187E-2	1.069160E-1	1.682650E-1
0.000000E+0	0.000000E+0	0.000000E+0	0.000000E+0	0.000000E+0	6.218510E-2	1.060051E-1	1.671447E-1
0.000000E+0	0.000000E+0	0.000000E+0	0.000000E+0	0.000000E+0	6.153487E-2	1.051060E-1	1.659912E-1
0.000000E+0	0.000000E+0	0.000000E+0	0.000000E+0	0.000000E+0	6.088667E-2	1.042090E-1	1.648725E-1
0.000000E+0	0.000000E+0	0.000000E+0	0.000000E+0	0.000000E+0	6.024788E-2	1.033250E-1	1.637627E-1
0.000000E+0	0.000000E+0	0.000000E+0	0.000000E+0	0.000000E+0	5.962256E-2	1.024471E-1	1.626505E-1
0.000000E+0	0.000000E+0	0.000000E+0	0.000000E+0	0.000000E+0	5.899397E-2	1.015803E-1	1.615591E-1
0.000000E+0	0.000000E+0	0.000000E+0	0.000000E+0	0.000000E+0	5.838009E-2	1.007249E-1	1.604669E-1
0.000000E+0	0.000000E+0	0.000000E+0	0.000000E+0	0.000000E+0	5.777029E-2	9.986171E-2	1.593792E-1
0.000000E+0	0.000000E+0	0.000000E+0	0.000000E+0	0.000000E+0	5.715804E-2	9.901690E-2	1.582992E-1
0.000000E+0	0.000000E+0	0.000000E+0	0.000000E+0	0.000000E+0	5.656458E-2	9.818638E-2	1.572249E-1
0.000000E+0	0.000000E+0	0.000000E+0	0.000000E+0	0.000000E+0	5.597275E-2	9.735178E-2	1.561735E-1
0.000000E+0	0.000000E+0	0.000000E+0	0.000000E+0	0.000000E+0	5.538214E-2	9.651881E-2	1.551160E-1
0.000000E+0	0.000000E+0	0.000000E+0	0.000000E+0	0.000000E+0	5.479726E-2	9.570462E-2	1.540756E-1
0.000000E+0	0.000000E+0	0.000000E+0	0.000000E+0	0.000000E+0	5.423239E-2	9.489206E-2	1.530311E-1
0.000000E+0	0.000000E+0	0.000000E+0	0.000000E+0	0.000000E+0	5.366425E-2	9.409011E-2	1.519911E-1
0.000000E+0	0.000000E+0	0.000000E+0	0.000000E+0	0.000000E+0	5.310428E-2	9.329101E-2	1.509691E-1
0.000000E+0	0.000000E+0	0.000000E+0	0.000000E+0	0.000000E+0	5.255207E-2	9.251436E-2	1.499479E-1
0.000000E+0	0.000000E+0	0.000000E+0	0.000000E+0	0.000000E+0	5.200109E-2	9.172588E-2	1.489405E-1
0.000000E+0	0.000000E+0	0.000000E+0	0.000000E+0	0.000000E+0	5.145991E-2	9.094474E-2	1.479307E-1
0.000000E+0	0.000000E+0	0.000000E+0	0.000000E+0	0.000000E+0	5.092281E-2	9.017952E-2	1.469327E-1
0.000000E+0	0.000000E+0	0.000000E+0	0.000000E+0	0.000000E+0	5.039307E-2	8.941308E-2	1.459405E-1
0.000000E+0	0.000000E+0	0.000000E+0	0.000000E+0	0.000000E+0	4.986046E-2	8.865438E-2	1.449629E-1
0.000000E+0	0.000000E+0	0.000000E+0	0.000000E+0	0.000000E+0	4.934134E-2	8.790630E-2	1.439694E-1
0.000000E+0	0.000000E+0	0.000000E+0	0.000000E+0	0.000000E+0	4.883283E-2	8.716149E-2	1.429935E-1
0.000000E+0	0.000000E+0	0.000000E+0	0.000000E+0	0.000000E+0	4.832187E-2	8.643463E-2	1.420237E-1
0.000000E+0	0.000000E+0	0.000000E+0	0.000000E+0	0.000000E+0	4.781827E-2	8.570165E-2	1.410714E-1
0.000000E+0	0.000000E+0	0.000000E+0	0.000000E+0	0.000000E+0	4.731507E-2	8.496622E-2	1.401265E-1
0.000000E+0	0.000000E+0	0.000000E+0	0.000000E+0	0.000000E+0	4.683352E-2	8.425324E-2	1.391848E-1
0.000000E+0	0.000000E+0	0.000000E+0	0.000000E+0	0.000000E+0	4.634217E-2	8.353740E-2	1.382374E-1
0.000000E+0	0.000000E+0	0.000000E+0	0.000000E+0	0.000000E+0	4.585980E-2	8.283340E-2	1.373133E-1
0.000000E+0	0.000000E+0	0.000000E+0	0.000000E+0	0.000000E+0	4.537785E-2	8.213960E-2	1.363741E-1
0.000000E+0	0.000000E+0	0.000000E+0	0.000000E+0	0.000000E+0	4.491386E-2	8.144213E-2	1.354724E-1
0.000000E+0	0.000000E+0	0.000000E+0	0.000000E+0	0.000000E+0	4.443925E-2	8.075731E-2	1.345467E-1
0.000000E+0	0.000000E+0	0.000000E+0	0.000000E+0	0.000000E+0	4.397323E-2	8.006881E-2	1.336470E-1
0.000000E+0	0.000000E+0	0.000000E+0	0.000000E+0	0.000000E+0	4.352435E-2	7.939664E-2	1.327458E-1
0.000000E+0	0.000000E+0	0.000000E+0	0.000000E+0	0.000000E+0	4.306853E-2	7.872692E-2	1.318559E-1
0.000000E+0	0.000000E+0	0.000000E+0	0.000000E+0	0.000000E+0	4.261639E-2	7.807148E-2	1.309616E-1
0.000000E+0	0.000000E+0	0.000000E+0	0.000000E+0	0.000000E+0	4.217038E-2	7.740054E-2	1.300954E-1
0.000000E+0	0.000000E+0	0.000000E+0	0.000000E+0	0.000000E+0	4.173416E-2	7.674959E-2	1.291962E-1
0.000000E+0	0.000000E+0	0.000000E+0	0.000000E+0	0.000000E+0	4.131184E-2	7.609619E-2	1.283369E-1
0.000000E+0	0.000000E+0	0.000000E+0	0.000000E+0	0.000000E+0	4.087481E-2	7.545382E-2	1.274748E-1
0.000000E+0	0.000000E+0	0.000000E+0	0.000000E+0	0.000000E+0	4.044676E-2	7.481960E-2	1.266233E-1
0.000000E+0	0.000000E+0	0.000000E+0	0.000000E+0	0.000000E+0	4.003342E-2	7.419110E-2	1.257624E-1
0.000000E+0	0.000000E+0	0.000000E+0	0.000000E+0	0.000000E+0	3.961600E-2	7.356219E-2	1.249183E-1
0.000000E+0	0.000000E+0	0.000000E+0	0.000000E+0	0.000000E+0	3.919898E-2	7.295083E-2	1.240749E-1
0.000000E+0	0.000000E+0	0.000000E+0	0.000000E+0	0.000000E+0	3.878769E-2	7.233090E-2	1.232414E-1
0.000000E+0	0.000000E+0	0.000000E+0	0.000000E+0	0.000000E+0	3.839722E-2	7.172403E-2	1.224156E-1
0.000000E+0	0.000000E+0	0.000000E+0	0.000000E+0	0.000000E+0	3.799368E-2	7.111675E-2	1.215927E-1
0.000000E+0	0.000000E+0	0.000000E+0	0.000000E+0	0.000000E+0	3.760403E-2	7.052131E-2	1.207656E-1
0.000000E+0	0.000000E+0	0.000000E+0	0.000000E+0	0.000000E+0	3.720580E-2	6.992953E-2	1.199651E-1
0.000000E+0	0.000000E+0	0.000000E+0	0.000000E+0	0.000000E+0	3.682759E-2	6.934633E-2	1.191528E-1
0.000000E+0	0.000000E+0	0.000000E+0	0.000000E+0	0.000000E+0	3.644284E-2	6.875252E-2	1.183474E-1
0.000000E+0	0.000000E+0	0.000000E+0	0.000000E+0	0.000000E+0	3.607034E-2	6.817667E-2	1.175641E-1
0.000000E+0	0.000000E+0	0.000000E+0	0.000000E+0	0.000000E+0	3.568559E-2	6.759673E-2	1.167677E-1
0.000000E+0	0.000000E+0	0.000000E+0	0.000000E+0	0.000000E+0	3.531310E-2	6.703965E-2	1.159721E-1
0.000000E+0	0.000000E+0	0.000000E+0	0.000000E+0	0.000000E+0	3.495612E-2	6.647767E-2	1.152071E-1
0.000000E+0	0.000000E+0	0.000000E+0	0.000000E+0	0.000000E+0	3.460323E-2	6.591121E-2	1.144343E-1
0.000000E+0	0.000000E+0	0.000000E+0	0.000000E+0	0.000000E+0	3.423359E-2	6.535658E-2	1.136730E-1
0.000000E+0	0.000000E+0	0.000000E+0	0.000000E+0	0.000000E+0	3.388479E-2	6.481582E-2	1.128982E-1
0.000000E+0	0.000000E+0	0.000000E+0	0.000000E+0	0.000000E+0	3.353761E-2	6.426527E-2	1.121466E-1
0.000000E+0	0.000000E+0	0.000000E+0	0.000000E+0	0.000000E+0	3.318227E-2	6.371921E-2	1.113914E-1
0.000000E+0	0.000000E+0	0.000000E+0	0.000000E+0	0.000000E+0	3.282611E-2	6.318008E-2	1.106423E-1
0.000000E+0	0.000000E+0	0.000000E+0	0.000000E+0	0.000000E+0	3.250263E-2	6.265565E-2	1.099018E-1
0.000000E+0	0.000000E+0	0.000000E+0	0.000000E+0	0.000000E+0	3.216240E-2	6.213204E-2	1.091625E-1
0.000000E+0	0.000000E+0	0.000000E+0	0.000000E+0	0.000000E+0	3.183157E-2	6.160883E-2	1.084322E-1
0.000000E+0	0.000000E+0	0.000000E+0	0.000000E+0	0.000000E+0	3.149991E-2	6.109174E-2	1.077003E-1
0.000000E+0	0.000000E+0	0.000000E+0	0.000000E+0	0.000000E+0	3.118215E-2	6.057466E-2	1.069801E-1
0.000000E+0	0.000000E+0	0.000000E+0	0.000000E+0	0.000000E+0	3.085499E-2	6.007267E-2	1.062616E-1
0.000000E+0	0.000000E+0	0.000000E+0	0.000000E+0	0.000000E+0	3.054376E-2	5.955314E-2	1.055476E-1
0.000000E+0	0.000000E+0	0.000000E+0	0.000000E+0	0.000000E+0	3.022150E-2	5.906218E-2	1.048467E-1
0.000000E+0	0.000000E+0	0.000000E+0	0.000000E+0	0.000000E+0	2.990904E-2	5.856060E-2	1.041470E-1
0.000000E+0	0.000000E+0	0.000000E+0	0.000000E+0	0.000000E+0	2.960190E-2	5.807535E-2	1.034456E-1
0.000000E+0	0.000000E+0	0.000000E+0	0.000000E+0	0.000000E+0	2.929802E-2	5.758438E-2	1.027516E-1
0.000000E+0	0.000000E+0	0.000000E+0	0.000000E+0	0.000000E+0	2.899700E-2	5.710199E-2	1.020507E-1
0.000000E+0	0.000000E+0	0.000000E+0	0.000000E+0	0.000000E+0	2.870088E-2	5.661755E-2	1.013771E-1
0.000000E+0	0.000000E+0	0.000000E+0	0.000000E+0	0.000000E+0	2.840150E-2	5.615311E-2	1.006806E-1
0.000000E+0	0.000000E+0	0.000000E+0	0.000000E+0	0.000000E+0	2.810946E-2	5.567194E-2	1.000099E-1
0.000000E+0	0.000000E+0	0.000000E+0	0.000000E+0	0.000000E+0	2.782968E-2	5.520954E-2	9.934401E-2
0.000000E+0	0.000000E+0	0.000000E+0	0.000000E+0	0.000000E+0	2.753765E-2	5.474143E-2	9.867897E-2
0.000000E+0	0.000000E+0	0.000000E+0	0.000000E+0	0.000000E+0	2.725256E-2	5.428924E-2	9.800985E-2
0.000000E+0	0.000000E+0	0.000000E+0	0.000000E+0	0.000000E+0	2.697114E-2	5.383990E-2	9.736357E-2
0.000000E+0	0.000000E+0	0.000000E+0	0.000000E+0	0.000000E+0	2.669096E-2	5.338526E-2	9.671118E-2
0.000000E+0	0.000000E+0	0.000000E+0	0.000000E+0	0.000000E+0	2.641526E-2	5.292490E-2	9.606409E-2
0.000000E+0	0.000000E+0	0.000000E+0	0.000000E+0	0.000000E+0	2.615141E-2	5.249556E-2	9.542272E-2
0.000000E+0	0.000000E+0	0.000000E+0	0.000000E+0	0.000000E+0	2.587735E-2	5.205643E-2	9.477971E-2
0.000000E+0	0.000000E+0	0.000000E+0	0.000000E+0	0.000000E+0	2.561921E-2	5.161933E-2	9.414282E-2
0.000000E+0	0.000000E+0	0.000000E+0	0.000000E+0	0.000000E+0	2.534719E-2	5.118346E-2	9.352225E-2
0.000000E+0	0.000000E+0	0.000000E+0	0.000000E+0	0.000000E+0	2.509559E-2	5.077126E-2	9.289516E-2
0.000000E+0	0.000000E+0	0.000000E+0	0.000000E+0	0.000000E+0	2.482847E-2	5.033213E-2	9.227337E-2
0.000000E+0	0.000000E+0	0.000000E+0	0.000000E+0	0.000000E+0	2.458954E-2	4.991789E-2	9.166014E-2
0.000000E+0	0.000000E+0	0.000000E+0	0.000000E+0	0.000000E+0	2.432119E-2	4.949712E-2	9.104569E-2
0.000000E+0	0.000000E+0	0.000000E+0	0.000000E+0	0.000000E+0	2.408062E-2	4.908941E-2	9.043002E-2
0.000000E+0	0.000000E+0	0.000000E+0	0.000000E+0	0.000000E+0	2.383638E-2	4.867150E-2	8.982537E-2
0.000000E+0	0.000000E+0	0.000000E+0	0.000000E+0	0.000000E+0	2.357947E-2	4.826052E-2	8.922520E-2
0.000000E+0	0.000000E+0	0.000000E+0	0.000000E+0	0.000000E+0	2.333400E-2	4.785812E-2	8.864094E-2
0.000000E+0	0.000000E+0	0.000000E+0	0.000000E+0	0.000000E+0	2.310078E-2	4.746551E-2	8.804526E-2
0.000000E+0	0.000000E+0	0.000000E+0	0.000000E+0	0.000000E+0	2.287042E-2	4.706964E-2	8.745407E-2
0.000000E+0	0.000000E+0	0.000000E+0	0.000000E+0	0.000000E+0	2.263720E-2	4.667090E-2	8.686573E-2
0.000000E+0	0.000000E+0	0.000000E+0	0.000000E+0	0.000000E+0	2.239826E-2	4.628891E-2	8.628800E-2
0.000000E+0	0.000000E+0	0.000000E+0	0.000000E+0	0.000000E+0	2.217852E-2	4.590650E-2	8.571844E-2
0.000000E+0	0.000000E+0	0.000000E+0	0.000000E+0	0.000000E+0	2.193387E-2	4.552287E-2	8.513704E-2
0.000000E+0	0.000000E+0	0.000000E+0	0.000000E+0	0.000000E+0	2.171127E-2	4.513516E-2	8.456747E-2
0.000000E+0	0.000000E+0	0.000000E+0	0.000000E+0	0.000000E+0	2.148540E-2	4.476173E-2	8.400484E-2
0.000000E+0	0.000000E+0	0.000000E+0	0.000000E+0	0.000000E+0	2.128200E-2	4.438422E-2	8.344424E-2
0.000000E+0	0.000000E+0	0.000000E+0	0.000000E+0	0.000000E+0	2.106063E-2	4.402222E-2	8.289018E-2
0.000000E+0	0.000000E+0	0.000000E+0	0.000000E+0	0.000000E+0	2.083803E-2	4.364594E-2	8.233856E-2
0.000000E+0	0.000000E+0	0.000000E+0	0.000000E+0	0.000000E+0	2.063013E-2	4.328924E-2	8.178532E-2
0.000000E+0	0.000000E+0	0.000000E+0	0.000000E+0	0.000000E+0	2.042877E-2	4.292969E-2	8.123288E-2
0.000000E+0	0.000000E+0	0.000000E+0	0.000000E+0	0.000000E+0	2.022496E-2	4.257259E-2	8.069881E-2
0.000000E+0	0.000000E+0	0.000000E+0	0.000000E+0	0.000000E+0	2.000563E-2	4.220895E-2	8.016311E-2
0.000000E+0	0.000000E+0	0.000000E+0	0.000000E+0	0.000000E+0	1.980631E-2	4.186736E-2	7.962251E-2
0.000000E+0	0.000000E+0	0.000000E+0	0.000000E+0	0.000000E+0	1.959842E-2	4.151474E-2	7.909252E-2
0.000000E+0	0.000000E+0	0.000000E+0	0.000000E+0	0.000000E+0	1.940604E-2	4.118090E-2	7.856538E-2
0.000000E+0	0.000000E+0	0.000000E+0	0.000000E+0	0.000000E+0	1.920468E-2	4.082707E-2	7.805007E-2
0.000000E+0	0.000000E+0	0.000000E+0	0.000000E+0	0.000000E+0	1.900169E-2	4.048588E-2	7.752335E-2
0.000000E+0	0.000000E+0	0.000000E+0	0.000000E+0	0.000000E+0	1.880931E-2	4.014959E-2	7.701294E-2
0.000000E+0	0.000000E+0	0.000000E+0	0.000000E+0	0.000000E+0	1.861449E-2	3.982106E-2	7.648825E-2
0.000000E+0	0.000000E+0	0.000000E+0	0.000000E+0	0.000000E+0	1.843804E-2	3.947865E-2	7.599457E-2
0.000000E+0	0.000000E+0	0.000000E+0	0.000000E+0	0.000000E+0	1.824117E-2	3.917052E-2	7.548131E-2
0.000000E+0	0.000000E+0	0.000000E+0	0.000000E+0	0.000000E+0	1.805493E-2	3.883300E-2	7.497906E-2
0.000000E+0	0.000000E+0	0.000000E+0	0.000000E+0	0.000000E+0	1.787195E-2	3.852120E-2	7.447640E-2
0.000000E+0	0.000000E+0	0.000000E+0	0.000000E+0	0.000000E+0	1.768529E-2	3.819144E-2	7.398191E-2
0.000000E+0	0.000000E+0	0.000000E+0	0.000000E+0	0.000000E+0	1.750231E-2	3.787801E-2	7.349353E-2
0.000000E+0	0.000000E+0	0.000000E+0	0.000000E+0	0.000000E+0	1.732382E-2	3.755110E-2	7.301617E-2
0.000000E+0	0.000000E+0	0.000000E+0	0.000000E+0	0.000000E+0	1.715799E-2	3.724951E-2	7.251963E-2
0.000000E+0	0.000000E+0	0.000000E+0	0.000000E+0	0.000000E+0	1.698359E-2	3.694179E-2	7.203697E-2
0.000000E+0	0.000000E+0	0.000000E+0	0.000000E+0	0.000000E+0	1.680796E-2	3.662305E-2	7.155186E-2
0.000000E+0	0.000000E+0	0.000000E+0	0.000000E+0	0.000000E+0	1.662580E-2	3.633002E-2	7.108184E-2
0.000000E+0	0.000000E+0	0.000000E+0	0.000000E+0	0.000000E+0	1.647672E-2	3.603372E-2	7.061550E-2
0.000000E+0	0.000000E+0	0.000000E+0	0.000000E+0	0.000000E+0	1.629537E-2	3.572478E-2	7.014671E-2
0.000000E+0	0.000000E+0	0.000000E+0	0.000000E+0	0.000000E+0	1.612750E-2	3.543991E-2	6.966812E-2
0.000000E+0	0.000000E+0	0.000000E+0	0.000000E+0	0.000000E+0	1.596740E-2	3.513097E-2	6.921524E-2
0.000000E+0	0.000000E+0	0.000000E+0	0.000000E+0	0.000000E+0	1.581096E-2	3.485549E-2	6.874890E-2
0.000000E+0	0.000000E+0	0.000000E+0	0.000000E+0	0.000000E+0	1.564718E-2	3.456246E-2	6.829275E-2
0.000000E+0	0.000000E+0	0.000000E+0	0.000000E+0	0.000000E+0	1.550096E-2	3.427800E-2	6.784763E-2
0.000000E+0	0.000000E+0	0.000000E+0	0.000000E+0	0.000000E+0	1.532533E-2	3.398865E-2	6.739883E-2
0.000000E+0	0.000000E+0	0.000000E+0	0.000000E+0	0.000000E+0	1.518156E-2	3.371521E-2	6.694391E-2
0.000000E+0	0.000000E+0	0.000000E+0	0.000000E+0	0.000000E+0	1.502431E-2	3.343320E-2	6.649021E-2
0.000000E+0	0.000000E+0	0.000000E+0	0.000000E+0	0.000000E+0	1.488054E-2	3.315037E-2	6.605161E-2
0.000000E+0	0.000000E+0	0.000000E+0	0.000000E+0	0.000000E+0	1.472247E-2	3.287244E-2	6.562525E-2
0.000000E+0	0.000000E+0	0.000000E+0	0.000000E+0	0.000000E+0	1.458156E-2	3.261737E-2	6.518012E-2
0.000000E+0	0.000000E+0	0.000000E+0	0.000000E+0	0.000000E+0	1.442227E-2	3.233740E-2	6.474927E-2
0.000000E+0	0.000000E+0	0.000000E+0	0.000000E+0	0.000000E+0	1.428463E-2	3.206437E-2	6.432536E-2
0.000000E+0	0.000000E+0	0.000000E+0	0.000000E+0	0.000000E+0	1.413759E-2	3.180358E-2	6.389492E-2
0.000000E+0	0.000000E+0	0.000000E+0	0.000000E+0	0.000000E+0	1.399668E-2	3.154484E-2	6.346897E-2
0.000000E+0	0.000000E+0	0.000000E+0	0.000000E+0	0.000000E+0	1.385209E-2	3.129180E-2	6.304465E-2
0.000000E+0	0.000000E+0	0.000000E+0	0.000000E+0	0.000000E+0	1.371894E-2	3.102449E-2	6.263991E-2
0.000000E+0	0.000000E+0	0.000000E+0	0.000000E+0	0.000000E+0	1.357149E-2	3.077268E-2	6.222457E-2
0.000000E+0	0.000000E+0	0.000000E+0	0.000000E+0	0.000000E+0	1.344447E-2	3.052454E-2	6.181371E-2
0.000000E+0	0.000000E+0	0.000000E+0	0.000000E+0	0.000000E+0	1.330642E-2	3.026620E-2	6.139266E-2
0.000000E+0	0.000000E+0	0.000000E+0	0.000000E+0	0.000000E+0	1.317817E-2	3.001480E-2	6.098588E-2
0.000000E+0	0.000000E+0	0.000000E+0	0.000000E+0	0.000000E+0	1.302909E-2	2.976585E-2	6.057788E-2
0.000000E+0	0.000000E+0	0.000000E+0	0.000000E+0	0.000000E+0	1.291432E-2	2.951649E-2	6.018416E-2
0.000000E+0	0.000000E+0	0.000000E+0	0.000000E+0	0.000000E+0	1.278239E-2	2.928101E-2	5.978554E-2
0.000000E+0	0.000000E+0	0.000000E+0	0.000000E+0	0.000000E+0	1.264965E-2	2.903001E-2	5.939142E-2
0.000000E+0	0.000000E+0	0.000000E+0	0.000000E+0	0.000000E+0	1.252712E-2	2.880228E-2	5.898668E-2
0.000000E+0	0.000000E+0	0.000000E+0	0.000000E+0	0.000000E+0	1.240336E-2	2.856598E-2	5.860479E-2
0.000000E+0	0.000000E+0	0.000000E+0	0.000000E+0	0.000000E+0	1.227511E-2	2.832683E-2	5.820618E-2
0.000000E+0	0.000000E+0	0.000000E+0	0.000000E+0	0.000000E+0	1.214400E-2	2.808236E-2	5.784142E-2
0.000000E+0	0.000000E+0	0.000000E+0	0.000000E+0	0.000000E+0	1.202555E-2	2.785790E-2	5.744852E-2
0.000000E+0	0.000000E+0	0.000000E+0	0.000000E+0	0.000000E+0	1.190384E-2	2.763180E-2	5.708254E-2
0.000000E+0	0.000000E+0	0.000000E+0	0.000000E+0	0.000000E+0	1.177559E-2	2.741142E-2	5.668882E-2
0.000000E+0	0.000000E+0	0.000000E+0	0.000000E+0	0.000000E+0	1.166817E-2	2.717349E-2	5.631918E-2
0.000000E+0	0.000000E+0	0.000000E+0	0.000000E+0	0.000000E+0	1.154033E-2	2.695392E-2	5.594463E-2
0.000000E+0	0.000000E+0	0.000000E+0	0.000000E+0	0.000000E+0	1.143046E-2	2.673517E-2	5.557131E-2
0.000000E+0	0.000000E+0	0.000000E+0	0.000000E+0	0.000000E+0	1.132549E-2	2.651601E-2	5.520860E-2
0.000000E+0	0.000000E+0	0.000000E+0	0.000000E+0	0.000000E+0	1.120541E-2	2.628624E-2	5.484222E-2
0.000000E+0	0.000000E+0	0.000000E+0	0.000000E+0	0.000000E+0	1.108492E-2	2.608055E-2	5.448073E-2
0.000000E+0	0.000000E+0	0.000000E+0	0.000000E+0	0.000000E+0	1.097627E-2	2.587322E-2	5.411924E-2
0.000000E+0	0.000000E+0	0.000000E+0	0.000000E+0	0.000000E+0	1.087008E-2	2.566182E-2	5.376346E-2
0.000000E+0	0.000000E+0	0.000000E+0	0.000000E+0	0.000000E+0	1.077042E-2	2.544552E-2	5.340361E-2
0.000000E+0	0.000000E+0	0.000000E+0	0.000000E+0	0.000000E+0	1.065606E-2	2.524513E-2	5.305273E-2
0.000000E+0	0.000000E+0	0.000000E+0	0.000000E+0	0.000000E+0	1.054455E-2	2.502964E-2	5.270919E-2
0.000000E+0	0.000000E+0	0.000000E+0	0.000000E+0	0.000000E+0	1.045306E-2	2.482395E-2	5.235709E-2
0.000000E+0	0.000000E+0	0.000000E+0	0.000000E+0	0.000000E+0	1.034728E-2	2.461949E-2	5.202212E-2
0.000000E+0	0.000000E+0	0.000000E+0	0.000000E+0	0.000000E+0	1.024680E-2	2.442236E-2	5.167369E-2
0.000000E+0	0.000000E+0	0.000000E+0	0.000000E+0	0.000000E+0	1.013121E-2	2.422484E-2	5.132729E-2
0.000000E+0	0.000000E+0	0.000000E+0	0.000000E+0	0.000000E+0	1.004340E-2	2.402200E-2	5.098947E-2
0.000000E+0	0.000000E+0	0.000000E+0	0.000000E+0	0.000000E+0	9.947416E-3	2.382815E-2	5.065001E-2
0.000000E+0	0.000000E+0	0.000000E+0	0.000000E+0	0.000000E+0	9.844490E-3	2.362654E-2	5.032688E-2
0.000000E+0	0.000000E+0	0.000000E+0	0.000000E+0	0.000000E+0	9.738295E-3	2.344615E-2	4.999191E-2
0.000000E+0	0.000000E+0	0.000000E+0	0.000000E+0	0.000000E+0	9.642721E-3	2.324903E-2	4.966673E-2
0.000000E+0	0.000000E+0	0.000000E+0	0.000000E+0	0.000000E+0	9.550005E-3	2.305721E-2	4.933136E-2
0.000000E+0	0.000000E+0	0.000000E+0	0.000000E+0	0.000000E+0	9.455247E-3	2.286988E-2	4.901312E-2
0.000000E+0	0.000000E+0	0.000000E+0	0.000000E+0	0.000000E+0	9.360898E-3	2.268419E-2	4.868182E-2
0.000000E+0	0.000000E+0	0.000000E+0	0.000000E+0	0.000000E+0	9.265323E-3	2.249238E-2	4.836970E-2
0.000000E+0	0.000000E+0	0.000000E+0	0.000000E+0	0.000000E+0	9.172608E-3	2.230995E-2	4.804289E-2
0.000000E+0	0.000000E+0	0.000000E+0	0.000000E+0	0.000000E+0	9.086019E-3	2.212466E-2	4.773037E-2
0.000000E+0	0.000000E+0	0.000000E+0	0.000000E+0	0.000000E+0	8.994120E-3	2.194346E-2	4.741539E-2
0.000000E+0	0.000000E+0	0.000000E+0	0.000000E+0	0.000000E+0	8.902221E-3	2.176674E-2	4.711592E-2
0.000000E+0	0.000000E+0	0.000000E+0	0.000000E+0	0.000000E+0	8.814815E-3	2.159248E-2	4.679564E-2
0.000000E+0	0.000000E+0	0.000000E+0	0.000000E+0	0.000000E+0	8.724550E-3	2.140923E-2	4.650106E-2
0.000000E+0	0.000000E+0	0.000000E+0	0.000000E+0	0.000000E+0	8.638778E-3	2.123986E-2	4.619465E-2
0.000000E+0	0.000000E+0	0.000000E+0	0.000000E+0	0.000000E+0	8.554640E-3	2.105866E-2	4.588049E-2
0.000000E+0	0.000000E+0	0.000000E+0	0.000000E+0	0.000000E+0	8.481121E-3	2.089827E-2	4.558469E-2
0.000000E+0	0.000000E+0	0.000000E+0	0.000000E+0	0.000000E+0	8.395757E-3	2.072237E-2	4.527747E-2
0.000000E+0	0.000000E+0	0.000000E+0	0.000000E+0	0.000000E+0	8.305901E-3	2.056606E-2	4.498045E-2
0.000000E+0	0.000000E+0	0.000000E+0	0.000000E+0	0.000000E+0	8.221354E-3	2.038935E-2	4.469852E-2
0.000000E+0	0.000000E+0	0.000000E+0	0.000000E+0	0.000000E+0	8.145384E-3	2.023304E-2	4.439293E-2
0.000000E+0	0.000000E+0	0.000000E+0	0.000000E+0	0.000000E+0	8.066964E-3	2.005591E-2	4.410161E-2
0.000000E+0	0.000000E+0	0.000000E+0	0.000000E+0	0.000000E+0	7.984868E-3	1.989430E-2	4.381438E-2
0.000000E+0	0.000000E+0	0.000000E+0	0.000000E+0	0.000000E+0	7.906447E-3	1.972779E-2	4.353368E-2
0.000000E+0	0.000000E+0	0.000000E+0	0.000000E+0	0.000000E+0	7.831295E-3	1.957556E-2	4.323869E-2
0.000000E+0	0.000000E+0	0.000000E+0	0.000000E+0	0.000000E+0	7.751241E-3	1.940497E-2	4.295677E-2
0.000000E+0	0.000000E+0	0.000000E+0	0.000000E+0	0.000000E+0	7.673229E-3	1.926212E-2	4.267973E-2
0.000000E+0	0.000000E+0	0.000000E+0	0.000000E+0	0.000000E+0	7.596442E-3	1.910133E-2	4.239577E-2
0.000000E+0	0.000000E+0	0.000000E+0	0.000000E+0	0.000000E+0	7.529867E-3	1.894542E-2	4.211833E-2
0.000000E+0	0.000000E+0	0.000000E+0	0.000000E+0	0.000000E+0	7.453080E-3	1.878626E-2	4.184170E-2
0.000000E+0	0.000000E+0	0.000000E+0	0.000000E+0	0.000000E+0	7.374660E-3	1.863444E-2	4.157568E-2
0.000000E+0	0.000000E+0	0.000000E+0	0.000000E+0	0.000000E+0	7.301550E-3	1.848017E-2	4.130436E-2
0.000000E+0	0.000000E+0	0.000000E+0	0.000000E+0	0.000000E+0	7.237016E-3	1.834182E-2	4.102488E-2
0.000000E+0	0.000000E+0	0.000000E+0	0.000000E+0	0.000000E+0	7.166356E-3	1.818265E-2	4.075193E-2
0.000000E+0	0.000000E+0	0.000000E+0	0.000000E+0	0.000000E+0	7.092020E-3	1.804144E-2	4.048347E-2
0.000000E+0	0.000000E+0	0.000000E+0	0.000000E+0	0.000000E+0	7.016459E-3	1.789207E-2	4.023622E-2
0.000000E+0	0.000000E+0	0.000000E+0	0.000000E+0	0.000000E+0	6.955602E-3	1.774923E-2	3.996245E-2
0.000000E+0	0.000000E+0	0.000000E+0	0.000000E+0	0.000000E+0	6.881674E-3	1.760721E-2	3.969644E-2
0.000000E+0	0.000000E+0	0.000000E+0	0.000000E+0	0.000000E+0	6.821226E-3	1.745498E-2	3.944021E-2
0.000000E+0	0.000000E+0	0.000000E+0	0.000000E+0	0.000000E+0	6.736270E-3	1.731010E-2	3.919419E-2
0.000000E+0	0.000000E+0	0.000000E+0	0.000000E+0	0.000000E+0	6.688483E-3	1.717991E-2	3.893307E-2
0.000000E+0	0.000000E+0	0.000000E+0	0.000000E+0	0.000000E+0	6.624358E-3	1.702931E-2	3.867725E-2
0.000000E+0	0.000000E+0	0.000000E+0	0.000000E+0	0.000000E+0	6.561050E-3	1.690647E-2	3.842062E-2
0.000000E+0	0.000000E+0	0.000000E+0	0.000000E+0	0.000000E+0	6.480996E-3	1.675669E-2	3.816807E-2
0.000000E+0	0.000000E+0	0.000000E+0	0.000000E+0	0.000000E+0	6.418505E-3	1.662609E-2	3.792980E-2
0.000000E+0	0.000000E+0	0.000000E+0	0.000000E+0	0.000000E+0	6.354380E-3	1.648692E-2	3.766419E-2
0.000000E+0	0.000000E+0	0.000000E+0	0.000000E+0	0.000000E+0	6.302508E-3	1.635714E-2	3.742306E-2
0.000000E+0	0.000000E+0	0.000000E+0	0.000000E+0	0.000000E+0	6.221637E-3	1.621920E-2	3.718397E-2
0.000000E+0	0.000000E+0	0.000000E+0	0.000000E+0	0.000000E+0	6.178751E-3	1.609758E-2	3.694203E-2
0.000000E+0	0.000000E+0	0.000000E+0	0.000000E+0	0.000000E+0	6.118711E-3	1.597147E-2	3.670294E-2
0.000000E+0	0.000000E+0	0.000000E+0	0.000000E+0	0.000000E+0	6.058262E-3	1.583965E-2	3.646834E-2
0.000000E+0	0.000000E+0	0.000000E+0	0.000000E+0	0.000000E+0	5.994137E-3	1.571640E-2	3.623660E-2
0.000000E+0	0.000000E+0	0.000000E+0	0.000000E+0	0.000000E+0	5.941448E-3	1.558743E-2	3.599955E-2
0.000000E+0	0.000000E+0	0.000000E+0	0.000000E+0	0.000000E+0	5.879366E-3	1.546051E-2	3.575148E-2
0.000000E+0	0.000000E+0	0.000000E+0	0.000000E+0	0.000000E+0	5.827085E-3	1.533399E-2	3.551525E-2
0.000000E+0	0.000000E+0	0.000000E+0	0.000000E+0	0.000000E+0	5.766637E-3	1.521564E-2	3.529167E-2
0.000000E+0	0.000000E+0	0.000000E+0	0.000000E+0	0.000000E+0	5.710272E-3	1.509524E-2	3.506686E-2
0.000000E+0	0.000000E+0	0.000000E+0	0.000000E+0	0.000000E+0	5.656767E-3	1.496791E-2	3.483348E-2
0.000000E+0	0.000000E+0	0.000000E+0	0.000000E+0	0.000000E+0	5.604078E-3	1.484670E-2	3.460745E-2
0.000000E+0	0.000000E+0	0.000000E+0	0.000000E+0	0.000000E+0	5.547713E-3	1.473814E-2	3.437652E-2
0.000000E+0	0.000000E+0	0.000000E+0	0.000000E+0	0.000000E+0	5.491349E-3	1.461734E-2	3.416640E-2
0.000000E+0	0.000000E+0	0.000000E+0	0.000000E+0	0.000000E+0	5.446012E-3	1.450225E-2	3.393915E-2
0.000000E+0	0.000000E+0	0.000000E+0	0.000000E+0	0.000000E+0	5.389648E-3	1.438675E-2	3.371597E-2
0.000000E+0	0.000000E+0	0.000000E+0	0.000000E+0	0.000000E+0	5.333691E-3	1.426391E-2	3.350340E-2
0.000000E+0	0.000000E+0	0.000000E+0	0.000000E+0	0.000000E+0	5.279369E-3	1.415004E-2	3.327248E-2
0.000000E+0	0.000000E+0	0.000000E+0	0.000000E+0	0.000000E+0	5.229131E-3	1.403577E-2	3.305746E-2
0.000000E+0	0.000000E+0	0.000000E+0	0.000000E+0	0.000000E+0	5.188287E-3	1.391496E-2	3.284856E-2
0.000000E+0	0.000000E+0	0.000000E+0	0.000000E+0	0.000000E+0	5.132331E-3	1.380722E-2	3.262620E-2
0.000000E+0	0.000000E+0	0.000000E+0	0.000000E+0	0.000000E+0	5.088220E-3	1.370111E-2	3.241935E-2
0.000000E+0	0.000000E+0	0.000000E+0	0.000000E+0	0.000000E+0	5.044925E-3	1.359296E-2	3.220841E-2
0.000000E+0	0.000000E+0	0.000000E+0	0.000000E+0	0.000000E+0	4.990194E-3	1.347175E-2	3.199136E-2
0.000000E+0	0.000000E+0	0.000000E+0	0.000000E+0	0.000000E+0	4.944858E-3	1.337135E-2	3.178858E-2
0.000000E+0	0.000000E+0	0.000000E+0	0.000000E+0	0.000000E+0	4.881958E-3	1.327136E-2	3.159274E-2
0.000000E+0	0.000000E+0	0.000000E+0	0.000000E+0	0.000000E+0	4.847241E-3	1.316770E-2	3.139690E-2
0.000000E+0	0.000000E+0	0.000000E+0	0.000000E+0	0.000000E+0	4.797411E-3	1.305669E-2	3.118719E-2
0.000000E+0	0.000000E+0	0.000000E+0	0.000000E+0	0.000000E+0	4.752075E-3	1.294854E-2	3.098319E-2
0.000000E+0	0.000000E+0	0.000000E+0	0.000000E+0	0.000000E+0	4.702653E-3	1.285345E-2	3.078163E-2
0.000000E+0	0.000000E+0	0.000000E+0	0.000000E+0	0.000000E+0	4.673654E-3	1.275101E-2	3.058049E-2
0.000000E+0	0.000000E+0	0.000000E+0	0.000000E+0	0.000000E+0	4.620966E-3	1.264164E-2	3.037649E-2
0.000000E+0	0.000000E+0	0.000000E+0	0.000000E+0	0.000000E+0	4.573995E-3	1.254614E-2	3.018759E-2
0.000000E+0	0.000000E+0	0.000000E+0	0.000000E+0	0.000000E+0	4.533968E-3	1.244697E-2	2.998644E-2
0.000000E+0	0.000000E+0	0.000000E+0	0.000000E+0	0.000000E+0	4.481280E-3	1.234657E-2	2.979223E-2
0.000000E+0	0.000000E+0	0.000000E+0	0.000000E+0	0.000000E+0	4.443703E-3	1.224250E-2	2.959191E-2
0.000000E+0	0.000000E+0	0.000000E+0	0.000000E+0	0.000000E+0	4.398367E-3	1.214700E-2	2.941075E-2
0.000000E+0	0.000000E+0	0.000000E+0	0.000000E+0	0.000000E+0	4.359565E-3	1.204579E-2	2.922511E-2
0.000000E+0	0.000000E+0	0.000000E+0	0.000000E+0	0.000000E+0	4.322805E-3	1.194988E-2	2.903050E-2
0.000000E+0	0.000000E+0	0.000000E+0	0.000000E+0	0.000000E+0	4.284412E-3	1.186621E-2	2.884731E-2
0.000000E+0	0.000000E+0	0.000000E+0	0.000000E+0	0.000000E+0	4.235808E-3	1.176010E-2	2.866207E-2
0.000000E+0	0.000000E+0	0.000000E+0	0.000000E+0	0.000000E+0	4.189654E-3	1.167358E-2	2.847725E-2
0.000000E+0	0.000000E+0	0.000000E+0	0.000000E+0	0.000000E+0	4.154937E-3	1.156951E-2	2.829324E-2
0.000000E+0	0.000000E+0	0.000000E+0	0.000000E+0	0.000000E+0	4.112459E-3	1.148830E-2	2.810679E-2
0.000000E+0	0.000000E+0	0.000000E+0	0.000000E+0	0.000000E+0	4.068756E-3	1.139484E-2	2.792971E-2
0.000000E+0	0.000000E+0	0.000000E+0	0.000000E+0	0.000000E+0	4.030363E-3	1.130056E-2	2.775223E-2
0.000000E+0	0.000000E+0	0.000000E+0	0.000000E+0	0.000000E+0	3.992378E-3	1.121527E-2	2.756741E-2
0.000000E+0	0.000000E+0	0.000000E+0	0.000000E+0	0.000000E+0	3.961337E-3	1.113119E-2	2.738544E-2
0.000000E+0	0.000000E+0	0.000000E+0	0.000000E+0	0.000000E+0	3.922535E-3	1.103243E-2	2.720633E-2
0.000000E+0	0.000000E+0	0.000000E+0	0.000000E+0	0.000000E+0	3.879241E-3	1.094672E-2	2.703946E-2
0.000000E+0	0.000000E+0	0.000000E+0	0.000000E+0	0.000000E+0	3.845749E-3	1.085735E-2	2.685790E-2
0.000000E+0	0.000000E+0	0.000000E+0	0.000000E+0	0.000000E+0	3.808989E-3	1.077858E-2	2.668287E-2
0.000000E+0	0.000000E+0	0.000000E+0	0.000000E+0	0.000000E+0	3.772230E-3	1.068879E-2	2.651314E-2
0.000000E+0	0.000000E+0	0.000000E+0	0.000000E+0	0.000000E+0	3.733020E-3	1.061492E-2	2.635116E-2
0.000000E+0	0.000000E+0	0.000000E+0	0.000000E+0	0.000000E+0	3.691767E-3	1.051698E-2	2.618511E-2
0.000000E+0	0.000000E+0	0.000000E+0	0.000000E+0	0.000000E+0	3.677064E-3	1.044637E-2	2.600967E-2
0.000000E+0	0.000000E+0	0.000000E+0	0.000000E+0	0.000000E+0	3.627643E-3	1.036271E-2	2.585422E-2
0.000000E+0	0.000000E+0	0.000000E+0	0.000000E+0	0.000000E+0	3.596193E-3	1.028394E-2	2.568449E-2
0.000000E+0	0.000000E+0	0.000000E+0	0.000000E+0	0.000000E+0	3.559842E-3	1.020436E-2	2.551803E-2
0.000000E+0	0.000000E+0	0.000000E+0	0.000000E+0	0.000000E+0	3.530843E-3	1.012722E-2	2.534993E-2
0.000000E+0	0.000000E+0	0.000000E+0	0.000000E+0	0.000000E+0	3.490816E-3	1.004070E-2	2.518428E-2
0.000000E+0	0.000000E+0	0.000000E+0	0.000000E+0	0.000000E+0	3.453648E-3	9.960712E-3	2.502271E-2
0.000000E+0	0.000000E+0	0.000000E+0	0.000000E+0	0.000000E+0	3.429550E-3	9.872966E-3	2.486237E-2
0.000000E+0	0.000000E+0	0.000000E+0	0.000000E+0	0.000000E+0	3.396058E-3	9.807667E-3	2.470651E-2
0.000000E+0	0.000000E+0	0.000000E+0	0.000000E+0	0.000000E+0	3.366242E-3	9.728084E-3	2.455025E-2
0.000000E+0	0.000000E+0	0.000000E+0	0.000000E+0	0.000000E+0	3.337243E-3	9.651358E-3	2.438256E-2
0.000000E+0	0.000000E+0	0.000000E+0	0.000000E+0	0.000000E+0	3.293540E-3	9.575040E-3	2.422752E-2
0.000000E+0	0.000000E+0	0.000000E+0	0.000000E+0	0.000000E+0	3.273118E-3	9.496274E-3	2.407534E-2
0.000000E+0	0.000000E+0	0.000000E+0	0.000000E+0	0.000000E+0	3.233908E-3	9.422812E-3	2.391418E-2
0.000000E+0	0.000000E+0	0.000000E+0	0.000000E+0	0.000000E+0	3.209810E-3	9.348535E-3	2.376485E-2
0.000000E+0	0.000000E+0	0.000000E+0	0.000000E+0	0.000000E+0	3.175092E-3	9.269360E-3	2.362001E-2
0.000000E+0	0.000000E+0	0.000000E+0	0.000000E+0	0.000000E+0	3.157938E-3	9.206510E-3	2.346334E-2
0.000000E+0	0.000000E+0	0.000000E+0	0.000000E+0	0.000000E+0	3.114235E-3	9.127335E-3	2.331319E-2
0.000000E+0	0.000000E+0	0.000000E+0	0.000000E+0	0.000000E+0	3.095038E-3	9.049793E-3	2.315938E-2
0.000000E+0	0.000000E+0	0.000000E+0	0.000000E+0	0.000000E+0	3.049702E-3	8.984902E-3	2.302107E-2
0.000000E+0	0.000000E+0	0.000000E+0	0.000000E+0	0.000000E+0	3.033364E-3	8.917154E-3	2.287011E-2
0.000000E+0	0.000000E+0	0.000000E+0	0.000000E+0	0.000000E+0	3.010083E-3	8.832674E-3	2.272486E-2
0.000000E+0	0.000000E+0	0.000000E+0	0.000000E+0	0.000000E+0	2.974140E-3	8.768191E-3	2.257757E-2
0.000000E+0	0.000000E+0	0.000000E+0	0.000000E+0	0.000000E+0	2.940240E-3	8.704933E-3	2.243722E-2
0.000000E+0	0.000000E+0	0.000000E+0	0.000000E+0	0.000000E+0	2.923902E-3	8.645348E-3	2.228381E-2
0.000000E+0	0.000000E+0	0.000000E+0	0.000000E+0	0.000000E+0	2.880200E-3	8.572703E-3	2.214223E-2
0.000000E+0	0.000000E+0	0.000000E+0	0.000000E+0	0.000000E+0	2.861820E-3	8.511485E-3	2.200596E-2
0.000000E+0	0.000000E+0	0.000000E+0	0.000000E+0	0.000000E+0	2.827919E-3	8.432311E-3	2.186071E-2
0.000000E+0	0.000000E+0	0.000000E+0	0.000000E+0	0.000000E+0	2.814441E-3	8.375582E-3	2.172403E-2
0.000000E+0	0.000000E+0	0.000000E+0	0.000000E+0	0.000000E+0	2.783400E-3	8.307018E-3	2.157675E-2
0.000000E+0	0.000000E+0	0.000000E+0	0.000000E+0	0.000000E+0	2.762569E-3	8.241720E-3	2.144863E-2
0.000000E+0	0.000000E+0	0.000000E+0	0.000000E+0	0.000000E+0	2.727035E-3	8.177645E-3	2.130379E-2
0.000000E+0	0.000000E+0	0.000000E+0	0.000000E+0	0.000000E+0	2.705796E-3	8.123365E-3	2.117976E-2
0.000000E+0	0.000000E+0	0.000000E+0	0.000000E+0	0.000000E+0	2.681290E-3	8.050720E-3	2.103778E-2
0.000000E+0	0.000000E+0	0.000000E+0	0.000000E+0	0.000000E+0	2.660051E-3	7.995216E-3	2.091497E-2
0.000000E+0	0.000000E+0	0.000000E+0	0.000000E+0	0.000000E+0	2.624108E-3	7.931550E-3	2.077747E-2
0.000000E+0	0.000000E+0	0.000000E+0	0.000000E+0	0.000000E+0	2.611855E-3	7.869924E-3	2.065222E-2
0.000000E+0	0.000000E+0	0.000000E+0	0.000000E+0	0.000000E+0	2.590616E-3	7.822174E-3	2.051390E-2
0.000000E+0	0.000000E+0	0.000000E+0	0.000000E+0	0.000000E+0	2.566110E-3	7.740959E-3	2.039436E-2
0.000000E+0	0.000000E+0	0.000000E+0	0.000000E+0	0.000000E+0	2.536702E-3	7.688720E-3	2.025074E-2
0.000000E+0	0.000000E+0	0.000000E+0	0.000000E+0	0.000000E+0	2.515464E-3	7.620564E-3	2.012508E-2
0.000000E+0	0.000000E+0	0.000000E+0	0.000000E+0	0.000000E+0	2.492591E-3	7.567509E-3	1.999248E-2
0.000000E+0	0.000000E+0	0.000000E+0	0.000000E+0	0.000000E+0	2.459508E-3	7.505475E-3	1.986478E-2
0.000000E+0	0.000000E+0	0.000000E+0	0.000000E+0	0.000000E+0	2.440719E-3	7.453236E-3	1.973462E-2
0.000000E+0	0.000000E+0	0.000000E+0	0.000000E+0	0.000000E+0	2.420706E-3	7.390794E-3	1.961263E-2
0.000000E+0	0.000000E+0	0.000000E+0	0.000000E+0	0.000000E+0	2.401101E-3	7.346309E-3	1.948330E-2
0.000000E+0	0.000000E+0	0.000000E+0	0.000000E+0	0.000000E+0	2.373735E-3	7.272848E-3	1.936416E-2
0.000000E+0	0.000000E+0	0.000000E+0	0.000000E+0	0.000000E+0	2.352905E-3	7.234077E-3	1.924217E-2
0.000000E+0	0.000000E+0	0.000000E+0	0.000000E+0	0.000000E+0	2.334525E-3	7.164697E-3	1.911936E-2
0.000000E+0	0.000000E+0	0.000000E+0	0.000000E+0	0.000000E+0	2.311653E-3	7.117763E-3	1.900186E-2
0.000000E+0	0.000000E+0	0.000000E+0	0.000000E+0	0.000000E+0	2.298991E-3	7.058586E-3	1.888150E-2
0.000000E+0	0.000000E+0	0.000000E+0	0.000000E+0	0.000000E+0	2.265499E-3	6.999409E-3	1.876236E-2
0.000000E+0	0.000000E+0	0.000000E+0	0.000000E+0	0.000000E+0	2.246303E-3	6.945129E-3	1.864118E-2
0.000000E+0	0.000000E+0	0.000000E+0	0.000000E+0	0.000000E+0	2.236092E-3	6.896971E-3	1.852490E-2
0.000000E+0	0.000000E+0	0.000000E+0	0.000000E+0	0.000000E+0	2.203416E-3	6.833305E-3	1.840454E-2
0.000000E+0	0.000000E+0	0.000000E+0	0.000000E+0	0.000000E+0	2.184220E-3	6.785147E-3	1.828092E-2
0.000000E+0	0.000000E+0	0.000000E+0	0.000000E+0	0.000000E+0	2.168291E-3	6.728011E-3	1.816994E-2
0.000000E+0	0.000000E+0	0.000000E+0	0.000000E+0	0.000000E+0	2.149911E-3	6.689239E-3	1.804877E-2
0.000000E+0	0.000000E+0	0.000000E+0	0.000000E+0	0.000000E+0	2.125405E-3	6.629246E-3	1.793942E-2
0.000000E+0	0.000000E+0	0.000000E+0	0.000000E+0	0.000000E+0	2.103757E-3	6.580272E-3	1.782886E-2
0.000000E+0	0.000000E+0	0.000000E+0	0.000000E+0	0.000000E+0	2.086194E-3	6.525992E-3	1.771298E-2
0.000000E+0	0.000000E+0	0.000000E+0	0.000000E+0	0.000000E+0	2.080068E-3	6.481507E-3	1.760201E-2
0.000000E+0	0.000000E+0	0.000000E+0	0.000000E+0	0.000000E+0	2.036365E-3	6.425187E-3	1.749062E-2
0.000000E+0	0.000000E+0	0.000000E+0	0.000000E+0	0.000000E+0	2.035957E-3	6.385600E-3	1.737394E-2
0.000000E+0	0.000000E+0	0.000000E+0	0.000000E+0	0.000000E+0	2.004915E-3	6.335401E-3	1.727153E-2
0.000000E+0	0.000000E+0	0.000000E+0	0.000000E+0	0.000000E+0	2.001648E-3	6.277857E-3	1.715362E-2
0.000000E+0	0.000000E+0	0.000000E+0	0.000000E+0	0.000000E+0	1.970606E-3	6.228883E-3	1.704835E-2
0.000000E+0	0.000000E+0	0.000000E+0	0.000000E+0	0.000000E+0	1.946100E-3	6.182765E-3	1.693330E-2
0.000000E+0	0.000000E+0	0.000000E+0	0.000000E+0	0.000000E+0	1.940790E-3	6.142362E-3	1.683252E-2
0.000000E+0	0.000000E+0	0.000000E+0	0.000000E+0	0.000000E+0	1.927312E-3	6.091755E-3	1.673338E-2
0.000000E+0	0.000000E+0	0.000000E+0	0.000000E+0	0.000000E+0	1.905665E-3	6.046862E-3	1.661954E-2
0.000000E+0	0.000000E+0	0.000000E+0	0.000000E+0	0.000000E+0	1.889327E-3	5.992582E-3	1.651632E-2
0.000000E+0	0.000000E+0	0.000000E+0	0.000000E+0	0.000000E+0	1.862370E-3	5.949322E-3	1.641146E-2
0.000000E+0	0.000000E+0	0.000000E+0	0.000000E+0	0.000000E+0	1.839497E-3	5.900756E-3	1.630824E-2
0.000000E+0	0.000000E+0	0.000000E+0	0.000000E+0	0.000000E+0	1.841948E-3	5.865250E-3	1.619726E-2
0.000000E+0	0.000000E+0	0.000000E+0	0.000000E+0	0.000000E+0	1.828878E-3	5.812194E-3	1.610995E-2
0.000000E+0	0.000000E+0	0.000000E+0	0.000000E+0	0.000000E+0	1.793344E-3	5.774239E-3	1.600102E-2
0.000000E+0	0.000000E+0	0.000000E+0	0.000000E+0	0.000000E+0	1.787217E-3	5.731387E-3	1.591085E-2
0.000000E+0	0.000000E+0	0.000000E+0	0.000000E+0	0.000000E+0	1.764753E-3	5.694248E-3	1.580844E-2
0.000000E+0	0.000000E+0	0.000000E+0	0.000000E+0	0.000000E+0	1.755359E-3	5.640785E-3	1.571542E-2
0.000000E+0	0.000000E+0	0.000000E+0	0.000000E+0	0.000000E+0	1.741472E-3	5.604054E-3	1.560811E-2
0.000000E+0	0.000000E+0	0.000000E+0	0.000000E+0	0.000000E+0	1.714107E-3	5.559569E-3	1.551427E-2
0.000000E+0	0.000000E+0	0.000000E+0	0.000000E+0	0.000000E+0	1.707163E-3	5.522839E-3	1.542329E-2
0.000000E+0	0.000000E+0	0.000000E+0	0.000000E+0	0.000000E+0	1.690009E-3	5.465294E-3	1.532414E-2
0.000000E+0	0.000000E+0	0.000000E+0	0.000000E+0	0.000000E+0	1.672038E-3	5.438358E-3	1.522500E-2
0.000000E+0	0.000000E+0	0.000000E+0	0.000000E+0	0.000000E+0	1.653658E-3	5.388160E-3	1.512749E-2
0.000000E+0	0.000000E+0	0.000000E+0	0.000000E+0	0.000000E+0	1.642630E-3	5.357959E-3	1.502834E-2
0.000000E+0	0.000000E+0	0.000000E+0	0.000000E+0	0.000000E+0	1.623433E-3	5.313474E-3	1.493777E-2
0.000000E+0	0.000000E+0	0.000000E+0	0.000000E+0	0.000000E+0	1.612405E-3	5.274703E-3	1.485005E-2
0.000000E+0	0.000000E+0	0.000000E+0	0.000000E+0	0.000000E+0	1.595251E-3	5.233483E-3	1.476070E-2
0.000000E+0	0.000000E+0	0.000000E+0	0.000000E+0	0.000000E+0	1.578097E-3	5.200426E-3	1.466237E-2
0.000000E+0	0.000000E+0	0.000000E+0	0.000000E+0	0.000000E+0	1.567477E-3	5.157165E-3	1.457832E-2
0.000000E+0	0.000000E+0	0.000000E+0	0.000000E+0	0.000000E+0	1.557266E-3	5.122475E-3	1.446857E-2
0.000000E+0	0.000000E+0	0.000000E+0	0.000000E+0	0.000000E+0	1.532351E-3	5.073909E-3	1.438248E-2
0.000000E+0	0.000000E+0	0.000000E+0	0.000000E+0	0.000000E+0	1.529492E-3	5.044933E-3	1.429884E-2
0.000000E+0	0.000000E+0	0.000000E+0	0.000000E+0	0.000000E+0	1.511930E-3	5.000040E-3	1.420500E-2
0.000000E+0	0.000000E+0	0.000000E+0	0.000000E+0	0.000000E+0	1.499676E-3	4.962085E-3	1.410463E-2
0.000000E+0	0.000000E+0	0.000000E+0	0.000000E+0	0.000000E+0	1.475170E-3	4.922906E-3	1.403527E-2
0.000000E+0	0.000000E+0	0.000000E+0	0.000000E+0	0.000000E+0	1.469860E-3	4.889440E-3	1.394266E-2
0.000000E+0	0.000000E+0	0.000000E+0	0.000000E+0	0.000000E+0	1.455157E-3	4.849444E-3	1.384800E-2
0.000000E+0	0.000000E+0	0.000000E+0	0.000000E+0	0.000000E+0	1.447396E-3	4.817203E-3	1.376028E-2
0.000000E+0	0.000000E+0	0.000000E+0	0.000000E+0	0.000000E+0	1.426566E-3	4.788227E-3	1.368480E-2
0.000000E+0	0.000000E+0	0.000000E+0	0.000000E+0	0.000000E+0	1.426974E-3	4.747823E-3	1.360361E-2
0.000000E+0	0.000000E+0	0.000000E+0	0.000000E+0	0.000000E+0	1.410228E-3	4.712725E-3	1.350365E-2
0.000000E+0	0.000000E+0	0.000000E+0	0.000000E+0	0.000000E+0	1.383680E-3	4.671505E-3	1.342654E-2
0.000000E+0	0.000000E+0	0.000000E+0	0.000000E+0	0.000000E+0	1.379187E-3	4.644977E-3	1.335146E-2
0.000000E+0	0.000000E+0	0.000000E+0	0.000000E+0	0.000000E+0	1.375103E-3	4.601309E-3	1.326211E-2
0.000000E+0	0.000000E+0	0.000000E+0	0.000000E+0	0.000000E+0	1.351822E-3	4.563762E-3	1.317888E-2
0.000000E+0	0.000000E+0	0.000000E+0	0.000000E+0	0.000000E+0	1.342019E-3	4.533969E-3	1.309728E-2
0.000000E+0	0.000000E+0	0.000000E+0	0.000000E+0	0.000000E+0	1.326907E-3	4.494382E-3	1.301731E-2
0.000000E+0	0.000000E+0	0.000000E+0	0.000000E+0	0.000000E+0	1.319963E-3	4.468262E-3	1.294020E-2
0.000000E+0	0.000000E+0	0.000000E+0	0.000000E+0	0.000000E+0	1.301584E-3	4.436429E-3	1.285085E-2
0.000000E+0	0.000000E+0	0.000000E+0	0.000000E+0	0.000000E+0	1.297499E-3	4.403780E-3	1.278230E-2
0.000000E+0	0.000000E+0	0.000000E+0	0.000000E+0	0.000000E+0	1.273810E-3	4.360111E-3	1.270519E-2
0.000000E+0	0.000000E+0	0.000000E+0	0.000000E+0	0.000000E+0	1.278303E-3	4.333992E-3	1.262155E-2
0.000000E+0	0.000000E+0	0.000000E+0	0.000000E+0	0.000000E+0	1.260331E-3	4.301750E-3	1.254525E-2
0.000000E+0	0.000000E+0	0.000000E+0	0.000000E+0	0.000000E+0	1.254205E-3	4.264204E-3	1.246161E-2
0.000000E+0	0.000000E+0	0.000000E+0	0.000000E+0	0.000000E+0	1.235825E-3	4.230738E-3	1.238777E-2
0.000000E+0	0.000000E+0	0.000000E+0	0.000000E+0	0.000000E+0	1.230107E-3	4.202170E-3	1.230780E-2
0.000000E+0	0.000000E+0	0.000000E+0	0.000000E+0	0.000000E+0	1.213769E-3	4.181764E-3	1.223109E-2
0.000000E+0	0.000000E+0	0.000000E+0	0.000000E+0	0.000000E+0	1.209276E-3	4.144217E-3	1.215357E-2
0.000000E+0	0.000000E+0	0.000000E+0	0.000000E+0	0.000000E+0	1.189671E-3	4.118505E-3	1.207728E-2
0.000000E+0	0.000000E+0	0.000000E+0	0.000000E+0	0.000000E+0	1.182319E-3	4.075653E-3	1.200465E-2
0.000000E+0	0.000000E+0	0.000000E+0	0.000000E+0	0.000000E+0	1.170066E-3	4.055655E-3	1.193366E-2
0.000000E+0	0.000000E+0	0.000000E+0	0.000000E+0	0.000000E+0	1.165573E-3	4.023822E-3	1.186797E-2
0.000000E+0	0.000000E+0	0.000000E+0	0.000000E+0	0.000000E+0	1.151686E-3	3.989132E-3	1.178311E-2
0.000000E+0	0.000000E+0	0.000000E+0	0.000000E+0	0.000000E+0	1.136166E-3	3.960564E-3	1.171212E-2
0.000000E+0	0.000000E+0	0.000000E+0	0.000000E+0	0.000000E+0	1.127589E-3	3.937709E-3	1.163949E-2
0.000000E+0	0.000000E+0	0.000000E+0	0.000000E+0	0.000000E+0	1.112476E-3	3.898530E-3	1.155749E-2
0.000000E+0	0.000000E+0	0.000000E+0	0.000000E+0	0.000000E+0	1.107575E-3	3.876084E-3	1.148853E-2
0.000000E+0	0.000000E+0	0.000000E+0	0.000000E+0	0.000000E+0	1.100223E-3	3.844658E-3	1.142489E-2
0.000000E+0	0.000000E+0	0.000000E+0	0.000000E+0	0.000000E+0	1.095322E-3	3.826293E-3	1.135308E-2
0.000000E+0	0.000000E+0	0.000000E+0	0.000000E+0	0.000000E+0	1.085111E-3	3.781400E-3	1.129025E-2
0.000000E+0	0.000000E+0	0.000000E+0	0.000000E+0	0.000000E+0	1.065097E-3	3.760994E-3	1.121354E-2
0.000000E+0	0.000000E+0	0.000000E+0	0.000000E+0	0.000000E+0	1.063872E-3	3.724672E-3	1.114745E-2
0.000000E+0	0.000000E+0	0.000000E+0	0.000000E+0	0.000000E+0	1.061830E-3	3.705082E-3	1.107645E-2
0.000000E+0	0.000000E+0	0.000000E+0	0.000000E+0	0.000000E+0	1.044267E-3	3.674473E-3	1.101240E-2
0.000000E+0	0.000000E+0	0.000000E+0	0.000000E+0	0.000000E+0	1.037732E-3	3.649578E-3	1.093692E-2
0.000000E+0	0.000000E+0	0.000000E+0	0.000000E+0	0.000000E+0	1.018127E-3	3.613664E-3	1.087409E-2
0.000000E+0	0.000000E+0	0.000000E+0	0.000000E+0	0.000000E+0	1.026296E-3	3.597747E-3	1.080105E-2
0.000000E+0	0.000000E+0	0.000000E+0	0.000000E+0	0.000000E+0	1.000156E-3	3.563057E-3	1.074557E-2
0.000000E+0	0.000000E+0	0.000000E+0	0.000000E+0	0.000000E+0	9.952544E-4	3.538570E-3	1.067580E-2
0.000000E+0	0.000000E+0	0.000000E+0	0.000000E+0	0.000000E+0	9.789169E-4	3.510002E-3	1.061827E-2
0.000000E+0	0.000000E+0	0.000000E+0	0.000000E+0	0.000000E+0	9.768747E-4	3.497758E-3	1.054279E-2
0.000000E+0	0.000000E+0	0.000000E+0	0.000000E+0	0.000000E+0	9.617625E-4	3.475312E-3	1.047996E-2
0.000000E+0	0.000000E+0	0.000000E+0	0.000000E+0	0.000000E+0	9.576781E-4	3.445111E-3	1.041998E-2
0.000000E+0	0.000000E+0	0.000000E+0	0.000000E+0	0.000000E+0	9.450165E-4	3.412870E-3	1.036327E-2
0.000000E+0	0.000000E+0	0.000000E+0	0.000000E+0	0.000000E+0	9.491008E-4	3.383893E-3	1.029513E-2
0.000000E+0	0.000000E+0	0.000000E+0	0.000000E+0	0.000000E+0	9.376646E-4	3.365936E-3	1.023801E-2
0.000000E+0	0.000000E+0	0.000000E+0	0.000000E+0	0.000000E+0	9.286789E-4	3.341449E-3	1.017477E-2
0.000000E+0	0.000000E+0	0.000000E+0	0.000000E+0	0.000000E+0	9.094823E-4	3.318595E-3	1.011317E-2
0.000000E+0	0.000000E+0	0.000000E+0	0.000000E+0	0.000000E+0	9.070316E-4	3.292475E-3	1.005319E-2
0.000000E+0	0.000000E+0	0.000000E+0	0.000000E+0	0.000000E+0	9.004966E-4	3.270845E-3	9.991582E-3
0.000000E+0	0.000000E+0	0.000000E+0	0.000000E+0	0.000000E+0	8.955954E-4	3.248806E-3	9.927934E-3
0.000000E+0	0.000000E+0	0.000000E+0	0.000000E+0	0.000000E+0	8.727228E-4	3.214933E-3	9.879382E-3
0.000000E+0	0.000000E+0	0.000000E+0	0.000000E+0	0.000000E+0	8.710890E-4	3.199016E-3	9.806758E-3
0.000000E+0	0.000000E+0	0.000000E+0	0.000000E+0	0.000000E+0	8.706806E-4	3.174937E-3	9.734542E-3
0.000000E+0	0.000000E+0	0.000000E+0	0.000000E+0	0.000000E+0	8.608781E-4	3.140655E-3	9.690886E-3
0.000000E+0	0.000000E+0	0.000000E+0	0.000000E+0	0.000000E+0	8.473996E-4	3.130860E-3	9.621118E-3
0.000000E+0	0.000000E+0	0.000000E+0	0.000000E+0	0.000000E+0	8.473996E-4	3.108414E-3	9.573790E-3
0.000000E+0	0.000000E+0	0.000000E+0	0.000000E+0	0.000000E+0	8.375971E-4	3.085151E-3	9.512590E-3
0.000000E+0	0.000000E+0	0.000000E+0	0.000000E+0	0.000000E+0	8.298367E-4	3.049645E-3	9.450166E-3
0.000000E+0	0.000000E+0	0.000000E+0	0.000000E+0	0.000000E+0	8.208511E-4	3.036585E-3	9.394270E-3
0.000000E+0	0.000000E+0	0.000000E+0	0.000000E+0	0.000000E+0	8.053304E-4	3.015363E-3	9.336334E-3
0.000000E+0	0.000000E+0	0.000000E+0	0.000000E+0	0.000000E+0	8.085979E-4	3.000263E-3	9.279214E-3
0.000000E+0	0.000000E+0	0.000000E+0	0.000000E+0	0.000000E+0	7.987954E-4	2.968021E-3	9.226582E-3
0.000000E+0	0.000000E+0	0.000000E+0	0.000000E+0	0.000000E+0	7.979785E-4	2.956594E-3	9.164158E-3
0.000000E+0	0.000000E+0	0.000000E+0	0.000000E+0	0.000000E+0	7.840916E-4	2.928026E-3	9.117646E-3
0.000000E+0	0.000000E+0	0.000000E+0	0.000000E+0	0.000000E+0	7.861338E-4	2.908436E-3	9.052366E-3
0.000000E+0	0.000000E+0	0.000000E+0	0.000000E+0	0.000000E+0	7.657118E-4	2.886398E-3	9.004222E-3
0.000000E+0	0.000000E+0	0.000000E+0	0.000000E+0	0.000000E+0	7.620359E-4	2.869257E-3	8.944246E-3
0.000000E+0	0.000000E+0	0.000000E+0	0.000000E+0	0.000000E+0	7.514165E-4	2.843137E-3	8.897734E-3
0.000000E+0	0.000000E+0	0.000000E+0	0.000000E+0	0.000000E+0	7.473321E-4	2.832526E-3	8.834494E-3
0.000000E+0	0.000000E+0	0.000000E+0	0.000000E+0	0.000000E+0	7.444730E-4	2.794163E-3	8.783902E-3
0.000000E+0	0.000000E+0	0.000000E+0	0.000000E+0	0.000000E+0	7.358958E-4	2.778655E-3	8.733310E-3
0.000000E+0	0.000000E+0	0.000000E+0	0.000000E+0	0.000000E+0	7.195582E-4	2.765187E-3	8.675782E-3
0.000000E+0	0.000000E+0	0.000000E+0	0.000000E+0	0.000000E+0	7.232342E-4	2.749678E-3	8.629270E-3
0.000000E+0	0.000000E+0	0.000000E+0	0.000000E+0	0.000000E+0	7.093473E-4	2.722335E-3	8.569294E-3
0.000000E+0	0.000000E+0	0.000000E+0	0.000000E+0	0.000000E+0	7.130232E-4	2.705194E-3	8.516254E-3
0.000000E+0	0.000000E+0	0.000000E+0	0.000000E+0	0.000000E+0	6.881084E-4	2.686012E-3	8.473822E-3
0.000000E+0	0.000000E+0	0.000000E+0	0.000000E+0	0.000000E+0	6.983194E-4	2.669687E-3	8.415886E-3
0.000000E+0	0.000000E+0	0.000000E+0	0.000000E+0	0.000000E+0	6.864747E-4	2.642343E-3	8.368558E-3
0.000000E+0	0.000000E+0	0.000000E+0	0.000000E+0	0.000000E+0	6.803481E-4	2.634997E-3	8.323678E-3
0.000000E+0	0.000000E+0	0.000000E+0	0.000000E+0	0.000000E+0	6.676865E-4	2.609286E-3	8.277166E-3
0.000000E+0	0.000000E+0	0.000000E+0	0.000000E+0	0.000000E+0	6.709540E-4	2.599083E-3	8.222086E-3
0.000000E+0	0.000000E+0	0.000000E+0	0.000000E+0	0.000000E+0	6.672781E-4	2.572963E-3	8.169454E-3
0.000000E+0	0.000000E+0	0.000000E+0	0.000000E+0	0.000000E+0	6.619684E-4	2.555822E-3	8.129062E-3
0.000000E+0	0.000000E+0	0.000000E+0	0.000000E+0	0.000000E+0	6.464477E-4	2.541946E-3	8.077654E-3
0.000000E+0	0.000000E+0	0.000000E+0	0.000000E+0	0.000000E+0	6.595177E-4	2.519092E-3	8.029510E-3
0.000000E+0	0.000000E+0	0.000000E+0	0.000000E+0	0.000000E+0	6.407295E-4	2.493789E-3	7.979734E-3
0.000000E+0	0.000000E+0	0.000000E+0	0.000000E+0	0.000000E+0	6.350114E-4	2.483994E-3	7.931590E-3
0.000000E+0	0.000000E+0	0.000000E+0	0.000000E+0	0.000000E+0	6.182654E-4	2.463996E-3	7.888750E-3
0.000000E+0	0.000000E+0	0.000000E+0	0.000000E+0	0.000000E+0	6.215329E-4	2.447671E-3	7.844278E-3
0.000000E+0	0.000000E+0	0.000000E+0	0.000000E+0	0.000000E+0	6.182654E-4	2.437060E-3	7.803478E-3
0.000000E+0	0.000000E+0	0.000000E+0	0.000000E+0	0.000000E+0	6.137726E-4	2.413797E-3	7.749214E-3
0.000000E+0	0.000000E+0	0.000000E+0	0.000000E+0	0.000000E+0	6.043785E-4	2.398697E-3	7.695766E-3
0.000000E+0	0.000000E+0	0.000000E+0	0.000000E+0	0.000000E+0	5.982519E-4	2.376659E-3	7.662310E-3
0.000000E+0	0.000000E+0	0.000000E+0	0.000000E+0	0.000000E+0	5.913084E-4	2.373802E-3	7.605190E-3
0.000000E+0	0.000000E+0	0.000000E+0	0.000000E+0	0.000000E+0	5.978435E-4	2.347274E-3	7.557454E-3
0.000000E+0	0.000000E+0	0.000000E+0	0.000000E+0	0.000000E+0	5.798722E-4	2.331766E-3	7.517878E-3
0.000000E+0	0.000000E+0	0.000000E+0	0.000000E+0	0.000000E+0	5.770131E-4	2.311768E-3	7.479118E-3
0.000000E+0	0.000000E+0	0.000000E+0	0.000000E+0	0.000000E+0	5.733371E-4	2.306871E-3	7.424446E-3
0.000000E+0	0.000000E+0	0.000000E+0	0.000000E+0	0.000000E+0	5.684359E-4	2.274629E-3	7.386910E-3
0.000000E+0	0.000000E+0	0.000000E+0	0.000000E+0	0.000000E+0	5.639430E-4	2.261978E-3	7.337542E-3
0.000000E+0	0.000000E+0	0.000000E+0	0.000000E+0	0.000000E+0	5.561827E-4	2.245245E-3	7.297558E-3
0.000000E+0	0.000000E+0	0.000000E+0	0.000000E+0	0.000000E+0	5.496477E-4	2.234634E-3	7.249006E-3
0.000000E+0	0.000000E+0	0.000000E+0	0.000000E+0	0.000000E+0	5.455633E-4	2.208922E-3	7.210654E-3
0.000000E+0	0.000000E+0	0.000000E+0	0.000000E+0	0.000000E+0	5.422958E-4	2.213004E-3	7.165366E-3
0.000000E+0	0.000000E+0	0.000000E+0	0.000000E+0	0.000000E+0	5.378030E-4	2.186884E-3	7.127014E-3
0.000000E+0	0.000000E+0	0.000000E+0	0.000000E+0	0.000000E+0	5.329017E-4	2.179946E-3	7.082950E-3
0.000000E+0	0.000000E+0	0.000000E+0	0.000000E+0	0.000000E+0	5.271836E-4	2.153418E-3	7.039294E-3
0.000000E+0	0.000000E+0	0.000000E+0	0.000000E+0	0.000000E+0	5.181979E-4	2.146888E-3	6.991150E-3
0.000000E+0	0.000000E+0	0.000000E+0	0.000000E+0	0.000000E+0	5.088038E-4	2.123218E-3	6.967078E-3
0.000000E+0	0.000000E+0	0.000000E+0	0.000000E+0	0.000000E+0	5.014519E-4	2.116280E-3	6.925053E-3
0.000000E+0	0.000000E+0	0.000000E+0	0.000000E+0	0.000000E+0	5.067616E-4	2.100771E-3	6.875685E-3
0.000000E+0	0.000000E+0	0.000000E+0	0.000000E+0	0.000000E+0	5.051279E-4	2.074243E-3	6.825501E-3
0.000000E+0	0.000000E+0	0.000000E+0	0.000000E+0	0.000000E+0	4.871566E-4	2.066897E-3	6.793269E-3
0.000000E+0	0.000000E+0	0.000000E+0	0.000000E+0	0.000000E+0	4.945085E-4	2.053429E-3	6.749205E-3
0.000000E+0	0.000000E+0	0.000000E+0	0.000000E+0	0.000000E+0	4.904241E-4	2.032615E-3	6.706365E-3
0.000000E+0	0.000000E+0	0.000000E+0	0.000000E+0	0.000000E+0	4.842975E-4	2.027310E-3	6.667197E-3
0.000000E+0	0.000000E+0	0.000000E+0	0.000000E+0	0.000000E+0	4.777625E-4	1.999150E-3	6.634149E-3
0.000000E+0	0.000000E+0	0.000000E+0	0.000000E+0	0.000000E+0	4.814384E-4	1.999966E-3	6.600693E-3
0.000000E+0	0.000000E+0	0.000000E+0	0.000000E+0	0.000000E+0	4.769456E-4	1.979560E-3	6.557853E-3
0.000000E+0	0.000000E+0	0.000000E+0	0.000000E+0	0.000000E+0	4.732696E-4	1.966092E-3	6.515421E-3
0.000000E+0	0.000000E+0	0.000000E+0	0.000000E+0	0.000000E+0	4.552983E-4	1.948135E-3	6.475029E-3
0.000000E+0	0.000000E+0	0.000000E+0	0.000000E+0	0.000000E+0	4.589743E-4	1.940789E-3	6.438717E-3
0.000000E+0	0.000000E+0	0.000000E+0	0.000000E+0	0.000000E+0	4.585658E-4	1.921607E-3	6.403629E-3
0.000000E+0	0.000000E+0	0.000000E+0	0.000000E+0	0.000000E+0	4.487633E-4	1.908548E-3	6.359973E-3
0.000000E+0	0.000000E+0	0.000000E+0	0.000000E+0	0.000000E+0	4.475380E-4	1.902426E-3	6.328965E-3
0.000000E+0	0.000000E+0	0.000000E+0	0.000000E+0	0.000000E+0	4.352848E-4	1.884061E-3	6.294285E-3
0.000000E+0	0.000000E+0	0.000000E+0	0.000000E+0	0.000000E+0	4.377355E-4	1.871409E-3	6.246141E-3
0.000000E+0	0.000000E+0	0.000000E+0	0.000000E+0	0.000000E+0	4.373270E-4	1.853452E-3	6.216765E-3
0.000000E+0	0.000000E+0	0.000000E+0	0.000000E+0	0.000000E+0	4.246654E-4	1.842841E-3	6.171069E-3
0.000000E+0	0.000000E+0	0.000000E+0	0.000000E+0	0.000000E+0	4.271160E-4	1.841208E-3	6.146997E-3
0.000000E+0	0.000000E+0	0.000000E+0	0.000000E+0	0.000000E+0	4.173135E-4	1.820802E-3	6.104565E-3
0.000000E+0	0.000000E+0	0.000000E+0	0.000000E+0	0.000000E+0	4.226232E-4	1.806926E-3	6.067437E-3
0.000000E+0	0.000000E+0	0.000000E+0	0.000000E+0	0.000000E+0	4.095532E-4	1.790193E-3	6.035205E-3
0.000000E+0	0.000000E+0	0.000000E+0	0.000000E+0	0.000000E+0	4.115954E-4	1.787337E-3	6.004197E-3
0.000000E+0	0.000000E+0	0.000000E+0	0.000000E+0	0.000000E+0	4.038350E-4	1.771420E-3	5.962581E-3
0.000000E+0	0.000000E+0	0.000000E+0	0.000000E+0	0.000000E+0	3.956663E-4	1.760401E-3	5.931981E-3
0.000000E+0	0.000000E+0	0.000000E+0	0.000000E+0	0.000000E+0	3.956663E-4	1.750198E-3	5.889549E-3
0.000000E+0	0.000000E+0	0.000000E+0	0.000000E+0	0.000000E+0	3.846384E-4	1.726527E-3	5.874453E-3
0.000000E+0	0.000000E+0	0.000000E+0	0.000000E+0	0.000000E+0	3.895397E-4	1.727751E-3	5.825901E-3
0.000000E+0	0.000000E+0	0.000000E+0	0.000000E+0	0.000000E+0	3.907650E-4	1.714284E-3	5.792853E-3
0.000000E+0	0.000000E+0	0.000000E+0	0.000000E+0	0.000000E+0	3.781034E-4	1.700408E-3	5.757357E-3
0.000000E+0	0.000000E+0	0.000000E+0	0.000000E+0	0.000000E+0	3.821878E-4	1.689796E-3	5.724717E-3
0.000000E+0	0.000000E+0	0.000000E+0	0.000000E+0	0.000000E+0	3.772865E-4	1.686532E-3	5.697381E-3
0.000000E+0	0.000000E+0	0.000000E+0	0.000000E+0	0.000000E+0	3.658502E-4	1.659596E-3	5.662701E-3
0.000000E+0	0.000000E+0	0.000000E+0	0.000000E+0	0.000000E+0	3.666671E-4	1.657555E-3	5.613741E-3
0.000000E+0	0.000000E+0	0.000000E+0	0.000000E+0	0.000000E+0	3.515549E-4	1.627763E-3	5.602317E-3
0.000000E+0	0.000000E+0	0.000000E+0	0.000000E+0	0.000000E+0	3.642165E-4	1.631844E-3	5.554989E-3
0.000000E+0	0.000000E+0	0.000000E+0	0.000000E+0	0.000000E+0	3.544139E-4	1.615111E-3	5.530917E-3
0.000000E+0	0.000000E+0	0.000000E+0	0.000000E+0	0.000000E+0	3.470620E-4	1.608581E-3	5.502357E-3
0.000000E+0	0.000000E+0	0.000000E+0	0.000000E+0	0.000000E+0	3.360342E-4	1.583278E-3	5.481141E-3
0.000000E+0	0.000000E+0	0.000000E+0	0.000000E+0	0.000000E+0	3.474705E-4	1.592664E-3	5.445237E-3
0.000000E+0	0.000000E+0	0.000000E+0	0.000000E+0	0.000000E+0	3.425692E-4	1.573891E-3	5.401989E-3
0.000000E+0	0.000000E+0	0.000000E+0	0.000000E+0	0.000000E+0	3.429777E-4	1.569402E-3	5.376285E-3
0.000000E+0	0.000000E+0	0.000000E+0	0.000000E+0	0.000000E+0	3.258232E-4	1.549812E-3	5.355885E-3
0.000000E+0	0.000000E+0	0.000000E+0	0.000000E+0	0.000000E+0	3.258232E-4	1.549812E-3	5.315493E-3
0.000000E+0	0.000000E+0	0.000000E+0	0.000000E+0	0.000000E+0	3.254148E-4	1.531855E-3	5.291829E-3
0.000000E+0	0.000000E+0	0.000000E+0	0.000000E+0	0.000000E+0	3.266401E-4	1.518795E-3	5.251029E-3
0.000000E+0	0.000000E+0	0.000000E+0	0.000000E+0	0.000000E+0	3.111194E-4	1.509408E-3	5.230221E-3
0.000000E+0	0.000000E+0	0.000000E+0	0.000000E+0	0.000000E+0	3.241895E-4	1.505327E-3	5.197581E-3
0.000000E+0	0.000000E+0	0.000000E+0	0.000000E+0	0.000000E+0	3.176544E-4	1.484921E-3	5.160453E-3
0.000000E+0	0.000000E+0	0.000000E+0	0.000000E+0	0.000000E+0	3.147954E-4	1.477983E-3	5.131893E-3
0.000000E+0	0.000000E+0	0.000000E+0	0.000000E+0	0.000000E+0	3.017253E-4	1.466148E-3	5.111493E-3
0.000000E+0	0.000000E+0	0.000000E+0	0.000000E+0	0.000000E+0	3.090772E-4	1.463699E-3	5.080893E-3
0.000000E+0	0.000000E+0	0.000000E+0	0.000000E+0	0.000000E+0	3.009085E-4	1.445334E-3	5.041317E-3
0.000000E+0	0.000000E+0	0.000000E+0	0.000000E+0	0.000000E+0	2.980494E-4	1.438804E-3	5.018469E-3
0.000000E+0	0.000000E+0	0.000000E+0	0.000000E+0	0.000000E+0	2.862047E-4	1.415949E-3	4.997253E-3
0.000000E+0	0.000000E+0	0.000000E+0	0.000000E+0	0.000000E+0	2.939650E-4	1.415133E-3	4.967877E-3
0.000000E+0	0.000000E+0	0.000000E+0	0.000000E+0	0.000000E+0	2.939650E-4	1.410236E-3	4.930749E-3
0.000000E+0	0.000000E+0	0.000000E+0	0.000000E+0	0.000000E+0	2.919228E-4	1.399217E-3	4.901781E-3
0.000000E+0	0.000000E+0	0.000000E+0	0.000000E+0	0.000000E+0	2.833456E-4	1.384116E-3	4.881789E-3
0.000000E+0	0.000000E+0	0.000000E+0	0.000000E+0	0.000000E+0	2.821203E-4	1.384933E-3	4.847517E-3
0.000000E+0	0.000000E+0	0.000000E+0	0.000000E+0	0.000000E+0	2.772190E-4	1.374730E-3	4.820589E-3
0.000000E+0	0.000000E+0	0.000000E+0	0.000000E+0	0.000000E+0	2.727262E-4	1.364118E-3	4.804269E-3
0.000000E+0	0.000000E+0	0.000000E+0	0.000000E+0	0.000000E+0	2.706840E-4	1.355140E-3	4.771221E-3
0.000000E+0	0.000000E+0	0.000000E+0	0.000000E+0	0.000000E+0	2.764021E-4	1.353916E-3	4.746333E-3
0.000000E+0	0.000000E+0	0.000000E+0	0.000000E+0	0.000000E+0	2.641490E-4	1.337999E-3	4.714101E-3
0.000000E+0	0.000000E+0	0.000000E+0	0.000000E+0	0.000000E+0	2.629236E-4	1.323715E-3	4.685133E-3
0.000000E+0	0.000000E+0	0.000000E+0	0.000000E+0	0.000000E+0	2.551633E-4	1.317185E-3	4.656573E-3
0.000000E+0	0.000000E+0	0.000000E+0	0.000000E+0	0.000000E+0	2.539380E-4	1.303309E-3	4.641477E-3
0.000000E+0	0.000000E+0	0.000000E+0	0.000000E+0	0.000000E+0	2.478114E-4	1.298820E-3	4.605165E-3
0.000000E+0	0.000000E+0	0.000000E+0	0.000000E+0	0.000000E+0	2.580224E-4	1.298003E-3	4.588437E-3
0.000000E+0	0.000000E+0	0.000000E+0	0.000000E+0	0.000000E+0	2.461777E-4	1.283311E-3	4.557429E-3
0.000000E+0	0.000000E+0	0.000000E+0	0.000000E+0	0.000000E+0	2.429101E-4	1.262089E-3	4.528461E-3
0.000000E+0	0.000000E+0	0.000000E+0	0.000000E+0	0.000000E+0	2.412764E-4	1.261273E-3	4.494189E-3
0.000000E+0	0.000000E+0	0.000000E+0	0.000000E+0	0.000000E+0	2.396426E-4	1.254335E-3	4.474605E-3
0.000000E+0	0.000000E+0	0.000000E+0	0.000000E+0	0.000000E+0	2.322907E-4	1.253519E-3	4.453389E-3
0.000000E+0	0.000000E+0	0.000000E+0	0.000000E+0	0.000000E+0	2.314739E-4	1.239234E-3	4.432173E-3
0.000000E+0	0.000000E+0	0.000000E+0	0.000000E+0	0.000000E+0	2.400511E-4	1.229032E-3	4.398309E-3
0.000000E+0	0.000000E+0	0.000000E+0	0.000000E+0	0.000000E+0	2.277979E-4	1.212299E-3	4.378317E-3
0.000000E+0	0.000000E+0	0.000000E+0	0.000000E+0	0.000000E+0	2.290232E-4	1.210258E-3	4.345269E-3
0.000000E+0	0.000000E+0	0.000000E+0	0.000000E+0	0.000000E+0	2.220798E-4	1.204953E-3	4.327317E-3
0.000000E+0	0.000000E+0	0.000000E+0	0.000000E+0	0.000000E+0	2.184038E-4	1.200871E-3	4.297941E-3
0.000000E+0	0.000000E+0	0.000000E+0	0.000000E+0	0.000000E+0	2.196291E-4	1.192709E-3	4.277949E-3
0.000000E+0	0.000000E+0	0.000000E+0	0.000000E+0	0.000000E+0	2.098266E-4	1.178833E-3	4.245717E-3
0.000000E+0	0.000000E+0	0.000000E+0	0.000000E+0	0.000000E+0	2.118688E-4	1.176792E-3	4.232253E-3
0.000000E+0	0.000000E+0	0.000000E+0	0.000000E+0	0.000000E+0	2.032916E-4	1.169446E-3	4.200837E-3
0.000000E+0	0.000000E+0	0.000000E+0	0.000000E+0	0.000000E+0	2.130941E-4	1.156795E-3	4.184109E-3
0.000000E+0	0.000000E+0	0.000000E+0	0.000000E+0	0.000000E+0	2.065591E-4	1.155162E-3	4.152285E-3
0.000000E+0	0.000000E+0	0.000000E+0	0.000000E+0	0.000000E+0	1.947144E-4	1.140470E-3	4.142493E-3
0.000000E+0	0.000000E+0	0.000000E+0	0.000000E+0	0.000000E+0	2.045169E-4	1.136389E-3	4.116789E-3
0.000000E+0	0.000000E+0	0.000000E+0	0.000000E+0	0.000000E+0	2.073760E-4	1.126594E-3	4.088229E-3
0.000000E+0	0.000000E+0	0.000000E+0	0.000000E+0	0.000000E+0	1.983903E-4	1.124553E-3	4.070277E-3
0.000000E+0	0.000000E+0	0.000000E+0	0.000000E+0	0.000000E+0	1.869540E-4	1.104147E-3	4.052733E-3
0.000000E+0	0.000000E+0	0.000000E+0	0.000000E+0	0.000000E+0	1.910384E-4	1.104964E-3	4.023357E-3
0.000000E+0	0.000000E+0	0.000000E+0	0.000000E+0	0.000000E+0	1.951228E-4	1.100474E-3	3.997245E-3
0.000000E+0	0.000000E+0	0.000000E+0	0.000000E+0	0.000000E+0	1.930806E-4	1.090271E-3	3.970317E-3
0.000000E+0	0.000000E+0	0.000000E+0	0.000000E+0	0.000000E+0	1.820528E-4	1.087415E-3	3.956037E-3
0.000000E+0	0.000000E+0	0.000000E+0	0.000000E+0	0.000000E+0	1.918553E-4	1.078436E-3	3.935637E-3
0.000000E+0	0.000000E+0	0.000000E+0	0.000000E+0	0.000000E+0	1.857287E-4	1.068641E-3	3.906261E-3
0.000000E+0	0.000000E+0	0.000000E+0	0.000000E+0	0.000000E+0	1.800106E-4	1.057622E-3	3.890757E-3
0.000000E+0	0.000000E+0	0.000000E+0	0.000000E+0	0.000000E+0	1.734755E-4	1.053541E-3	3.872805E-3
0.000000E+0	0.000000E+0	0.000000E+0	0.000000E+0	0.000000E+0	1.734755E-4	1.050684E-3	3.849141E-3
0.000000E+0	0.000000E+0	0.000000E+0	0.000000E+0	0.000000E+0	1.775599E-4	1.044562E-3	3.820173E-3
0.000000E+0	0.000000E+0	0.000000E+0	0.000000E+0	0.000000E+0	1.779684E-4	1.024156E-3	3.803445E-3
0.000000E+0	0.000000E+0	0.000000E+0	0.000000E+0	0.000000E+0	1.653068E-4	1.031502E-3	3.786717E-3
0.000000E+0	0.000000E+0	0.000000E+0	0.000000E+0	0.000000E+0	1.620393E-4	1.024156E-3	3.753669E-3
0.000000E+0	0.000000E+0	0.000000E+0	0.000000E+0	0.000000E+0	1.714334E-4	1.016810E-3	3.734085E-3
0.000000E+0	0.000000E+0	0.000000E+0	0.000000E+0	0.000000E+0	1.591802E-4	1.009056E-3	3.716133E-3
0.000000E+0	0.000000E+0	0.000000E+0	0.000000E+0	0.000000E+0	1.636730E-4	1.007015E-3	3.692469E-3
0.000000E+0	0.000000E+0	0.000000E+0	0.000000E+0	0.000000E+0	1.522367E-4	9.955881E-4	3.676965E-3
0.000000E+0	0.000000E+0	0.000000E+0	0.000000E+0	0.000000E+0	1.595886E-4	9.988531E-4	3.648813E-3
0.000000E+0	0.000000E+0	0.000000E+0	0.000000E+0	0.000000E+0	1.530536E-4	9.739579E-4	3.635757E-3
0.000000E+0	0.000000E+0	0.000000E+0	0.000000E+0	0.000000E+0	1.546874E-4	9.751822E-4	3.610053E-3
0.000000E+0	0.000000E+0	0.000000E+0	0.000000E+0	0.000000E+0	1.575464E-4	9.596738E-4	3.594141E-3
0.000000E+0	0.000000E+0	0.000000E+0	0.000000E+0	0.000000E+0	1.440680E-4	9.637549E-4	3.568845E-3
0.000000E+0	0.000000E+0	0.000000E+0	0.000000E+0	0.000000E+0	1.587717E-4	9.470221E-4	3.564357E-3
0.000000E+0	0.000000E+0	0.000000E+0	0.000000E+0	0.000000E+0	1.444764E-4	9.474302E-4	3.526413E-3
0.000000E+0	0.000000E+0	0.000000E+0	0.000000E+0	0.000000E+0	1.416173E-4	9.392679E-4	3.520293E-3
0.000000E+0	0.000000E+0	0.000000E+0	0.000000E+0	0.000000E+0	1.432511E-4	9.425328E-4	3.496221E-3
0.000000E+0	0.000000E+0	0.000000E+0	0.000000E+0	0.000000E+0	1.379414E-4	9.237594E-4	3.482349E-3
0.000000E+0	0.000000E+0	0.000000E+0	0.000000E+0	0.000000E+0	1.440680E-4	9.253919E-4	3.457053E-3
0.000000E+0	0.000000E+0	0.000000E+0	0.000000E+0	0.000000E+0	1.326317E-4	9.135564E-4	3.432573E-3
0.000000E+0	0.000000E+0	0.000000E+0	0.000000E+0	0.000000E+0	1.440680E-4	9.184539E-4	3.419517E-3
0.000000E+0	0.000000E+0	0.000000E+0	0.000000E+0	0.000000E+0	1.358992E-4	8.955993E-4	3.403197E-3
0.000000E+0	0.000000E+0	0.000000E+0	0.000000E+0	0.000000E+0	1.269135E-4	8.984561E-4	3.386877E-3
0.000000E+0	0.000000E+0	0.000000E+0	0.000000E+0	0.000000E+0	1.256882E-4	8.862126E-4	3.370557E-3
0.000000E+0	0.000000E+0	0.000000E+0	0.000000E+0	0.000000E+0	1.252798E-4	8.919262E-4	3.348117E-3
0.000000E+0	0.000000E+0	0.000000E+0	0.000000E+0	0.000000E+0	1.297726E-4	8.829476E-4	3.324044E-3
0.000000E+0	0.000000E+0	0.000000E+0	0.000000E+0	0.000000E+0	1.224207E-4	8.784583E-4	3.309764E-3
0.000000E+0	0.000000E+0	0.000000E+0	0.000000E+0	0.000000E+0	1.220123E-4	8.645823E-4	3.297524E-3
0.000000E+0	0.000000E+0	0.000000E+0	0.000000E+0	0.000000E+0	1.248713E-4	8.662148E-4	3.268148E-3
0.000000E+0	0.000000E+0	0.000000E+0	0.000000E+0	0.000000E+0	1.146604E-4	8.511144E-4	3.257948E-3
0.000000E+0	0.000000E+0	0.000000E+0	0.000000E+0	0.000000E+0	1.162941E-4	8.523388E-4	3.248972E-3
0.000000E+0	0.000000E+0	0.000000E+0	0.000000E+0	0.000000E+0	1.040409E-4	8.425439E-4	3.219596E-3
0.000000E+0	0.000000E+0	0.000000E+0	0.000000E+0	0.000000E+0	1.138435E-4	8.494820E-4	3.208172E-3
0.000000E+0	0.000000E+0	0.000000E+0	0.000000E+0	0.000000E+0	1.134350E-4	8.315248E-4	3.186956E-3
0.000000E+0	0.000000E+0	0.000000E+0	0.000000E+0	0.000000E+0	1.085338E-4	8.266274E-4	3.172268E-3
0.000000E+0	0.000000E+0	0.000000E+0	0.000000E+0	0.000000E+0	1.015903E-4	8.307085E-4	3.142484E-3
0.000000E+0	0.000000E+0	0.000000E+0	0.000000E+0	0.000000E+0	1.081253E-4	8.196894E-4	3.130652E-3
0.000000E+0	0.000000E+0	0.000000E+0	0.000000E+0	0.000000E+0	1.044494E-4	8.152001E-4	3.121676E-3
0.000000E+0	0.000000E+0	0.000000E+0	0.000000E+0	0.000000E+0	9.709749E-5	7.984672E-4	3.102092E-3
0.000000E+0	0.000000E+0	0.000000E+0	0.000000E+0	0.000000E+0	9.260466E-5	8.066296E-4	3.083732E-3
0.000000E+0	0.000000E+0	0.000000E+0	0.000000E+0	0.000000E+0	1.044494E-4	7.980591E-4	3.068636E-3
0.000000E+0	0.000000E+0	0.000000E+0	0.000000E+0	0.000000E+0	9.587217E-5	8.000997E-4	3.054764E-3
0.000000E+0	0.000000E+0	0.000000E+0	0.000000E+0	0.000000E+0	1.064916E-4	7.837750E-4	3.038444E-3
0.000000E+0	0.000000E+0	0.000000E+0	0.000000E+0	0.000000E+0	9.015403E-5	7.858156E-4	3.014780E-3
0.000000E+0	0.000000E+0	0.000000E+0	0.000000E+0	0.000000E+0	9.382998E-5	7.813263E-4	2.995196E-3
0.000000E+0	0.000000E+0	0.000000E+0	0.000000E+0	0.000000E+0	8.729496E-5	7.764289E-4	2.989892E-3
0.000000E+0	0.000000E+0	0.000000E+0	0.000000E+0	0.000000E+0	8.606964E-5	7.654097E-4	2.970716E-3
0.000000E+0	0.000000E+0	0.000000E+0	0.000000E+0	0.000000E+0	8.729496E-5	7.637772E-4	2.958068E-3
0.000000E+0	0.000000E+0	0.000000E+0	0.000000E+0	0.000000E+0	8.852027E-5	7.523499E-4	2.934812E-3
0.000000E+0	0.000000E+0	0.000000E+0	0.000000E+0	0.000000E+0	7.912618E-5	7.580636E-4	2.921348E-3
0.000000E+0	0.000000E+0	0.000000E+0	0.000000E+0	0.000000E+0	8.443589E-5	7.507174E-4	2.915228E-3
0.000000E+0	0.000000E+0	0.000000E+0	0.000000E+0	0.000000E+0	8.116837E-5	7.441876E-4	2.888708E-3
0.000000E+0	0.000000E+0	0.000000E+0	0.000000E+0	0.000000E+0	6.973209E-5	7.356171E-4	2.878916E-3
0.000000E+0	0.000000E+0	0.000000E+0	0.000000E+0	0.000000E+0	8.075994E-5	7.384739E-4	2.860148E-3
0.000000E+0	0.000000E+0	0.000000E+0	0.000000E+0	0.000000E+0	7.504179E-5	7.241898E-4	2.843012E-3
0.000000E+0	0.000000E+0	0.000000E+0	0.000000E+0	0.000000E+0	7.259116E-5	7.364333E-4	2.824244E-3
0.000000E+0	0.000000E+0	0.000000E+0	0.000000E+0	0.000000E+0	7.177428E-5	7.188843E-4	2.816084E-3
0.000000E+0	0.000000E+0	0.000000E+0	0.000000E+0	0.000000E+0	7.667555E-5	7.139868E-4	2.800988E-3
0.000000E+0	0.000000E+0	0.000000E+0	0.000000E+0	0.000000E+0	6.850677E-5	6.968459E-4	2.782220E-3
0.000000E+0	0.000000E+0	0.000000E+0	0.000000E+0	0.000000E+0	6.605614E-5	7.078651E-4	2.777732E-3
0.000000E+0	0.000000E+0	0.000000E+0	0.000000E+0	0.000000E+0	6.850677E-5	6.939891E-4	2.761004E-3
0.000000E+0	0.000000E+0	0.000000E+0	0.000000E+0	0.000000E+0	7.381648E-5	7.005190E-4	2.748356E-3
0.000000E+0	0.000000E+0	0.000000E+0	0.000000E+0	0.000000E+0	6.197175E-5	6.829699E-4	2.730812E-3
0.000000E+0	0.000000E+0	0.000000E+0	0.000000E+0	0.000000E+0	6.115487E-5	6.919485E-4	2.710004E-3
0.000000E+0	0.000000E+0	0.000000E+0	0.000000E+0	0.000000E+0	5.747892E-5	6.772562E-4	2.700212E-3
0.000000E+0	0.000000E+0	0.000000E+0	0.000000E+0	0.000000E+0	6.278863E-5	6.772562E-4	2.681852E-3
0.000000E+0	0.000000E+0	0.000000E+0	0.000000E+0	0.000000E+0	5.788736E-5	6.690939E-4	2.667980E-3
0.000000E+0	0.000000E+0	0.000000E+0	0.000000E+0	0.000000E+0	5.788736E-5	6.674614E-4	2.647580E-3
0.000000E+0	0.000000E+0	0.000000E+0	0.000000E+0	0.000000E+0	4.604264E-5	6.686858E-4	2.644724E-3
0.000000E+0	0.000000E+0	0.000000E+0	0.000000E+0	0.000000E+0	5.053546E-5	6.605234E-4	2.632076E-3
0.000000E+0	0.000000E+0	0.000000E+0	0.000000E+0	0.000000E+0	5.584517E-5	6.478718E-4	2.611268E-3
0.000000E+0	0.000000E+0	0.000000E+0	0.000000E+0	0.000000E+0	4.971859E-5	6.539935E-4	2.599436E-3
0.000000E+0	0.000000E+0	0.000000E+0	0.000000E+0	0.000000E+0	3.869074E-5	6.466474E-4	2.586380E-3
0.000000E+0	0.000000E+0	0.000000E+0	0.000000E+0	0.000000E+0	4.236669E-5	6.393013E-4	2.575364E-3
0.000000E+0	0.000000E+0	0.000000E+0	0.000000E+0	0.000000E+0	4.154981E-5	6.299146E-4	2.553332E-3
0.000000E+0	0.000000E+0	0.000000E+0	0.000000E+0	0.000000E+0	5.298610E-5	6.323633E-4	2.543132E-3
0.000000E+0	0.000000E+0	0.000000E+0	0.000000E+0	0.000000E+0	3.256416E-5	6.311389E-4	2.539052E-3
0.000000E+0	0.000000E+0	0.000000E+0	0.000000E+0	0.000000E+0	3.869074E-5	6.258334E-4	2.520284E-3
0.000000E+0	0.000000E+0	0.000000E+0	0.000000E+0	0.000000E+0	3.909918E-5	6.180792E-4	2.506820E-3
0.000000E+0	0.000000E+0	0.000000E+0	0.000000E+0	0.000000E+0	3.909918E-5	6.091006E-4	2.494580E-3
0.000000E+0	0.000000E+0	0.000000E+0	0.000000E+0	0.000000E+0	2.970508E-5	6.111412E-4	2.484380E-3
0.000000E+0	0.000000E+0	0.000000E+0	0.000000E+0	0.000000E+0	3.746542E-5	6.107330E-4	2.474180E-3
0.000000E+0	0.000000E+0	0.000000E+0	0.000000E+0	0.000000E+0	3.705698E-5	6.095087E-4	2.455412E-3
0.000000E+0	0.000000E+0	0.000000E+0	0.000000E+0	0.000000E+0	4.073293E-5	5.882866E-4	2.440724E-3
0.000000E+0	0.000000E+0	0.000000E+0	0.000000E+0	0.000000E+0	2.888821E-5	5.984895E-4	2.420324E-3
0.000000E+0	0.000000E+0	0.000000E+0	0.000000E+0	0.000000E+0	3.093040E-5	5.976733E-4	2.430116E-3
0.000000E+0	0.000000E+0	0.000000E+0	0.000000E+0	0.000000E+0	3.011352E-5	5.907353E-4	2.398292E-3
0.000000E+0	0.000000E+0	0.000000E+0	0.000000E+0	0.000000E+0	2.521226E-5	5.821648E-4	2.395436E-3
0.000000E+0	0.000000E+0	0.000000E+0	0.000000E+0	0.000000E+0	2.888821E-5	5.825729E-4	2.375036E-3
0.000000E+0	0.000000E+0	0.000000E+0	0.000000E+0	0.000000E+0	2.194475E-5	5.756349E-4	2.371364E-3
0.000000E+0	0.000000E+0	0.000000E+0	0.000000E+0	0.000000E+0	3.419791E-5	5.752268E-4	2.352596E-3
0.000000E+0	0.000000E+0	0.000000E+0	0.000000E+0	0.000000E+0	2.888821E-5	5.621670E-4	2.344436E-3
0.000000E+0	0.000000E+0	0.000000E+0	0.000000E+0	0.000000E+0	1.540973E-5	5.719618E-4	2.335052E-3
0.000000E+0	0.000000E+0	0.000000E+0	0.000000E+0	0.000000E+0	1.704348E-5	5.580858E-4	2.318324E-3
0.000000E+0	0.000000E+0	0.000000E+0	0.000000E+0	0.000000E+0	1.663504E-5	5.633914E-4	2.303636E-3
0.000000E+0	0.000000E+0	0.000000E+0	0.000000E+0	0.000000E+0	1.704348E-5	5.564534E-4	2.293028E-3
0.000000E+0	0.000000E+0	0.000000E+0	0.000000E+0	0.000000E+0	2.112787E-5	5.523722E-4	2.278340E-3
0.000000E+0	0.000000E+0	0.000000E+0	0.000000E+0	0.000000E+0	1.010002E-5	5.527803E-4	2.274260E-3
0.000000E+0	0.000000E+0	0.000000E+0	0.000000E+0	0.000000E+0	2.521226E-5	5.519641E-4	2.255492E-3
0.000000E+0	0.000000E+0	0.000000E+0	0.000000E+0	0.000000E+0	1.540973E-5	5.450261E-4	2.244068E-3
0.000000E+0	0.000000E+0	0.000000E+0	0.000000E+0	0.000000E+0	1.418441E-5	5.368637E-4	2.232644E-3
0.000000E+0	0.000000E+0	0.000000E+0	0.000000E+0	0.000000E+0	9.283144E-6	5.303338E-4	2.235092E-3
0.000000E+0	0.000000E+0	0.000000E+0	0.000000E+0	0.000000E+0	3.156562E-6	5.372718E-4	2.204084E-3
0.000000E+0	0.000000E+0	0.000000E+0	0.000000E+0	0.000000E+0	6.424072E-6	5.180903E-4	2.203268E-3
0.000000E+0	0.000000E+0	0.000000E+0	0.000000E+0	0.000000E+0	1.050846E-5	5.287014E-4	2.191028E-3
0.000000E+0	0.000000E+0	0.000000E+0	0.000000E+0	0.000000E+0	6.832511E-6	5.217634E-4	2.177156E-3
0.000000E+0	0.000000E+0	0.000000E+0	0.000000E+0	0.000000E+0	8.057828E-6	5.225796E-4	2.168996E-3
0.000000E+0	0.000000E+0	0.000000E+0	0.000000E+0	0.000000E+0	2.339684E-6	5.103361E-4	2.153084E-3
0.000000E+0	0.000000E+0	0.000000E+0	0.000000E+0	0.000000E+0	-1.109486E-7	5.099279E-4	2.144108E-3
0.000000E+0	0.000000E+0	0.000000E+0	0.000000E+0	0.000000E+0	-9.913480E-6	5.115604E-4	2.128604E-3
0.000000E+0	0.000000E+0	0.000000E+0	0.000000E+0	0.000000E+0	2.974902E-7	5.013575E-4	2.120036E-3
0.000000E+0	0.000000E+0	0.000000E+0	0.000000E+0	0.000000E+0	-9.278262E-7	4.980925E-4	2.107796E-3
0.000000E+0	0.000000E+0	0.000000E+0	0.000000E+0	0.000000E+0	-7.054408E-6	4.919708E-4	2.100860E-3
0.000000E+0	0.000000E+0	0.000000E+0	0.000000E+0	0.000000E+0	-1.318099E-5	5.005412E-4	2.095964E-3
0.000000E+0	0.000000E+0	0.000000E+0	0.000000E+0	0.000000E+0	-5.012214E-6	4.874815E-4	2.090252E-3
0.000000E+0	0.000000E+0	0.000000E+0	0.000000E+0	0.000000E+0	-1.971601E-5	4.887058E-4	2.061692E-3
0.000000E+0	0.000000E+0	0.000000E+0	0.000000E+0	0.000000E+0	-3.378459E-6	4.887058E-4	2.061284E-3
0.000000E+0	0.000000E+0	0.000000E+0	0.000000E+0	0.000000E+0	-1.849070E-5	4.821759E-4	2.055980E-3
0.000000E+0	0.000000E+0	0.000000E+0	0.000000E+0	0.000000E+0	-2.561581E-6	4.768704E-4	2.040476E-3
0.000000E+0	0.000000E+0	0.000000E+0	0.000000E+0	0.000000E+0	-1.154724E-5	4.691162E-4	2.028236E-3
0.000000E+0	0.000000E+0	0.000000E+0	0.000000E+0	0.000000E+0	-9.505041E-6	4.642188E-4	2.022524E-3
0.000000E+0	0.000000E+0	0.000000E+0	0.000000E+0	0.000000E+0	-1.358943E-5	4.593213E-4	2.010284E-3
0.000000E+0	0.000000E+0	0.000000E+0	0.000000E+0	0.000000E+0	-1.522318E-5	4.678918E-4	1.998044E-3
0.000000E+0	0.000000E+0	0.000000E+0	0.000000E+0	0.000000E+0	-1.358943E-5	4.666675E-4	1.975604E-3
0.000000E+0	0.000000E+0	0.000000E+0	0.000000E+0	0.000000E+0	-1.399787E-5	4.613619E-4	1.978868E-3
0.000000E+0	0.000000E+0	0.000000E+0	0.000000E+0	0.000000E+0	-2.012445E-5	4.609538E-4	1.964180E-3
0.000000E+0	0.000000E+0	0.000000E+0	0.000000E+0	0.000000E+0	-9.505041E-6	4.491184E-4	1.954388E-3
0.000000E+0	0.000000E+0	0.000000E+0	0.000000E+0	0.000000E+0	-1.726538E-5	4.438129E-4	1.944596E-3
0.000000E+0	0.000000E+0	0.000000E+0	0.000000E+0	0.000000E+0	-1.318099E-5	4.429966E-4	1.927052E-3
0.000000E+0	0.000000E+0	0.000000E+0	0.000000E+0	0.000000E+0	-1.849070E-5	4.421804E-4	1.926644E-3
0.000000E+0	0.000000E+0	0.000000E+0	0.000000E+0	0.000000E+0	-2.012445E-5	4.327937E-4	1.916852E-3
0.000000E+0	0.000000E+0	0.000000E+0	0.000000E+0	0.000000E+0	-1.849070E-5	4.397317E-4	1.907060E-3
0.000000E+0	0.000000E+0	0.000000E+0	0.000000E+0	0.000000E+0	-2.829323E-5	4.287125E-4	1.899308E-3
0.000000E+0	0.000000E+0	0.000000E+0	0.000000E+0	0.000000E+0	-2.625103E-5	4.323856E-4	1.889924E-3
0.000000E+0	0.000000E+0	0.000000E+0	0.000000E+0	0.000000E+0	-2.012445E-5	4.266719E-4	1.875644E-3
0.000000E+0	0.000000E+0	0.000000E+0	0.000000E+0	0.000000E+0	-2.584259E-5	4.303450E-4	1.866668E-3
0.000000E+0	0.000000E+0	0.000000E+0	0.000000E+0	0.000000E+0	-2.175821E-5	4.181014E-4	1.862180E-3
0.000000E+0	0.000000E+0	0.000000E+0	0.000000E+0	0.000000E+0	-3.115230E-5	4.201420E-4	1.853204E-3
0.000000E+0	0.000000E+0	0.000000E+0	0.000000E+0	0.000000E+0	-3.727888E-5	4.176933E-4	1.844228E-3
0.000000E+0	0.000000E+0	0.000000E+0	0.000000E+0	0.000000E+0	-2.951854E-5	4.160609E-4	1.831172E-3
0.000000E+0	0.000000E+0	0.000000E+0	0.000000E+0	0.000000E+0	-3.727888E-5	4.074904E-4	1.821380E-3
0.000000E+0	0.000000E+0	0.000000E+0	0.000000E+0	0.000000E+0	-3.523669E-5	4.119797E-4	1.814036E-3
0.000000E+0	0.000000E+0	0.000000E+0	0.000000E+0	0.000000E+0	-3.727888E-5	4.083066E-4	1.805060E-3
0.000000E+0	0.000000E+0	0.000000E+0	0.000000E+0	0.000000E+0	-4.218015E-5	4.066741E-4	1.791596E-3
0.000000E+0	0.000000E+0	0.000000E+0	0.000000E+0	0.000000E+0	-2.788479E-5	4.030011E-4	1.789148E-3
0.000000E+0	0.000000E+0	0.000000E+0	0.000000E+0	0.000000E+0	-4.503922E-5	3.964712E-4	1.776092E-3
