This is a C(T) experiment being done in Physics 3600.
It records the decay response of an RC circuit where the capacitance is a strong function of temperature.

11/19/2020
1:19 PM

waveform params		num meas		Index		Temp (C)		Capacitance (F)		Normalized Waveforms

<data below>
100.000000	3.000000	0.000000	35.000000	0.000000	1.000000	1.000000	1.000000
1000.000000	0.000000	1.000000	40.000000	0.000000	0.988616	0.990743	0.992568
100000.000000	0.000000	2.000000	45.000000	0.000000	0.977400	0.981584	0.985211
0.000000	0.000000	0.000000	0.000000	0.000000	0.966330	0.972532	0.977908
0.000000	0.000000	0.000000	0.000000	0.000000	0.955385	0.963562	0.970662
0.000000	0.000000	0.000000	0.000000	0.000000	0.944585	0.954700	0.963490
0.000000	0.000000	0.000000	0.000000	0.000000	0.933915	0.945937	0.956398
0.000000	0.000000	0.000000	0.000000	0.000000	0.923389	0.937239	0.949356
0.000000	0.000000	0.000000	0.000000	0.000000	0.912975	0.928650	0.942360
0.000000	0.000000	0.000000	0.000000	0.000000	0.902696	0.920143	0.935430
0.000000	0.000000	0.000000	0.000000	0.000000	0.892541	0.911716	0.928552
0.000000	0.000000	0.000000	0.000000	0.000000	0.882512	0.903383	0.921723
0.000000	0.000000	0.000000	0.000000	0.000000	0.872611	0.895099	0.914974
0.000000	0.000000	0.000000	0.000000	0.000000	0.862825	0.886939	0.908261
0.000000	0.000000	0.000000	0.000000	0.000000	0.853147	0.878850	0.901616
0.000000	0.000000	0.000000	0.000000	0.000000	0.843584	0.870840	0.895000
0.000000	0.000000	0.000000	0.000000	0.000000	0.834157	0.862912	0.888457
0.000000	0.000000	0.000000	0.000000	0.000000	0.824819	0.855041	0.881962
0.000000	0.000000	0.000000	0.000000	0.000000	0.815605	0.847254	0.875527
0.000000	0.000000	0.000000	0.000000	0.000000	0.806490	0.839562	0.869130
0.000000	0.000000	0.000000	0.000000	0.000000	0.797500	0.831920	0.862797
0.000000	0.000000	0.000000	0.000000	0.000000	0.788607	0.824369	0.856520
0.000000	0.000000	0.000000	0.000000	0.000000	0.779830	0.816887	0.850256
0.000000	0.000000	0.000000	0.000000	0.000000	0.771138	0.809482	0.844085
0.000000	0.000000	0.000000	0.000000	0.000000	0.762552	0.802139	0.837928
0.000000	0.000000	0.000000	0.000000	0.000000	0.754068	0.794884	0.831845
0.000000	0.000000	0.000000	0.000000	0.000000	0.745697	0.787675	0.825809
0.000000	0.000000	0.000000	0.000000	0.000000	0.737419	0.780572	0.819814
0.000000	0.000000	0.000000	0.000000	0.000000	0.729225	0.773508	0.813848
0.000000	0.000000	0.000000	0.000000	0.000000	0.721125	0.766506	0.807951
0.000000	0.000000	0.000000	0.000000	0.000000	0.713126	0.759585	0.802097
0.000000	0.000000	0.000000	0.000000	0.000000	0.705233	0.752737	0.796282
0.000000	0.000000	0.000000	0.000000	0.000000	0.697430	0.745941	0.790509
0.000000	0.000000	0.000000	0.000000	0.000000	0.689715	0.739222	0.784795
0.000000	0.000000	0.000000	0.000000	0.000000	0.682063	0.732555	0.779134
0.000000	0.000000	0.000000	0.000000	0.000000	0.674535	0.725956	0.773498
0.000000	0.000000	0.000000	0.000000	0.000000	0.667063	0.719418	0.767899
0.000000	0.000000	0.000000	0.000000	0.000000	0.659695	0.712937	0.762344
0.000000	0.000000	0.000000	0.000000	0.000000	0.652414	0.706536	0.756848
0.000000	0.000000	0.000000	0.000000	0.000000	0.645209	0.700185	0.751376
0.000000	0.000000	0.000000	0.000000	0.000000	0.638095	0.693891	0.745967
0.000000	0.000000	0.000000	0.000000	0.000000	0.631054	0.687657	0.740589
0.000000	0.000000	0.000000	0.000000	0.000000	0.624094	0.681471	0.735260
0.000000	0.000000	0.000000	0.000000	0.000000	0.617222	0.675360	0.729962
0.000000	0.000000	0.000000	0.000000	0.000000	0.610421	0.669308	0.724701
0.000000	0.000000	0.000000	0.000000	0.000000	0.603697	0.663305	0.719483
0.000000	0.000000	0.000000	0.000000	0.000000	0.597033	0.657360	0.714318
0.000000	0.000000	0.000000	0.000000	0.000000	0.590486	0.651473	0.709179
0.000000	0.000000	0.000000	0.000000	0.000000	0.583979	0.645635	0.704089
0.000000	0.000000	0.000000	0.000000	0.000000	0.577561	0.639847	0.699019
0.000000	0.000000	0.000000	0.000000	0.000000	0.571205	0.634123	0.694013
0.000000	0.000000	0.000000	0.000000	0.000000	0.564943	0.628448	0.689034
0.000000	0.000000	0.000000	0.000000	0.000000	0.558726	0.622833	0.684083
0.000000	0.000000	0.000000	0.000000	0.000000	0.552590	0.617272	0.679175
0.000000	0.000000	0.000000	0.000000	0.000000	0.546522	0.611759	0.674315
0.000000	0.000000	0.000000	0.000000	0.000000	0.540535	0.606288	0.669490
0.000000	0.000000	0.000000	0.000000	0.000000	0.534593	0.600873	0.664679
0.000000	0.000000	0.000000	0.000000	0.000000	0.528733	0.595498	0.659920
0.000000	0.000000	0.000000	0.000000	0.000000	0.522935	0.590189	0.655200
0.000000	0.000000	0.000000	0.000000	0.000000	0.517199	0.584938	0.650520
0.000000	0.000000	0.000000	0.000000	0.000000	0.511526	0.579701	0.645858
0.000000	0.000000	0.000000	0.000000	0.000000	0.505914	0.574535	0.641244
0.000000	0.000000	0.000000	0.000000	0.000000	0.500372	0.569418	0.636650
0.000000	0.000000	0.000000	0.000000	0.000000	0.494897	0.564340	0.632112
0.000000	0.000000	0.000000	0.000000	0.000000	0.489481	0.559315	0.627607
0.000000	0.000000	0.000000	0.000000	0.000000	0.484125	0.554327	0.623111
0.000000	0.000000	0.000000	0.000000	0.000000	0.478805	0.549381	0.618668
0.000000	0.000000	0.000000	0.000000	0.000000	0.473577	0.544493	0.614260
0.000000	0.000000	0.000000	0.000000	0.000000	0.468398	0.539658	0.609878
0.000000	0.000000	0.000000	0.000000	0.000000	0.463278	0.534858	0.605523
0.000000	0.000000	0.000000	0.000000	0.000000	0.458200	0.530101	0.601207
0.000000	0.000000	0.000000	0.000000	0.000000	0.453200	0.525397	0.596917
0.000000	0.000000	0.000000	0.000000	0.000000	0.448241	0.520717	0.592666
0.000000	0.000000	0.000000	0.000000	0.000000	0.443345	0.516072	0.588447
0.000000	0.000000	0.000000	0.000000	0.000000	0.438507	0.511500	0.584257
0.000000	0.000000	0.000000	0.000000	0.000000	0.433711	0.506954	0.580097
0.000000	0.000000	0.000000	0.000000	0.000000	0.428974	0.502455	0.575967
0.000000	0.000000	0.000000	0.000000	0.000000	0.424280	0.497989	0.571876
0.000000	0.000000	0.000000	0.000000	0.000000	0.419634	0.493563	0.567807
0.000000	0.000000	0.000000	0.000000	0.000000	0.415058	0.489187	0.563769
0.000000	0.000000	0.000000	0.000000	0.000000	0.410537	0.484844	0.559768
0.000000	0.000000	0.000000	0.000000	0.000000	0.406056	0.480551	0.555764
0.000000	0.000000	0.000000	0.000000	0.000000	0.401626	0.476274	0.551835
0.000000	0.000000	0.000000	0.000000	0.000000	0.397241	0.472046	0.547916
0.000000	0.000000	0.000000	0.000000	0.000000	0.392908	0.467861	0.544023
0.000000	0.000000	0.000000	0.000000	0.000000	0.388617	0.463727	0.540157
0.000000	0.000000	0.000000	0.000000	0.000000	0.384386	0.459610	0.536341
0.000000	0.000000	0.000000	0.000000	0.000000	0.380186	0.455539	0.532532
0.000000	0.000000	0.000000	0.000000	0.000000	0.376055	0.451504	0.528746
0.000000	0.000000	0.000000	0.000000	0.000000	0.371940	0.447510	0.524995
0.000000	0.000000	0.000000	0.000000	0.000000	0.367897	0.443540	0.521259
0.000000	0.000000	0.000000	0.000000	0.000000	0.363891	0.439616	0.517575
0.000000	0.000000	0.000000	0.000000	0.000000	0.359923	0.435710	0.513899
0.000000	0.000000	0.000000	0.000000	0.000000	0.356004	0.431863	0.510263
0.000000	0.000000	0.000000	0.000000	0.000000	0.352117	0.428033	0.506656
0.000000	0.000000	0.000000	0.000000	0.000000	0.348283	0.424245	0.503060
0.000000	0.000000	0.000000	0.000000	0.000000	0.344486	0.420501	0.499499
0.000000	0.000000	0.000000	0.000000	0.000000	0.340731	0.416770	0.495960
0.000000	0.000000	0.000000	0.000000	0.000000	0.337032	0.413091	0.492449
0.000000	0.000000	0.000000	0.000000	0.000000	0.333364	0.409438	0.488971
0.000000	0.000000	0.000000	0.000000	0.000000	0.329742	0.405821	0.485509
0.000000	0.000000	0.000000	0.000000	0.000000	0.326151	0.402247	0.482073
0.000000	0.000000	0.000000	0.000000	0.000000	0.322607	0.398671	0.478648
0.000000	0.000000	0.000000	0.000000	0.000000	0.319106	0.395145	0.475270
0.000000	0.000000	0.000000	0.000000	0.000000	0.315613	0.391661	0.471899
0.000000	0.000000	0.000000	0.000000	0.000000	0.312183	0.388188	0.468565
0.000000	0.000000	0.000000	0.000000	0.000000	0.308790	0.384760	0.465260
0.000000	0.000000	0.000000	0.000000	0.000000	0.305423	0.381375	0.461971
0.000000	0.000000	0.000000	0.000000	0.000000	0.302111	0.377986	0.458714
0.000000	0.000000	0.000000	0.000000	0.000000	0.298827	0.374669	0.455462
0.000000	0.000000	0.000000	0.000000	0.000000	0.295581	0.371354	0.452250
0.000000	0.000000	0.000000	0.000000	0.000000	0.292372	0.368076	0.449065
0.000000	0.000000	0.000000	0.000000	0.000000	0.289193	0.364830	0.445890
0.000000	0.000000	0.000000	0.000000	0.000000	0.286061	0.361614	0.442747
0.000000	0.000000	0.000000	0.000000	0.000000	0.282945	0.358425	0.439622
0.000000	0.000000	0.000000	0.000000	0.000000	0.279881	0.355262	0.436509
0.000000	0.000000	0.000000	0.000000	0.000000	0.276849	0.352121	0.433440
0.000000	0.000000	0.000000	0.000000	0.000000	0.273825	0.349007	0.430367
0.000000	0.000000	0.000000	0.000000	0.000000	0.270863	0.345926	0.427339
0.000000	0.000000	0.000000	0.000000	0.000000	0.267909	0.342892	0.424322
0.000000	0.000000	0.000000	0.000000	0.000000	0.264995	0.339863	0.421338
0.000000	0.000000	0.000000	0.000000	0.000000	0.262131	0.336885	0.418366
0.000000	0.000000	0.000000	0.000000	0.000000	0.259287	0.333906	0.415421
0.000000	0.000000	0.000000	0.000000	0.000000	0.256483	0.330959	0.412486
0.000000	0.000000	0.000000	0.000000	0.000000	0.253681	0.328046	0.409579
0.000000	0.000000	0.000000	0.000000	0.000000	0.250945	0.325152	0.406695
0.000000	0.000000	0.000000	0.000000	0.000000	0.248218	0.322281	0.403826
0.000000	0.000000	0.000000	0.000000	0.000000	0.245533	0.319438	0.400986
0.000000	0.000000	0.000000	0.000000	0.000000	0.242861	0.316640	0.398160
0.000000	0.000000	0.000000	0.000000	0.000000	0.240232	0.313855	0.395359
0.000000	0.000000	0.000000	0.000000	0.000000	0.237626	0.311075	0.392570
0.000000	0.000000	0.000000	0.000000	0.000000	0.235053	0.308337	0.389803
0.000000	0.000000	0.000000	0.000000	0.000000	0.232504	0.305627	0.387055
0.000000	0.000000	0.000000	0.000000	0.000000	0.229993	0.302938	0.384347
0.000000	0.000000	0.000000	0.000000	0.000000	0.227484	0.300282	0.381641
0.000000	0.000000	0.000000	0.000000	0.000000	0.225021	0.297627	0.378942
0.000000	0.000000	0.000000	0.000000	0.000000	0.222582	0.295010	0.376285
0.000000	0.000000	0.000000	0.000000	0.000000	0.220166	0.292418	0.373633
0.000000	0.000000	0.000000	0.000000	0.000000	0.217783	0.289849	0.371018
0.000000	0.000000	0.000000	0.000000	0.000000	0.215434	0.287304	0.368397
0.000000	0.000000	0.000000	0.000000	0.000000	0.213101	0.284765	0.365818
0.000000	0.000000	0.000000	0.000000	0.000000	0.210785	0.282271	0.363241
0.000000	0.000000	0.000000	0.000000	0.000000	0.208507	0.279791	0.360688
0.000000	0.000000	0.000000	0.000000	0.000000	0.206260	0.277334	0.358156
0.000000	0.000000	0.000000	0.000000	0.000000	0.204025	0.274886	0.355643
0.000000	0.000000	0.000000	0.000000	0.000000	0.201812	0.272471	0.353134
0.000000	0.000000	0.000000	0.000000	0.000000	0.199630	0.270084	0.350658
0.000000	0.000000	0.000000	0.000000	0.000000	0.197473	0.267700	0.348176
0.000000	0.000000	0.000000	0.000000	0.000000	0.195339	0.265351	0.345743
0.000000	0.000000	0.000000	0.000000	0.000000	0.193234	0.263015	0.343308
0.000000	0.000000	0.000000	0.000000	0.000000	0.191143	0.260715	0.340897
0.000000	0.000000	0.000000	0.000000	0.000000	0.189061	0.258425	0.338510
0.000000	0.000000	0.000000	0.000000	0.000000	0.187025	0.256148	0.336135
0.000000	0.000000	0.000000	0.000000	0.000000	0.185006	0.253900	0.333774
0.000000	0.000000	0.000000	0.000000	0.000000	0.183005	0.251670	0.331440
0.000000	0.000000	0.000000	0.000000	0.000000	0.181023	0.249454	0.329114
0.000000	0.000000	0.000000	0.000000	0.000000	0.179059	0.247272	0.326802
0.000000	0.000000	0.000000	0.000000	0.000000	0.177133	0.245101	0.324517
0.000000	0.000000	0.000000	0.000000	0.000000	0.175220	0.242954	0.322227
0.000000	0.000000	0.000000	0.000000	0.000000	0.173322	0.240819	0.319975
0.000000	0.000000	0.000000	0.000000	0.000000	0.171456	0.238702	0.317725
0.000000	0.000000	0.000000	0.000000	0.000000	0.169604	0.236620	0.315510
0.000000	0.000000	0.000000	0.000000	0.000000	0.167774	0.234541	0.313290
0.000000	0.000000	0.000000	0.000000	0.000000	0.165961	0.232486	0.311093
0.000000	0.000000	0.000000	0.000000	0.000000	0.164173	0.230442	0.308905
0.000000	0.000000	0.000000	0.000000	0.000000	0.162396	0.228422	0.306739
0.000000	0.000000	0.000000	0.000000	0.000000	0.160644	0.226419	0.304585
0.000000	0.000000	0.000000	0.000000	0.000000	0.158914	0.224434	0.302466
0.000000	0.000000	0.000000	0.000000	0.000000	0.157196	0.222456	0.300346
0.000000	0.000000	0.000000	0.000000	0.000000	0.155502	0.220508	0.298244
0.000000	0.000000	0.000000	0.000000	0.000000	0.153820	0.218585	0.296145
0.000000	0.000000	0.000000	0.000000	0.000000	0.152169	0.216672	0.294060
0.000000	0.000000	0.000000	0.000000	0.000000	0.150529	0.214776	0.292024
0.000000	0.000000	0.000000	0.000000	0.000000	0.148898	0.212889	0.289971
0.000000	0.000000	0.000000	0.000000	0.000000	0.147294	0.211031	0.287948
0.000000	0.000000	0.000000	0.000000	0.000000	0.145711	0.209182	0.285931
0.000000	0.000000	0.000000	0.000000	0.000000	0.144138	0.207346	0.283922
0.000000	0.000000	0.000000	0.000000	0.000000	0.142571	0.205535	0.281951
0.000000	0.000000	0.000000	0.000000	0.000000	0.141041	0.203742	0.279976
0.000000	0.000000	0.000000	0.000000	0.000000	0.139522	0.201951	0.278009
0.000000	0.000000	0.000000	0.000000	0.000000	0.138029	0.200167	0.276069
0.000000	0.000000	0.000000	0.000000	0.000000	0.136528	0.198442	0.274134
0.000000	0.000000	0.000000	0.000000	0.000000	0.135061	0.196689	0.272219
0.000000	0.000000	0.000000	0.000000	0.000000	0.133615	0.194983	0.270318
0.000000	0.000000	0.000000	0.000000	0.000000	0.132172	0.193267	0.268412
0.000000	0.000000	0.000000	0.000000	0.000000	0.130757	0.191577	0.266547
0.000000	0.000000	0.000000	0.000000	0.000000	0.129338	0.189901	0.264675
0.000000	0.000000	0.000000	0.000000	0.000000	0.127968	0.188261	0.262826
0.000000	0.000000	0.000000	0.000000	0.000000	0.126576	0.186597	0.260986
0.000000	0.000000	0.000000	0.000000	0.000000	0.125216	0.184953	0.259176
0.000000	0.000000	0.000000	0.000000	0.000000	0.123859	0.183337	0.257356
0.000000	0.000000	0.000000	0.000000	0.000000	0.122536	0.181743	0.255571
0.000000	0.000000	0.000000	0.000000	0.000000	0.121217	0.180151	0.253763
0.000000	0.000000	0.000000	0.000000	0.000000	0.119914	0.178572	0.251996
0.000000	0.000000	0.000000	0.000000	0.000000	0.118622	0.177011	0.250252
0.000000	0.000000	0.000000	0.000000	0.000000	0.117353	0.175477	0.248494
0.000000	0.000000	0.000000	0.000000	0.000000	0.116087	0.173939	0.246757
0.000000	0.000000	0.000000	0.000000	0.000000	0.114836	0.172428	0.245037
0.000000	0.000000	0.000000	0.000000	0.000000	0.113595	0.170926	0.243331
0.000000	0.000000	0.000000	0.000000	0.000000	0.112388	0.169432	0.241621
0.000000	0.000000	0.000000	0.000000	0.000000	0.111180	0.167932	0.239944
0.000000	0.000000	0.000000	0.000000	0.000000	0.109984	0.166480	0.238262
0.000000	0.000000	0.000000	0.000000	0.000000	0.108803	0.165015	0.236604
0.000000	0.000000	0.000000	0.000000	0.000000	0.107635	0.163588	0.234957
0.000000	0.000000	0.000000	0.000000	0.000000	0.106489	0.162157	0.233307
0.000000	0.000000	0.000000	0.000000	0.000000	0.105339	0.160745	0.231681
0.000000	0.000000	0.000000	0.000000	0.000000	0.104210	0.159332	0.230074
0.000000	0.000000	0.000000	0.000000	0.000000	0.103101	0.157946	0.228468
0.000000	0.000000	0.000000	0.000000	0.000000	0.101974	0.156572	0.226863
0.000000	0.000000	0.000000	0.000000	0.000000	0.100883	0.155198	0.225280
0.000000	0.000000	0.000000	0.000000	0.000000	0.099793	0.153854	0.223718
0.000000	0.000000	0.000000	0.000000	0.000000	0.098740	0.152509	0.222145
0.000000	0.000000	0.000000	0.000000	0.000000	0.097667	0.151187	0.220600
0.000000	0.000000	0.000000	0.000000	0.000000	0.096631	0.149870	0.219067
0.000000	0.000000	0.000000	0.000000	0.000000	0.095584	0.148562	0.217542
0.000000	0.000000	0.000000	0.000000	0.000000	0.094554	0.147255	0.216032
0.000000	0.000000	0.000000	0.000000	0.000000	0.093557	0.145998	0.214529
0.000000	0.000000	0.000000	0.000000	0.000000	0.092547	0.144714	0.213027
0.000000	0.000000	0.000000	0.000000	0.000000	0.091560	0.143436	0.211553
0.000000	0.000000	0.000000	0.000000	0.000000	0.090572	0.142183	0.210070
0.000000	0.000000	0.000000	0.000000	0.000000	0.089601	0.140972	0.208614
0.000000	0.000000	0.000000	0.000000	0.000000	0.088650	0.139719	0.207144
0.000000	0.000000	0.000000	0.000000	0.000000	0.087697	0.138509	0.205719
0.000000	0.000000	0.000000	0.000000	0.000000	0.086765	0.137301	0.204283
0.000000	0.000000	0.000000	0.000000	0.000000	0.085833	0.136107	0.202859
0.000000	0.000000	0.000000	0.000000	0.000000	0.084918	0.134923	0.201447
0.000000	0.000000	0.000000	0.000000	0.000000	0.084000	0.133740	0.200052
0.000000	0.000000	0.000000	0.000000	0.000000	0.083110	0.132583	0.198668
0.000000	0.000000	0.000000	0.000000	0.000000	0.082217	0.131424	0.197271
0.000000	0.000000	0.000000	0.000000	0.000000	0.081324	0.130292	0.195899
0.000000	0.000000	0.000000	0.000000	0.000000	0.080464	0.129147	0.194537
0.000000	0.000000	0.000000	0.000000	0.000000	0.079600	0.128037	0.193194
0.000000	0.000000	0.000000	0.000000	0.000000	0.078755	0.126917	0.191844
0.000000	0.000000	0.000000	0.000000	0.000000	0.077923	0.125812	0.190506
0.000000	0.000000	0.000000	0.000000	0.000000	0.077089	0.124719	0.189183
0.000000	0.000000	0.000000	0.000000	0.000000	0.076248	0.123632	0.187872
0.000000	0.000000	0.000000	0.000000	0.000000	0.075445	0.122573	0.186566
0.000000	0.000000	0.000000	0.000000	0.000000	0.074635	0.121498	0.185263
0.000000	0.000000	0.000000	0.000000	0.000000	0.073837	0.120448	0.183974
0.000000	0.000000	0.000000	0.000000	0.000000	0.073058	0.119396	0.182697
0.000000	0.000000	0.000000	0.000000	0.000000	0.072276	0.118363	0.181420
0.000000	0.000000	0.000000	0.000000	0.000000	0.071502	0.117333	0.180168
0.000000	0.000000	0.000000	0.000000	0.000000	0.070728	0.116300	0.178905
0.000000	0.000000	0.000000	0.000000	0.000000	0.069986	0.115305	0.177693
0.000000	0.000000	0.000000	0.000000	0.000000	0.069238	0.114301	0.176439
0.000000	0.000000	0.000000	0.000000	0.000000	0.068493	0.113306	0.175216
0.000000	0.000000	0.000000	0.000000	0.000000	0.067770	0.112323	0.173993
0.000000	0.000000	0.000000	0.000000	0.000000	0.067049	0.111344	0.172799
0.000000	0.000000	0.000000	0.000000	0.000000	0.066329	0.110386	0.171592
0.000000	0.000000	0.000000	0.000000	0.000000	0.065620	0.109428	0.170402
0.000000	0.000000	0.000000	0.000000	0.000000	0.064925	0.108484	0.169215
0.000000	0.000000	0.000000	0.000000	0.000000	0.064225	0.107535	0.168046
0.000000	0.000000	0.000000	0.000000	0.000000	0.063548	0.106609	0.166874
0.000000	0.000000	0.000000	0.000000	0.000000	0.062872	0.105677	0.165718
0.000000	0.000000	0.000000	0.000000	0.000000	0.062201	0.104767	0.164562
0.000000	0.000000	0.000000	0.000000	0.000000	0.061533	0.103860	0.163427
0.000000	0.000000	0.000000	0.000000	0.000000	0.060885	0.102954	0.162288
0.000000	0.000000	0.000000	0.000000	0.000000	0.060224	0.102058	0.161166
0.000000	0.000000	0.000000	0.000000	0.000000	0.059580	0.101180	0.160041
0.000000	0.000000	0.000000	0.000000	0.000000	0.058952	0.100297	0.158940
0.000000	0.000000	0.000000	0.000000	0.000000	0.058318	0.099429	0.157836
0.000000	0.000000	0.000000	0.000000	0.000000	0.057708	0.098569	0.156749
0.000000	0.000000	0.000000	0.000000	0.000000	0.057093	0.097705	0.155649
0.000000	0.000000	0.000000	0.000000	0.000000	0.056486	0.096858	0.154577
0.000000	0.000000	0.000000	0.000000	0.000000	0.055873	0.096028	0.153514
0.000000	0.000000	0.000000	0.000000	0.000000	0.055287	0.095195	0.152447
0.000000	0.000000	0.000000	0.000000	0.000000	0.054704	0.094364	0.151390
0.000000	0.000000	0.000000	0.000000	0.000000	0.054125	0.093560	0.150348
0.000000	0.000000	0.000000	0.000000	0.000000	0.053535	0.092735	0.149310
0.000000	0.000000	0.000000	0.000000	0.000000	0.052975	0.091943	0.148273
0.000000	0.000000	0.000000	0.000000	0.000000	0.052414	0.091145	0.147231
0.000000	0.000000	0.000000	0.000000	0.000000	0.051865	0.090371	0.146222
0.000000	0.000000	0.000000	0.000000	0.000000	0.051309	0.089566	0.145213
0.000000	0.000000	0.000000	0.000000	0.000000	0.050761	0.088816	0.144198
0.000000	0.000000	0.000000	0.000000	0.000000	0.050217	0.088038	0.143197
0.000000	0.000000	0.000000	0.000000	0.000000	0.049700	0.087274	0.142208
0.000000	0.000000	0.000000	0.000000	0.000000	0.049161	0.086522	0.141227
0.000000	0.000000	0.000000	0.000000	0.000000	0.048633	0.085780	0.140244
0.000000	0.000000	0.000000	0.000000	0.000000	0.048124	0.085026	0.139277
0.000000	0.000000	0.000000	0.000000	0.000000	0.047616	0.084294	0.138313
0.000000	0.000000	0.000000	0.000000	0.000000	0.047121	0.083578	0.137362
0.000000	0.000000	0.000000	0.000000	0.000000	0.046619	0.082849	0.136396
0.000000	0.000000	0.000000	0.000000	0.000000	0.046121	0.082128	0.135462
0.000000	0.000000	0.000000	0.000000	0.000000	0.045631	0.081426	0.134526
0.000000	0.000000	0.000000	0.000000	0.000000	0.045139	0.080730	0.133607
0.000000	0.000000	0.000000	0.000000	0.000000	0.044669	0.080021	0.132671
0.000000	0.000000	0.000000	0.000000	0.000000	0.044197	0.079330	0.131761
0.000000	0.000000	0.000000	0.000000	0.000000	0.043731	0.078652	0.130850
0.000000	0.000000	0.000000	0.000000	0.000000	0.043256	0.077965	0.129952
0.000000	0.000000	0.000000	0.000000	0.000000	0.042803	0.077297	0.129040
0.000000	0.000000	0.000000	0.000000	0.000000	0.042349	0.076625	0.128164
0.000000	0.000000	0.000000	0.000000	0.000000	0.041914	0.075968	0.127271
0.000000	0.000000	0.000000	0.000000	0.000000	0.041467	0.075309	0.126387
0.000000	0.000000	0.000000	0.000000	0.000000	0.041034	0.074648	0.125520
0.000000	0.000000	0.000000	0.000000	0.000000	0.040589	0.074018	0.124656
0.000000	0.000000	0.000000	0.000000	0.000000	0.040162	0.073383	0.123786
0.000000	0.000000	0.000000	0.000000	0.000000	0.039738	0.072757	0.122948
0.000000	0.000000	0.000000	0.000000	0.000000	0.039331	0.072119	0.122099
0.000000	0.000000	0.000000	0.000000	0.000000	0.038910	0.071500	0.121245
0.000000	0.000000	0.000000	0.000000	0.000000	0.038504	0.070874	0.120413
0.000000	0.000000	0.000000	0.000000	0.000000	0.038088	0.070271	0.119583
0.000000	0.000000	0.000000	0.000000	0.000000	0.037686	0.069669	0.118761
0.000000	0.000000	0.000000	0.000000	0.000000	0.037282	0.069070	0.117935
0.000000	0.000000	0.000000	0.000000	0.000000	0.036898	0.068463	0.117123
0.000000	0.000000	0.000000	0.000000	0.000000	0.036506	0.067896	0.116310
0.000000	0.000000	0.000000	0.000000	0.000000	0.036133	0.067305	0.115513
0.000000	0.000000	0.000000	0.000000	0.000000	0.035747	0.066732	0.114727
0.000000	0.000000	0.000000	0.000000	0.000000	0.035370	0.066142	0.113927
0.000000	0.000000	0.000000	0.000000	0.000000	0.034990	0.065586	0.113145
0.000000	0.000000	0.000000	0.000000	0.000000	0.034626	0.065015	0.112374
0.000000	0.000000	0.000000	0.000000	0.000000	0.034248	0.064465	0.111586
0.000000	0.000000	0.000000	0.000000	0.000000	0.033897	0.063904	0.110809
0.000000	0.000000	0.000000	0.000000	0.000000	0.033542	0.063351	0.110065
0.000000	0.000000	0.000000	0.000000	0.000000	0.033191	0.062813	0.109304
0.000000	0.000000	0.000000	0.000000	0.000000	0.032837	0.062276	0.108550
0.000000	0.000000	0.000000	0.000000	0.000000	0.032494	0.061732	0.107801
0.000000	0.000000	0.000000	0.000000	0.000000	0.032146	0.061207	0.107065
0.000000	0.000000	0.000000	0.000000	0.000000	0.031801	0.060678	0.106325
0.000000	0.000000	0.000000	0.000000	0.000000	0.031480	0.060162	0.105590
0.000000	0.000000	0.000000	0.000000	0.000000	0.031159	0.059633	0.104865
0.000000	0.000000	0.000000	0.000000	0.000000	0.030825	0.059122	0.104145
0.000000	0.000000	0.000000	0.000000	0.000000	0.030497	0.058614	0.103432
0.000000	0.000000	0.000000	0.000000	0.000000	0.030178	0.058112	0.102715
0.000000	0.000000	0.000000	0.000000	0.000000	0.029861	0.057619	0.102005
0.000000	0.000000	0.000000	0.000000	0.000000	0.029543	0.057124	0.101299
0.000000	0.000000	0.000000	0.000000	0.000000	0.029236	0.056622	0.100602
0.000000	0.000000	0.000000	0.000000	0.000000	0.028929	0.056152	0.099910
0.000000	0.000000	0.000000	0.000000	0.000000	0.028627	0.055663	0.099223
0.000000	0.000000	0.000000	0.000000	0.000000	0.028331	0.055180	0.098553
0.000000	0.000000	0.000000	0.000000	0.000000	0.028032	0.054718	0.097864
0.000000	0.000000	0.000000	0.000000	0.000000	0.027736	0.054242	0.097182
0.000000	0.000000	0.000000	0.000000	0.000000	0.027448	0.053777	0.096531
0.000000	0.000000	0.000000	0.000000	0.000000	0.027162	0.053322	0.095860
0.000000	0.000000	0.000000	0.000000	0.000000	0.026870	0.052857	0.095202
0.000000	0.000000	0.000000	0.000000	0.000000	0.026598	0.052411	0.094555
0.000000	0.000000	0.000000	0.000000	0.000000	0.026321	0.051956	0.093908
0.000000	0.000000	0.000000	0.000000	0.000000	0.026054	0.051514	0.093258
0.000000	0.000000	0.000000	0.000000	0.000000	0.025768	0.051073	0.092624
0.000000	0.000000	0.000000	0.000000	0.000000	0.025510	0.050635	0.091980
0.000000	0.000000	0.000000	0.000000	0.000000	0.025238	0.050196	0.091358
0.000000	0.000000	0.000000	0.000000	0.000000	0.024967	0.049780	0.090720
0.000000	0.000000	0.000000	0.000000	0.000000	0.024708	0.049349	0.090099
0.000000	0.000000	0.000000	0.000000	0.000000	0.024446	0.048928	0.089484
0.000000	0.000000	0.000000	0.000000	0.000000	0.024198	0.048512	0.088879
0.000000	0.000000	0.000000	0.000000	0.000000	0.023941	0.048084	0.088261
0.000000	0.000000	0.000000	0.000000	0.000000	0.023685	0.047682	0.087654
0.000000	0.000000	0.000000	0.000000	0.000000	0.023445	0.047287	0.087054
0.000000	0.000000	0.000000	0.000000	0.000000	0.023207	0.046885	0.086465
0.000000	0.000000	0.000000	0.000000	0.000000	0.022961	0.046474	0.085864
0.000000	0.000000	0.000000	0.000000	0.000000	0.022711	0.046087	0.085274
0.000000	0.000000	0.000000	0.000000	0.000000	0.022478	0.045687	0.084688
0.000000	0.000000	0.000000	0.000000	0.000000	0.022249	0.045303	0.084110
0.000000	0.000000	0.000000	0.000000	0.000000	0.022013	0.044904	0.083545
0.000000	0.000000	0.000000	0.000000	0.000000	0.021776	0.044530	0.082957
0.000000	0.000000	0.000000	0.000000	0.000000	0.021549	0.044140	0.082392
0.000000	0.000000	0.000000	0.000000	0.000000	0.021335	0.043774	0.081827
0.000000	0.000000	0.000000	0.000000	0.000000	0.021116	0.043385	0.081271
0.000000	0.000000	0.000000	0.000000	0.000000	0.020895	0.043021	0.080717
0.000000	0.000000	0.000000	0.000000	0.000000	0.020681	0.042659	0.080177
0.000000	0.000000	0.000000	0.000000	0.000000	0.020468	0.042296	0.079604
0.000000	0.000000	0.000000	0.000000	0.000000	0.020257	0.041933	0.079067
0.000000	0.000000	0.000000	0.000000	0.000000	0.020046	0.041583	0.078533
0.000000	0.000000	0.000000	0.000000	0.000000	0.019825	0.041231	0.077996
0.000000	0.000000	0.000000	0.000000	0.000000	0.019629	0.040872	0.077459
0.000000	0.000000	0.000000	0.000000	0.000000	0.019416	0.040528	0.076934
0.000000	0.000000	0.000000	0.000000	0.000000	0.019222	0.040179	0.076398
0.000000	0.000000	0.000000	0.000000	0.000000	0.019014	0.039835	0.075886
0.000000	0.000000	0.000000	0.000000	0.000000	0.018828	0.039494	0.075359
0.000000	0.000000	0.000000	0.000000	0.000000	0.018619	0.039166	0.074849
0.000000	0.000000	0.000000	0.000000	0.000000	0.018434	0.038832	0.074329
0.000000	0.000000	0.000000	0.000000	0.000000	0.018230	0.038506	0.073828
0.000000	0.000000	0.000000	0.000000	0.000000	0.018052	0.038180	0.073327
0.000000	0.000000	0.000000	0.000000	0.000000	0.017860	0.037853	0.072824
0.000000	0.000000	0.000000	0.000000	0.000000	0.017672	0.037523	0.072318
0.000000	0.000000	0.000000	0.000000	0.000000	0.017487	0.037208	0.071830
0.000000	0.000000	0.000000	0.000000	0.000000	0.017312	0.036888	0.071339
0.000000	0.000000	0.000000	0.000000	0.000000	0.017138	0.036582	0.070861
0.000000	0.000000	0.000000	0.000000	0.000000	0.016953	0.036276	0.070369
0.000000	0.000000	0.000000	0.000000	0.000000	0.016776	0.035965	0.069892
0.000000	0.000000	0.000000	0.000000	0.000000	0.016605	0.035665	0.069410
0.000000	0.000000	0.000000	0.000000	0.000000	0.016437	0.035363	0.068946
0.000000	0.000000	0.000000	0.000000	0.000000	0.016264	0.035058	0.068463
0.000000	0.000000	0.000000	0.000000	0.000000	0.016085	0.034756	0.068007
0.000000	0.000000	0.000000	0.000000	0.000000	0.015926	0.034464	0.067554
0.000000	0.000000	0.000000	0.000000	0.000000	0.015767	0.034173	0.067085
0.000000	0.000000	0.000000	0.000000	0.000000	0.015604	0.033883	0.066627
0.000000	0.000000	0.000000	0.000000	0.000000	0.015443	0.033597	0.066165
0.000000	0.000000	0.000000	0.000000	0.000000	0.015286	0.033308	0.065720
0.000000	0.000000	0.000000	0.000000	0.000000	0.015125	0.033030	0.065269
0.000000	0.000000	0.000000	0.000000	0.000000	0.014975	0.032749	0.064833
0.000000	0.000000	0.000000	0.000000	0.000000	0.014823	0.032468	0.064382
0.000000	0.000000	0.000000	0.000000	0.000000	0.014669	0.032193	0.063948
0.000000	0.000000	0.000000	0.000000	0.000000	0.014514	0.031926	0.063504
0.000000	0.000000	0.000000	0.000000	0.000000	0.014366	0.031648	0.063072
0.000000	0.000000	0.000000	0.000000	0.000000	0.014217	0.031383	0.062656
0.000000	0.000000	0.000000	0.000000	0.000000	0.014068	0.031126	0.062226
0.000000	0.000000	0.000000	0.000000	0.000000	0.013921	0.030859	0.061796
0.000000	0.000000	0.000000	0.000000	0.000000	0.013779	0.030601	0.061382
0.000000	0.000000	0.000000	0.000000	0.000000	0.013632	0.030342	0.060964
0.000000	0.000000	0.000000	0.000000	0.000000	0.013505	0.030088	0.060551
0.000000	0.000000	0.000000	0.000000	0.000000	0.013367	0.029829	0.060137
0.000000	0.000000	0.000000	0.000000	0.000000	0.013226	0.029576	0.059716
0.000000	0.000000	0.000000	0.000000	0.000000	0.013090	0.029327	0.059320
0.000000	0.000000	0.000000	0.000000	0.000000	0.012958	0.029077	0.058910
0.000000	0.000000	0.000000	0.000000	0.000000	0.012818	0.028839	0.058502
0.000000	0.000000	0.000000	0.000000	0.000000	0.012691	0.028598	0.058112
0.000000	0.000000	0.000000	0.000000	0.000000	0.012567	0.028359	0.057732
0.000000	0.000000	0.000000	0.000000	0.000000	0.012435	0.028114	0.057323
0.000000	0.000000	0.000000	0.000000	0.000000	0.012305	0.027886	0.056948
0.000000	0.000000	0.000000	0.000000	0.000000	0.012178	0.027647	0.056553
0.000000	0.000000	0.000000	0.000000	0.000000	0.012049	0.027399	0.056172
0.000000	0.000000	0.000000	0.000000	0.000000	0.011923	0.027179	0.055789
0.000000	0.000000	0.000000	0.000000	0.000000	0.011812	0.026944	0.055406
0.000000	0.000000	0.000000	0.000000	0.000000	0.011684	0.026726	0.055036
0.000000	0.000000	0.000000	0.000000	0.000000	0.011563	0.026490	0.054667
0.000000	0.000000	0.000000	0.000000	0.000000	0.011438	0.026281	0.054296
0.000000	0.000000	0.000000	0.000000	0.000000	0.011327	0.026062	0.053924
0.000000	0.000000	0.000000	0.000000	0.000000	0.011209	0.025847	0.053561
0.000000	0.000000	0.000000	0.000000	0.000000	0.011102	0.025626	0.053182
0.000000	0.000000	0.000000	0.000000	0.000000	0.010992	0.025405	0.052831
0.000000	0.000000	0.000000	0.000000	0.000000	0.010874	0.025191	0.052483
0.000000	0.000000	0.000000	0.000000	0.000000	0.010768	0.024984	0.052118
0.000000	0.000000	0.000000	0.000000	0.000000	0.010656	0.024766	0.051773
0.000000	0.000000	0.000000	0.000000	0.000000	0.010553	0.024558	0.051422
0.000000	0.000000	0.000000	0.000000	0.000000	0.010445	0.024360	0.051067
0.000000	0.000000	0.000000	0.000000	0.000000	0.010338	0.024143	0.050717
0.000000	0.000000	0.000000	0.000000	0.000000	0.010233	0.023948	0.050365
0.000000	0.000000	0.000000	0.000000	0.000000	0.010128	0.023747	0.050042
0.000000	0.000000	0.000000	0.000000	0.000000	0.010029	0.023552	0.049704
0.000000	0.000000	0.000000	0.000000	0.000000	0.009925	0.023364	0.049368
0.000000	0.000000	0.000000	0.000000	0.000000	0.009823	0.023157	0.049033
0.000000	0.000000	0.000000	0.000000	0.000000	0.009714	0.022972	0.048691
0.000000	0.000000	0.000000	0.000000	0.000000	0.009623	0.022775	0.048378
0.000000	0.000000	0.000000	0.000000	0.000000	0.009538	0.022579	0.048043
0.000000	0.000000	0.000000	0.000000	0.000000	0.009432	0.022379	0.047714
0.000000	0.000000	0.000000	0.000000	0.000000	0.009335	0.022204	0.047397
0.000000	0.000000	0.000000	0.000000	0.000000	0.009235	0.022011	0.047086
0.000000	0.000000	0.000000	0.000000	0.000000	0.009144	0.021840	0.046771
0.000000	0.000000	0.000000	0.000000	0.000000	0.009047	0.021646	0.046445
0.000000	0.000000	0.000000	0.000000	0.000000	0.008970	0.021475	0.046130
0.000000	0.000000	0.000000	0.000000	0.000000	0.008864	0.021284	0.045826
0.000000	0.000000	0.000000	0.000000	0.000000	0.008792	0.021120	0.045511
0.000000	0.000000	0.000000	0.000000	0.000000	0.008695	0.020938	0.045203
0.000000	0.000000	0.000000	0.000000	0.000000	0.008601	0.020773	0.044893
0.000000	0.000000	0.000000	0.000000	0.000000	0.008517	0.020585	0.044599
0.000000	0.000000	0.000000	0.000000	0.000000	0.008435	0.020423	0.044299
0.000000	0.000000	0.000000	0.000000	0.000000	0.008348	0.020254	0.044005
0.000000	0.000000	0.000000	0.000000	0.000000	0.008266	0.020084	0.043695
0.000000	0.000000	0.000000	0.000000	0.000000	0.008179	0.019911	0.043404
0.000000	0.000000	0.000000	0.000000	0.000000	0.008096	0.019746	0.043105
0.000000	0.000000	0.000000	0.000000	0.000000	0.008013	0.019586	0.042819
0.000000	0.000000	0.000000	0.000000	0.000000	0.007943	0.019416	0.042529
0.000000	0.000000	0.000000	0.000000	0.000000	0.007851	0.019246	0.042241
0.000000	0.000000	0.000000	0.000000	0.000000	0.007786	0.019097	0.041968
0.000000	0.000000	0.000000	0.000000	0.000000	0.007701	0.018934	0.041691
0.000000	0.000000	0.000000	0.000000	0.000000	0.007628	0.018780	0.041410
0.000000	0.000000	0.000000	0.000000	0.000000	0.007550	0.018616	0.041123
0.000000	0.000000	0.000000	0.000000	0.000000	0.007473	0.018457	0.040851
0.000000	0.000000	0.000000	0.000000	0.000000	0.007400	0.018313	0.040572
0.000000	0.000000	0.000000	0.000000	0.000000	0.007333	0.018151	0.040304
0.000000	0.000000	0.000000	0.000000	0.000000	0.007246	0.018006	0.040024
0.000000	0.000000	0.000000	0.000000	0.000000	0.007178	0.017860	0.039760
0.000000	0.000000	0.000000	0.000000	0.000000	0.007095	0.017715	0.039492
0.000000	0.000000	0.000000	0.000000	0.000000	0.007037	0.017555	0.039235
0.000000	0.000000	0.000000	0.000000	0.000000	0.006961	0.017412	0.038976
0.000000	0.000000	0.000000	0.000000	0.000000	0.006884	0.017258	0.038698
0.000000	0.000000	0.000000	0.000000	0.000000	0.006822	0.017132	0.038442
0.000000	0.000000	0.000000	0.000000	0.000000	0.006760	0.016985	0.038186
0.000000	0.000000	0.000000	0.000000	0.000000	0.006681	0.016833	0.037932
0.000000	0.000000	0.000000	0.000000	0.000000	0.006622	0.016696	0.037671
0.000000	0.000000	0.000000	0.000000	0.000000	0.006554	0.016565	0.037411
0.000000	0.000000	0.000000	0.000000	0.000000	0.006494	0.016432	0.037170
0.000000	0.000000	0.000000	0.000000	0.000000	0.006425	0.016286	0.036923
0.000000	0.000000	0.000000	0.000000	0.000000	0.006351	0.016153	0.036687
0.000000	0.000000	0.000000	0.000000	0.000000	0.006292	0.016022	0.036437
0.000000	0.000000	0.000000	0.000000	0.000000	0.006229	0.015898	0.036181
0.000000	0.000000	0.000000	0.000000	0.000000	0.006170	0.015766	0.035949
0.000000	0.000000	0.000000	0.000000	0.000000	0.006111	0.015633	0.035711
0.000000	0.000000	0.000000	0.000000	0.000000	0.006049	0.015517	0.035464
0.000000	0.000000	0.000000	0.000000	0.000000	0.005987	0.015379	0.035219
0.000000	0.000000	0.000000	0.000000	0.000000	0.005922	0.015253	0.034990
0.000000	0.000000	0.000000	0.000000	0.000000	0.005867	0.015119	0.034763
0.000000	0.000000	0.000000	0.000000	0.000000	0.005808	0.015004	0.034521
0.000000	0.000000	0.000000	0.000000	0.000000	0.005750	0.014875	0.034292
0.000000	0.000000	0.000000	0.000000	0.000000	0.005697	0.014753	0.034063
0.000000	0.000000	0.000000	0.000000	0.000000	0.005634	0.014631	0.033833
0.000000	0.000000	0.000000	0.000000	0.000000	0.005582	0.014520	0.033609
0.000000	0.000000	0.000000	0.000000	0.000000	0.005530	0.014394	0.033386
0.000000	0.000000	0.000000	0.000000	0.000000	0.005470	0.014267	0.033151
0.000000	0.000000	0.000000	0.000000	0.000000	0.005414	0.014150	0.032937
0.000000	0.000000	0.000000	0.000000	0.000000	0.005376	0.014040	0.032713
0.000000	0.000000	0.000000	0.000000	0.000000	0.005324	0.013922	0.032503
0.000000	0.000000	0.000000	0.000000	0.000000	0.005266	0.013803	0.032285
0.000000	0.000000	0.000000	0.000000	0.000000	0.005209	0.013689	0.032068
0.000000	0.000000	0.000000	0.000000	0.000000	0.005161	0.013576	0.031856
0.000000	0.000000	0.000000	0.000000	0.000000	0.005114	0.013470	0.031637
0.000000	0.000000	0.000000	0.000000	0.000000	0.005064	0.013356	0.031431
0.000000	0.000000	0.000000	0.000000	0.000000	0.005007	0.013247	0.031222
0.000000	0.000000	0.000000	0.000000	0.000000	0.004967	0.013143	0.031021
0.000000	0.000000	0.000000	0.000000	0.000000	0.004919	0.013033	0.030810
0.000000	0.000000	0.000000	0.000000	0.000000	0.004859	0.012927	0.030620
0.000000	0.000000	0.000000	0.000000	0.000000	0.004813	0.012819	0.030410
0.000000	0.000000	0.000000	0.000000	0.000000	0.004776	0.012714	0.030191
0.000000	0.000000	0.000000	0.000000	0.000000	0.004721	0.012616	0.029992
0.000000	0.000000	0.000000	0.000000	0.000000	0.004673	0.012512	0.029796
0.000000	0.000000	0.000000	0.000000	0.000000	0.004627	0.012408	0.029593
0.000000	0.000000	0.000000	0.000000	0.000000	0.004584	0.012300	0.029398
0.000000	0.000000	0.000000	0.000000	0.000000	0.004543	0.012205	0.029208
0.000000	0.000000	0.000000	0.000000	0.000000	0.004498	0.012097	0.029005
0.000000	0.000000	0.000000	0.000000	0.000000	0.004451	0.012004	0.028825
0.000000	0.000000	0.000000	0.000000	0.000000	0.004407	0.011895	0.028639
0.000000	0.000000	0.000000	0.000000	0.000000	0.004362	0.011819	0.028441
0.000000	0.000000	0.000000	0.000000	0.000000	0.004320	0.011708	0.028250
0.000000	0.000000	0.000000	0.000000	0.000000	0.004285	0.011614	0.028059
0.000000	0.000000	0.000000	0.000000	0.000000	0.004236	0.011517	0.027885
0.000000	0.000000	0.000000	0.000000	0.000000	0.004186	0.011429	0.027684
0.000000	0.000000	0.000000	0.000000	0.000000	0.004150	0.011329	0.027504
0.000000	0.000000	0.000000	0.000000	0.000000	0.004116	0.011237	0.027321
0.000000	0.000000	0.000000	0.000000	0.000000	0.004071	0.011153	0.027146
0.000000	0.000000	0.000000	0.000000	0.000000	0.004030	0.011065	0.026960
0.000000	0.000000	0.000000	0.000000	0.000000	0.004000	0.010964	0.026782
0.000000	0.000000	0.000000	0.000000	0.000000	0.003963	0.010876	0.026612
0.000000	0.000000	0.000000	0.000000	0.000000	0.003919	0.010784	0.026438
0.000000	0.000000	0.000000	0.000000	0.000000	0.003884	0.010711	0.026262
0.000000	0.000000	0.000000	0.000000	0.000000	0.003841	0.010623	0.026091
0.000000	0.000000	0.000000	0.000000	0.000000	0.003807	0.010538	0.025918
0.000000	0.000000	0.000000	0.000000	0.000000	0.003764	0.010445	0.025747
0.000000	0.000000	0.000000	0.000000	0.000000	0.003737	0.010368	0.025577
0.000000	0.000000	0.000000	0.000000	0.000000	0.003688	0.010277	0.025401
0.000000	0.000000	0.000000	0.000000	0.000000	0.003647	0.010199	0.025232
0.000000	0.000000	0.000000	0.000000	0.000000	0.003613	0.010109	0.025066
0.000000	0.000000	0.000000	0.000000	0.000000	0.003582	0.010033	0.024905
0.000000	0.000000	0.000000	0.000000	0.000000	0.003551	0.009946	0.024736
0.000000	0.000000	0.000000	0.000000	0.000000	0.003504	0.009876	0.024567
0.000000	0.000000	0.000000	0.000000	0.000000	0.003481	0.009788	0.024420
0.000000	0.000000	0.000000	0.000000	0.000000	0.003452	0.009717	0.024248
0.000000	0.000000	0.000000	0.000000	0.000000	0.003415	0.009642	0.024084
0.000000	0.000000	0.000000	0.000000	0.000000	0.003380	0.009552	0.023925
0.000000	0.000000	0.000000	0.000000	0.000000	0.003340	0.009479	0.023777
0.000000	0.000000	0.000000	0.000000	0.000000	0.003316	0.009404	0.023612
0.000000	0.000000	0.000000	0.000000	0.000000	0.003280	0.009330	0.023459
0.000000	0.000000	0.000000	0.000000	0.000000	0.003260	0.009253	0.023301
0.000000	0.000000	0.000000	0.000000	0.000000	0.003211	0.009170	0.023161
0.000000	0.000000	0.000000	0.000000	0.000000	0.003192	0.009099	0.023001
0.000000	0.000000	0.000000	0.000000	0.000000	0.003159	0.009036	0.022851
0.000000	0.000000	0.000000	0.000000	0.000000	0.003134	0.008959	0.022695
0.000000	0.000000	0.000000	0.000000	0.000000	0.003091	0.008893	0.022551
0.000000	0.000000	0.000000	0.000000	0.000000	0.003071	0.008809	0.022402
0.000000	0.000000	0.000000	0.000000	0.000000	0.003034	0.008745	0.022248
0.000000	0.000000	0.000000	0.000000	0.000000	0.003009	0.008663	0.022094
0.000000	0.000000	0.000000	0.000000	0.000000	0.002975	0.008598	0.021960
0.000000	0.000000	0.000000	0.000000	0.000000	0.002954	0.008524	0.021820
0.000000	0.000000	0.000000	0.000000	0.000000	0.002922	0.008459	0.021666
0.000000	0.000000	0.000000	0.000000	0.000000	0.002893	0.008389	0.021522
0.000000	0.000000	0.000000	0.000000	0.000000	0.002863	0.008328	0.021389
0.000000	0.000000	0.000000	0.000000	0.000000	0.002829	0.008260	0.021246
0.000000	0.000000	0.000000	0.000000	0.000000	0.002815	0.008192	0.021116
0.000000	0.000000	0.000000	0.000000	0.000000	0.002788	0.008129	0.020973
0.000000	0.000000	0.000000	0.000000	0.000000	0.002759	0.008074	0.020844
0.000000	0.000000	0.000000	0.000000	0.000000	0.002737	0.007998	0.020705
0.000000	0.000000	0.000000	0.000000	0.000000	0.002710	0.007943	0.020568
0.000000	0.000000	0.000000	0.000000	0.000000	0.002686	0.007871	0.020428
0.000000	0.000000	0.000000	0.000000	0.000000	0.002657	0.007813	0.020303
0.000000	0.000000	0.000000	0.000000	0.000000	0.002635	0.007742	0.020172
0.000000	0.000000	0.000000	0.000000	0.000000	0.002603	0.007689	0.020035
0.000000	0.000000	0.000000	0.000000	0.000000	0.002583	0.007629	0.019899
0.000000	0.000000	0.000000	0.000000	0.000000	0.002551	0.007568	0.019766
0.000000	0.000000	0.000000	0.000000	0.000000	0.002539	0.007501	0.019643
0.000000	0.000000	0.000000	0.000000	0.000000	0.002505	0.007455	0.019513
0.000000	0.000000	0.000000	0.000000	0.000000	0.002486	0.007393	0.019383
0.000000	0.000000	0.000000	0.000000	0.000000	0.002464	0.007323	0.019261
0.000000	0.000000	0.000000	0.000000	0.000000	0.002435	0.007270	0.019134
0.000000	0.000000	0.000000	0.000000	0.000000	0.002426	0.007218	0.019010
0.000000	0.000000	0.000000	0.000000	0.000000	0.002393	0.007147	0.018878
0.000000	0.000000	0.000000	0.000000	0.000000	0.002363	0.007101	0.018752
0.000000	0.000000	0.000000	0.000000	0.000000	0.002344	0.007046	0.018639
0.000000	0.000000	0.000000	0.000000	0.000000	0.002333	0.006986	0.018508
0.000000	0.000000	0.000000	0.000000	0.000000	0.002307	0.006928	0.018389
0.000000	0.000000	0.000000	0.000000	0.000000	0.002282	0.006877	0.018264
0.000000	0.000000	0.000000	0.000000	0.000000	0.002264	0.006815	0.018155
0.000000	0.000000	0.000000	0.000000	0.000000	0.002236	0.006760	0.018032
0.000000	0.000000	0.000000	0.000000	0.000000	0.002227	0.006709	0.017916
0.000000	0.000000	0.000000	0.000000	0.000000	0.002195	0.006652	0.017798
0.000000	0.000000	0.000000	0.000000	0.000000	0.002171	0.006609	0.017680
0.000000	0.000000	0.000000	0.000000	0.000000	0.002157	0.006558	0.017568
0.000000	0.000000	0.000000	0.000000	0.000000	0.002129	0.006497	0.017448
0.000000	0.000000	0.000000	0.000000	0.000000	0.002113	0.006441	0.017339
0.000000	0.000000	0.000000	0.000000	0.000000	0.002098	0.006390	0.017224
0.000000	0.000000	0.000000	0.000000	0.000000	0.002070	0.006341	0.017115
0.000000	0.000000	0.000000	0.000000	0.000000	0.002051	0.006292	0.017007
0.000000	0.000000	0.000000	0.000000	0.000000	0.002031	0.006243	0.016888
0.000000	0.000000	0.000000	0.000000	0.000000	0.002005	0.006193	0.016776
0.000000	0.000000	0.000000	0.000000	0.000000	0.001993	0.006146	0.016666
0.000000	0.000000	0.000000	0.000000	0.000000	0.001974	0.006105	0.016563
0.000000	0.000000	0.000000	0.000000	0.000000	0.001958	0.006046	0.016448
0.000000	0.000000	0.000000	0.000000	0.000000	0.001940	0.006001	0.016343
0.000000	0.000000	0.000000	0.000000	0.000000	0.001920	0.005954	0.016245
0.000000	0.000000	0.000000	0.000000	0.000000	0.001898	0.005906	0.016142
0.000000	0.000000	0.000000	0.000000	0.000000	0.001887	0.005862	0.016031
0.000000	0.000000	0.000000	0.000000	0.000000	0.001854	0.005810	0.015934
0.000000	0.000000	0.000000	0.000000	0.000000	0.001849	0.005763	0.015834
0.000000	0.000000	0.000000	0.000000	0.000000	0.001837	0.005731	0.015736
0.000000	0.000000	0.000000	0.000000	0.000000	0.001811	0.005667	0.015629
0.000000	0.000000	0.000000	0.000000	0.000000	0.001797	0.005641	0.015519
0.000000	0.000000	0.000000	0.000000	0.000000	0.001778	0.005589	0.015437
0.000000	0.000000	0.000000	0.000000	0.000000	0.001761	0.005554	0.015336
0.000000	0.000000	0.000000	0.000000	0.000000	0.001746	0.005505	0.015220
0.000000	0.000000	0.000000	0.000000	0.000000	0.001729	0.005472	0.015126
0.000000	0.000000	0.000000	0.000000	0.000000	0.001705	0.005415	0.015044
0.000000	0.000000	0.000000	0.000000	0.000000	0.001701	0.005388	0.014938
0.000000	0.000000	0.000000	0.000000	0.000000	0.001685	0.005339	0.014842
0.000000	0.000000	0.000000	0.000000	0.000000	0.001661	0.005293	0.014748
0.000000	0.000000	0.000000	0.000000	0.000000	0.001650	0.005258	0.014646
0.000000	0.000000	0.000000	0.000000	0.000000	0.001643	0.005211	0.014556
0.000000	0.000000	0.000000	0.000000	0.000000	0.001616	0.005178	0.014465
0.000000	0.000000	0.000000	0.000000	0.000000	0.001613	0.005139	0.014366
0.000000	0.000000	0.000000	0.000000	0.000000	0.001587	0.005100	0.014275
0.000000	0.000000	0.000000	0.000000	0.000000	0.001583	0.005060	0.014184
0.000000	0.000000	0.000000	0.000000	0.000000	0.001562	0.005019	0.014087
0.000000	0.000000	0.000000	0.000000	0.000000	0.001544	0.004970	0.013998
0.000000	0.000000	0.000000	0.000000	0.000000	0.001530	0.004934	0.013899
0.000000	0.000000	0.000000	0.000000	0.000000	0.001516	0.004903	0.013819
0.000000	0.000000	0.000000	0.000000	0.000000	0.001493	0.004864	0.013729
0.000000	0.000000	0.000000	0.000000	0.000000	0.001487	0.004825	0.013643
0.000000	0.000000	0.000000	0.000000	0.000000	0.001476	0.004782	0.013557
0.000000	0.000000	0.000000	0.000000	0.000000	0.001459	0.004761	0.013473
0.000000	0.000000	0.000000	0.000000	0.000000	0.001450	0.004711	0.013381
0.000000	0.000000	0.000000	0.000000	0.000000	0.001440	0.004680	0.013292
0.000000	0.000000	0.000000	0.000000	0.000000	0.001410	0.004643	0.013218
0.000000	0.000000	0.000000	0.000000	0.000000	0.001407	0.004610	0.013139
0.000000	0.000000	0.000000	0.000000	0.000000	0.001387	0.004577	0.013040
0.000000	0.000000	0.000000	0.000000	0.000000	0.001371	0.004536	0.012955
0.000000	0.000000	0.000000	0.000000	0.000000	0.001359	0.004504	0.012873
0.000000	0.000000	0.000000	0.000000	0.000000	0.001344	0.004468	0.012789
0.000000	0.000000	0.000000	0.000000	0.000000	0.001341	0.004428	0.012719
0.000000	0.000000	0.000000	0.000000	0.000000	0.001328	0.004389	0.012634
0.000000	0.000000	0.000000	0.000000	0.000000	0.001320	0.004357	0.012552
0.000000	0.000000	0.000000	0.000000	0.000000	0.001308	0.004336	0.012479
0.000000	0.000000	0.000000	0.000000	0.000000	0.001295	0.004293	0.012394
0.000000	0.000000	0.000000	0.000000	0.000000	0.001291	0.004258	0.012310
0.000000	0.000000	0.000000	0.000000	0.000000	0.001263	0.004234	0.012230
0.000000	0.000000	0.000000	0.000000	0.000000	0.001249	0.004190	0.012150
0.000000	0.000000	0.000000	0.000000	0.000000	0.001240	0.004162	0.012076
0.000000	0.000000	0.000000	0.000000	0.000000	0.001240	0.004128	0.011998
0.000000	0.000000	0.000000	0.000000	0.000000	0.001216	0.004106	0.011925
0.000000	0.000000	0.000000	0.000000	0.000000	0.001200	0.004067	0.011848
0.000000	0.000000	0.000000	0.000000	0.000000	0.001209	0.004042	0.011769
0.000000	0.000000	0.000000	0.000000	0.000000	0.001192	0.004002	0.011691
0.000000	0.000000	0.000000	0.000000	0.000000	0.001168	0.003978	0.011611
0.000000	0.000000	0.000000	0.000000	0.000000	0.001158	0.003940	0.011548
0.000000	0.000000	0.000000	0.000000	0.000000	0.001156	0.003920	0.011468
0.000000	0.000000	0.000000	0.000000	0.000000	0.001145	0.003884	0.011401
0.000000	0.000000	0.000000	0.000000	0.000000	0.001134	0.003856	0.011325
0.000000	0.000000	0.000000	0.000000	0.000000	0.001117	0.003822	0.011262
0.000000	0.000000	0.000000	0.000000	0.000000	0.001109	0.003796	0.011193
0.000000	0.000000	0.000000	0.000000	0.000000	0.001102	0.003770	0.011111
0.000000	0.000000	0.000000	0.000000	0.000000	0.001087	0.003737	0.011038
0.000000	0.000000	0.000000	0.000000	0.000000	0.001084	0.003703	0.010974
0.000000	0.000000	0.000000	0.000000	0.000000	0.001079	0.003672	0.010890
0.000000	0.000000	0.000000	0.000000	0.000000	0.001070	0.003643	0.010827
0.000000	0.000000	0.000000	0.000000	0.000000	0.001047	0.003618	0.010766
0.000000	0.000000	0.000000	0.000000	0.000000	0.001045	0.003601	0.010707
0.000000	0.000000	0.000000	0.000000	0.000000	0.001033	0.003556	0.010638
0.000000	0.000000	0.000000	0.000000	0.000000	0.001025	0.003544	0.010574
0.000000	0.000000	0.000000	0.000000	0.000000	0.001011	0.003506	0.010514
0.000000	0.000000	0.000000	0.000000	0.000000	0.000995	0.003493	0.010447
0.000000	0.000000	0.000000	0.000000	0.000000	0.000988	0.003471	0.010372
0.000000	0.000000	0.000000	0.000000	0.000000	0.000982	0.003445	0.010311
0.000000	0.000000	0.000000	0.000000	0.000000	0.000988	0.003410	0.010239
0.000000	0.000000	0.000000	0.000000	0.000000	0.000959	0.003385	0.010189
0.000000	0.000000	0.000000	0.000000	0.000000	0.000956	0.003365	0.010112
0.000000	0.000000	0.000000	0.000000	0.000000	0.000953	0.003345	0.010047
0.000000	0.000000	0.000000	0.000000	0.000000	0.000943	0.003303	0.009986
0.000000	0.000000	0.000000	0.000000	0.000000	0.000928	0.003284	0.009927
0.000000	0.000000	0.000000	0.000000	0.000000	0.000913	0.003258	0.009861
0.000000	0.000000	0.000000	0.000000	0.000000	0.000917	0.003237	0.009796
0.000000	0.000000	0.000000	0.000000	0.000000	0.000898	0.003203	0.009740
0.000000	0.000000	0.000000	0.000000	0.000000	0.000893	0.003182	0.009680
0.000000	0.000000	0.000000	0.000000	0.000000	0.000882	0.003150	0.009626
0.000000	0.000000	0.000000	0.000000	0.000000	0.000884	0.003146	0.009551
0.000000	0.000000	0.000000	0.000000	0.000000	0.000869	0.003104	0.009491
0.000000	0.000000	0.000000	0.000000	0.000000	0.000865	0.003088	0.009433
0.000000	0.000000	0.000000	0.000000	0.000000	0.000848	0.003061	0.009376
0.000000	0.000000	0.000000	0.000000	0.000000	0.000842	0.003044	0.009315
0.000000	0.000000	0.000000	0.000000	0.000000	0.000840	0.003014	0.009259
0.000000	0.000000	0.000000	0.000000	0.000000	0.000831	0.003002	0.009197
0.000000	0.000000	0.000000	0.000000	0.000000	0.000817	0.002973	0.009143
0.000000	0.000000	0.000000	0.000000	0.000000	0.000816	0.002962	0.009086
0.000000	0.000000	0.000000	0.000000	0.000000	0.000805	0.002928	0.009039
0.000000	0.000000	0.000000	0.000000	0.000000	0.000782	0.002906	0.008977
0.000000	0.000000	0.000000	0.000000	0.000000	0.000787	0.002891	0.008924
0.000000	0.000000	0.000000	0.000000	0.000000	0.000780	0.002872	0.008854
0.000000	0.000000	0.000000	0.000000	0.000000	0.000775	0.002840	0.008803
0.000000	0.000000	0.000000	0.000000	0.000000	0.000770	0.002831	0.008747
0.000000	0.000000	0.000000	0.000000	0.000000	0.000762	0.002804	0.008693
0.000000	0.000000	0.000000	0.000000	0.000000	0.000764	0.002781	0.008644
0.000000	0.000000	0.000000	0.000000	0.000000	0.000745	0.002758	0.008587
0.000000	0.000000	0.000000	0.000000	0.000000	0.000735	0.002737	0.008520
0.000000	0.000000	0.000000	0.000000	0.000000	0.000720	0.002718	0.008489
0.000000	0.000000	0.000000	0.000000	0.000000	0.000726	0.002699	0.008431
0.000000	0.000000	0.000000	0.000000	0.000000	0.000722	0.002684	0.008374
0.000000	0.000000	0.000000	0.000000	0.000000	0.000708	0.002665	0.008313
0.000000	0.000000	0.000000	0.000000	0.000000	0.000699	0.002639	0.008269
0.000000	0.000000	0.000000	0.000000	0.000000	0.000709	0.002628	0.008223
0.000000	0.000000	0.000000	0.000000	0.000000	0.000693	0.002602	0.008171
0.000000	0.000000	0.000000	0.000000	0.000000	0.000675	0.002576	0.008110
0.000000	0.000000	0.000000	0.000000	0.000000	0.000683	0.002563	0.008078
0.000000	0.000000	0.000000	0.000000	0.000000	0.000672	0.002545	0.008021
0.000000	0.000000	0.000000	0.000000	0.000000	0.000676	0.002527	0.007970
0.000000	0.000000	0.000000	0.000000	0.000000	0.000662	0.002513	0.007927
0.000000	0.000000	0.000000	0.000000	0.000000	0.000654	0.002488	0.007873
0.000000	0.000000	0.000000	0.000000	0.000000	0.000649	0.002475	0.007823
0.000000	0.000000	0.000000	0.000000	0.000000	0.000638	0.002459	0.007786
0.000000	0.000000	0.000000	0.000000	0.000000	0.000632	0.002436	0.007728
0.000000	0.000000	0.000000	0.000000	0.000000	0.000623	0.002413	0.007687
0.000000	0.000000	0.000000	0.000000	0.000000	0.000621	0.002401	0.007639
0.000000	0.000000	0.000000	0.000000	0.000000	0.000614	0.002381	0.007587
0.000000	0.000000	0.000000	0.000000	0.000000	0.000604	0.002371	0.007541
0.000000	0.000000	0.000000	0.000000	0.000000	0.000601	0.002350	0.007496
0.000000	0.000000	0.000000	0.000000	0.000000	0.000607	0.002326	0.007449
0.000000	0.000000	0.000000	0.000000	0.000000	0.000594	0.002317	0.007404
0.000000	0.000000	0.000000	0.000000	0.000000	0.000585	0.002296	0.007354
0.000000	0.000000	0.000000	0.000000	0.000000	0.000574	0.002277	0.007312
0.000000	0.000000	0.000000	0.000000	0.000000	0.000576	0.002268	0.007266
0.000000	0.000000	0.000000	0.000000	0.000000	0.000578	0.002252	0.007222
0.000000	0.000000	0.000000	0.000000	0.000000	0.000563	0.002232	0.007176
0.000000	0.000000	0.000000	0.000000	0.000000	0.000556	0.002216	0.007140
0.000000	0.000000	0.000000	0.000000	0.000000	0.000553	0.002201	0.007093
0.000000	0.000000	0.000000	0.000000	0.000000	0.000552	0.002179	0.007043
0.000000	0.000000	0.000000	0.000000	0.000000	0.000541	0.002166	0.006995
0.000000	0.000000	0.000000	0.000000	0.000000	0.000537	0.002158	0.006966
0.000000	0.000000	0.000000	0.000000	0.000000	0.000532	0.002134	0.006921
0.000000	0.000000	0.000000	0.000000	0.000000	0.000531	0.002118	0.006879
0.000000	0.000000	0.000000	0.000000	0.000000	0.000522	0.002097	0.006831
0.000000	0.000000	0.000000	0.000000	0.000000	0.000513	0.002079	0.006781
0.000000	0.000000	0.000000	0.000000	0.000000	0.000509	0.002068	0.006756
0.000000	0.000000	0.000000	0.000000	0.000000	0.000504	0.002063	0.006705
0.000000	0.000000	0.000000	0.000000	0.000000	0.000506	0.002036	0.006669
0.000000	0.000000	0.000000	0.000000	0.000000	0.000498	0.002030	0.006624
0.000000	0.000000	0.000000	0.000000	0.000000	0.000493	0.002007	0.006587
0.000000	0.000000	0.000000	0.000000	0.000000	0.000498	0.001999	0.006544
0.000000	0.000000	0.000000	0.000000	0.000000	0.000483	0.001985	0.006499
0.000000	0.000000	0.000000	0.000000	0.000000	0.000485	0.001972	0.006462
0.000000	0.000000	0.000000	0.000000	0.000000	0.000475	0.001954	0.006428
0.000000	0.000000	0.000000	0.000000	0.000000	0.000476	0.001935	0.006388
0.000000	0.000000	0.000000	0.000000	0.000000	0.000468	0.001931	0.006346
0.000000	0.000000	0.000000	0.000000	0.000000	0.000460	0.001909	0.006305
0.000000	0.000000	0.000000	0.000000	0.000000	0.000454	0.001898	0.006269
0.000000	0.000000	0.000000	0.000000	0.000000	0.000452	0.001879	0.006227
0.000000	0.000000	0.000000	0.000000	0.000000	0.000450	0.001871	0.006198
0.000000	0.000000	0.000000	0.000000	0.000000	0.000443	0.001854	0.006150
0.000000	0.000000	0.000000	0.000000	0.000000	0.000443	0.001852	0.006115
0.000000	0.000000	0.000000	0.000000	0.000000	0.000434	0.001830	0.006080
0.000000	0.000000	0.000000	0.000000	0.000000	0.000429	0.001824	0.006046
0.000000	0.000000	0.000000	0.000000	0.000000	0.000433	0.001798	0.006004
0.000000	0.000000	0.000000	0.000000	0.000000	0.000417	0.001795	0.005970
0.000000	0.000000	0.000000	0.000000	0.000000	0.000415	0.001775	0.005942
0.000000	0.000000	0.000000	0.000000	0.000000	0.000411	0.001768	0.005899
0.000000	0.000000	0.000000	0.000000	0.000000	0.000413	0.001748	0.005863
0.000000	0.000000	0.000000	0.000000	0.000000	0.000402	0.001733	0.005833
0.000000	0.000000	0.000000	0.000000	0.000000	0.000406	0.001723	0.005798
0.000000	0.000000	0.000000	0.000000	0.000000	0.000389	0.001717	0.005760
0.000000	0.000000	0.000000	0.000000	0.000000	0.000400	0.001699	0.005724
0.000000	0.000000	0.000000	0.000000	0.000000	0.000391	0.001690	0.005694
0.000000	0.000000	0.000000	0.000000	0.000000	0.000377	0.001672	0.005660
0.000000	0.000000	0.000000	0.000000	0.000000	0.000378	0.001670	0.005628
0.000000	0.000000	0.000000	0.000000	0.000000	0.000382	0.001646	0.005591
0.000000	0.000000	0.000000	0.000000	0.000000	0.000373	0.001643	0.005560
0.000000	0.000000	0.000000	0.000000	0.000000	0.000366	0.001629	0.005527
0.000000	0.000000	0.000000	0.000000	0.000000	0.000369	0.001620	0.005505
0.000000	0.000000	0.000000	0.000000	0.000000	0.000356	0.001598	0.005468
0.000000	0.000000	0.000000	0.000000	0.000000	0.000361	0.001598	0.005434
0.000000	0.000000	0.000000	0.000000	0.000000	0.000341	0.001576	0.005402
0.000000	0.000000	0.000000	0.000000	0.000000	0.000358	0.001571	0.005370
0.000000	0.000000	0.000000	0.000000	0.000000	0.000344	0.001554	0.005331
0.000000	0.000000	0.000000	0.000000	0.000000	0.000345	0.001544	0.005307
0.000000	0.000000	0.000000	0.000000	0.000000	0.000340	0.001541	0.005274
0.000000	0.000000	0.000000	0.000000	0.000000	0.000340	0.001528	0.005236
0.000000	0.000000	0.000000	0.000000	0.000000	0.000332	0.001520	0.005210
0.000000	0.000000	0.000000	0.000000	0.000000	0.000334	0.001510	0.005177
0.000000	0.000000	0.000000	0.000000	0.000000	0.000319	0.001495	0.005149
0.000000	0.000000	0.000000	0.000000	0.000000	0.000316	0.001483	0.005121
0.000000	0.000000	0.000000	0.000000	0.000000	0.000315	0.001475	0.005085
0.000000	0.000000	0.000000	0.000000	0.000000	0.000313	0.001459	0.005054
0.000000	0.000000	0.000000	0.000000	0.000000	0.000309	0.001448	0.005019
0.000000	0.000000	0.000000	0.000000	0.000000	0.000310	0.001441	0.004991
0.000000	0.000000	0.000000	0.000000	0.000000	0.000301	0.001429	0.004963
0.000000	0.000000	0.000000	0.000000	0.000000	0.000306	0.001418	0.004930
0.000000	0.000000	0.000000	0.000000	0.000000	0.000291	0.001413	0.004906
0.000000	0.000000	0.000000	0.000000	0.000000	0.000290	0.001396	0.004883
0.000000	0.000000	0.000000	0.000000	0.000000	0.000295	0.001396	0.004854
0.000000	0.000000	0.000000	0.000000	0.000000	0.000296	0.001383	0.004820
0.000000	0.000000	0.000000	0.000000	0.000000	0.000280	0.001368	0.004794
0.000000	0.000000	0.000000	0.000000	0.000000	0.000280	0.001368	0.004765
0.000000	0.000000	0.000000	0.000000	0.000000	0.000277	0.001355	0.004741
0.000000	0.000000	0.000000	0.000000	0.000000	0.000277	0.001343	0.004701
0.000000	0.000000	0.000000	0.000000	0.000000	0.000269	0.001335	0.004688
0.000000	0.000000	0.000000	0.000000	0.000000	0.000271	0.001318	0.004656
0.000000	0.000000	0.000000	0.000000	0.000000	0.000271	0.001316	0.004630
0.000000	0.000000	0.000000	0.000000	0.000000	0.000261	0.001307	0.004593
0.000000	0.000000	0.000000	0.000000	0.000000	0.000263	0.001300	0.004578
0.000000	0.000000	0.000000	0.000000	0.000000	0.000253	0.001291	0.004546
0.000000	0.000000	0.000000	0.000000	0.000000	0.000246	0.001282	0.004514
0.000000	0.000000	0.000000	0.000000	0.000000	0.000253	0.001265	0.004491
0.000000	0.000000	0.000000	0.000000	0.000000	0.000246	0.001255	0.004458
0.000000	0.000000	0.000000	0.000000	0.000000	0.000244	0.001252	0.004432
0.000000	0.000000	0.000000	0.000000	0.000000	0.000239	0.001236	0.004416
0.000000	0.000000	0.000000	0.000000	0.000000	0.000245	0.001236	0.004386
0.000000	0.000000	0.000000	0.000000	0.000000	0.000230	0.001230	0.004360
0.000000	0.000000	0.000000	0.000000	0.000000	0.000229	0.001215	0.004336
0.000000	0.000000	0.000000	0.000000	0.000000	0.000230	0.001210	0.004306
0.000000	0.000000	0.000000	0.000000	0.000000	0.000222	0.001197	0.004281
0.000000	0.000000	0.000000	0.000000	0.000000	0.000226	0.001195	0.004254
0.000000	0.000000	0.000000	0.000000	0.000000	0.000219	0.001183	0.004233
0.000000	0.000000	0.000000	0.000000	0.000000	0.000223	0.001183	0.004202
0.000000	0.000000	0.000000	0.000000	0.000000	0.000218	0.001172	0.004185
0.000000	0.000000	0.000000	0.000000	0.000000	0.000209	0.001151	0.004163
0.000000	0.000000	0.000000	0.000000	0.000000	0.000211	0.001144	0.004138
0.000000	0.000000	0.000000	0.000000	0.000000	0.000212	0.001151	0.004115
0.000000	0.000000	0.000000	0.000000	0.000000	0.000205	0.001135	0.004088
0.000000	0.000000	0.000000	0.000000	0.000000	0.000207	0.001120	0.004064
0.000000	0.000000	0.000000	0.000000	0.000000	0.000206	0.001117	0.004039
0.000000	0.000000	0.000000	0.000000	0.000000	0.000201	0.001114	0.004015
0.000000	0.000000	0.000000	0.000000	0.000000	0.000193	0.001102	0.003987
0.000000	0.000000	0.000000	0.000000	0.000000	0.000198	0.001090	0.003968
0.000000	0.000000	0.000000	0.000000	0.000000	0.000201	0.001088	0.003944
0.000000	0.000000	0.000000	0.000000	0.000000	0.000193	0.001079	0.003930
0.000000	0.000000	0.000000	0.000000	0.000000	0.000194	0.001068	0.003903
0.000000	0.000000	0.000000	0.000000	0.000000	0.000180	0.001058	0.003871
0.000000	0.000000	0.000000	0.000000	0.000000	0.000183	0.001060	0.003855
0.000000	0.000000	0.000000	0.000000	0.000000	0.000183	0.001047	0.003838
0.000000	0.000000	0.000000	0.000000	0.000000	0.000178	0.001043	0.003801
0.000000	0.000000	0.000000	0.000000	0.000000	0.000178	0.001031	0.003779
0.000000	0.000000	0.000000	0.000000	0.000000	0.000169	0.001027	0.003765
0.000000	0.000000	0.000000	0.000000	0.000000	0.000169	0.001019	0.003747
0.000000	0.000000	0.000000	0.000000	0.000000	0.000171	0.001020	0.003721
0.000000	0.000000	0.000000	0.000000	0.000000	0.000166	0.000997	0.003706
0.000000	0.000000	0.000000	0.000000	0.000000	0.000167	0.000999	0.003681
0.000000	0.000000	0.000000	0.000000	0.000000	0.000171	0.000986	0.003664
0.000000	0.000000	0.000000	0.000000	0.000000	0.000165	0.000985	0.003635
0.000000	0.000000	0.000000	0.000000	0.000000	0.000160	0.000980	0.003616
0.000000	0.000000	0.000000	0.000000	0.000000	0.000158	0.000975	0.003595
0.000000	0.000000	0.000000	0.000000	0.000000	0.000152	0.000970	0.003579
0.000000	0.000000	0.000000	0.000000	0.000000	0.000158	0.000972	0.003556
0.000000	0.000000	0.000000	0.000000	0.000000	0.000154	0.000944	0.003532
0.000000	0.000000	0.000000	0.000000	0.000000	0.000154	0.000949	0.003512
0.000000	0.000000	0.000000	0.000000	0.000000	0.000146	0.000935	0.003498
0.000000	0.000000	0.000000	0.000000	0.000000	0.000146	0.000930	0.003474
0.000000	0.000000	0.000000	0.000000	0.000000	0.000148	0.000918	0.003457
0.000000	0.000000	0.000000	0.000000	0.000000	0.000139	0.000922	0.003444
0.000000	0.000000	0.000000	0.000000	0.000000	0.000146	0.000915	0.003423
0.000000	0.000000	0.000000	0.000000	0.000000	0.000142	0.000913	0.003400
0.000000	0.000000	0.000000	0.000000	0.000000	0.000144	0.000895	0.003374
0.000000	0.000000	0.000000	0.000000	0.000000	0.000133	0.000899	0.003358
0.000000	0.000000	0.000000	0.000000	0.000000	0.000132	0.000882	0.003345
0.000000	0.000000	0.000000	0.000000	0.000000	0.000132	0.000878	0.003323
0.000000	0.000000	0.000000	0.000000	0.000000	0.000126	0.000874	0.003298
0.000000	0.000000	0.000000	0.000000	0.000000	0.000127	0.000865	0.003279
0.000000	0.000000	0.000000	0.000000	0.000000	0.000117	0.000869	0.003265
0.000000	0.000000	0.000000	0.000000	0.000000	0.000118	0.000857	0.003250
0.000000	0.000000	0.000000	0.000000	0.000000	0.000121	0.000840	0.003226
0.000000	0.000000	0.000000	0.000000	0.000000	0.000124	0.000844	0.003205
0.000000	0.000000	0.000000	0.000000	0.000000	0.000111	0.000835	0.003188
0.000000	0.000000	0.000000	0.000000	0.000000	0.000127	0.000829	0.003173
0.000000	0.000000	0.000000	0.000000	0.000000	0.000121	0.000822	0.003154
0.000000	0.000000	0.000000	0.000000	0.000000	0.000113	0.000813	0.003134
0.000000	0.000000	0.000000	0.000000	0.000000	0.000102	0.000813	0.003116
0.000000	0.000000	0.000000	0.000000	0.000000	0.000110	0.000815	0.003106
0.000000	0.000000	0.000000	0.000000	0.000000	0.000106	0.000799	0.003085
0.000000	0.000000	0.000000	0.000000	0.000000	0.000108	0.000797	0.003062
0.000000	0.000000	0.000000	0.000000	0.000000	0.000101	0.000792	0.003056
0.000000	0.000000	0.000000	0.000000	0.000000	0.000097	0.000785	0.003033
0.000000	0.000000	0.000000	0.000000	0.000000	0.000106	0.000788	0.003007
0.000000	0.000000	0.000000	0.000000	0.000000	0.000096	0.000774	0.002996
0.000000	0.000000	0.000000	0.000000	0.000000	0.000094	0.000771	0.002974
0.000000	0.000000	0.000000	0.000000	0.000000	0.000095	0.000757	0.002959
0.000000	0.000000	0.000000	0.000000	0.000000	0.000094	0.000768	0.002949
0.000000	0.000000	0.000000	0.000000	0.000000	0.000093	0.000754	0.002926
0.000000	0.000000	0.000000	0.000000	0.000000	0.000096	0.000755	0.002912
0.000000	0.000000	0.000000	0.000000	0.000000	0.000086	0.000744	0.002902
0.000000	0.000000	0.000000	0.000000	0.000000	0.000080	0.000748	0.002886
0.000000	0.000000	0.000000	0.000000	0.000000	0.000077	0.000735	0.002870
0.000000	0.000000	0.000000	0.000000	0.000000	0.000071	0.000732	0.002853
0.000000	0.000000	0.000000	0.000000	0.000000	0.000071	0.000723	0.002838
0.000000	0.000000	0.000000	0.000000	0.000000	0.000080	0.000712	0.002826
0.000000	0.000000	0.000000	0.000000	0.000000	0.000079	0.000710	0.002799
0.000000	0.000000	0.000000	0.000000	0.000000	0.000072	0.000714	0.002794
0.000000	0.000000	0.000000	0.000000	0.000000	0.000079	0.000704	0.002779
0.000000	0.000000	0.000000	0.000000	0.000000	0.000068	0.000702	0.002768
0.000000	0.000000	0.000000	0.000000	0.000000	0.000072	0.000691	0.002746
0.000000	0.000000	0.000000	0.000000	0.000000	0.000058	0.000692	0.002733
0.000000	0.000000	0.000000	0.000000	0.000000	0.000060	0.000686	0.002725
0.000000	0.000000	0.000000	0.000000	0.000000	0.000070	0.000681	0.002697
0.000000	0.000000	0.000000	0.000000	0.000000	0.000066	0.000676	0.002678
0.000000	0.000000	0.000000	0.000000	0.000000	0.000061	0.000670	0.002659
0.000000	0.000000	0.000000	0.000000	0.000000	0.000056	0.000662	0.002650
0.000000	0.000000	0.000000	0.000000	0.000000	0.000065	0.000662	0.002643
0.000000	0.000000	0.000000	0.000000	0.000000	0.000061	0.000656	0.002623
0.000000	0.000000	0.000000	0.000000	0.000000	0.000054	0.000651	0.002606
0.000000	0.000000	0.000000	0.000000	0.000000	0.000059	0.000640	0.002596
0.000000	0.000000	0.000000	0.000000	0.000000	0.000056	0.000637	0.002577
0.000000	0.000000	0.000000	0.000000	0.000000	0.000054	0.000641	0.002569
0.000000	0.000000	0.000000	0.000000	0.000000	0.000053	0.000622	0.002556
0.000000	0.000000	0.000000	0.000000	0.000000	0.000044	0.000628	0.002551
0.000000	0.000000	0.000000	0.000000	0.000000	0.000038	0.000624	0.002535
0.000000	0.000000	0.000000	0.000000	0.000000	0.000049	0.000620	0.002521
0.000000	0.000000	0.000000	0.000000	0.000000	0.000031	0.000617	0.002500
0.000000	0.000000	0.000000	0.000000	0.000000	0.000041	0.000612	0.002490
0.000000	0.000000	0.000000	0.000000	0.000000	0.000042	0.000606	0.002472
0.000000	0.000000	0.000000	0.000000	0.000000	0.000034	0.000602	0.002466
0.000000	0.000000	0.000000	0.000000	0.000000	0.000036	0.000591	0.002449
0.000000	0.000000	0.000000	0.000000	0.000000	0.000028	0.000596	0.002441
0.000000	0.000000	0.000000	0.000000	0.000000	0.000035	0.000580	0.002418
0.000000	0.000000	0.000000	0.000000	0.000000	0.000037	0.000586	0.002413
0.000000	0.000000	0.000000	0.000000	0.000000	0.000029	0.000577	0.002396
0.000000	0.000000	0.000000	0.000000	0.000000	0.000027	0.000585	0.002389
0.000000	0.000000	0.000000	0.000000	0.000000	0.000038	0.000577	0.002365
0.000000	0.000000	0.000000	0.000000	0.000000	0.000034	0.000571	0.002351
0.000000	0.000000	0.000000	0.000000	0.000000	0.000026	0.000572	0.002349
0.000000	0.000000	0.000000	0.000000	0.000000	0.000017	0.000567	0.002326
0.000000	0.000000	0.000000	0.000000	0.000000	0.000030	0.000563	0.002322
0.000000	0.000000	0.000000	0.000000	0.000000	0.000025	0.000563	0.002299
0.000000	0.000000	0.000000	0.000000	0.000000	0.000025	0.000549	0.002288
0.000000	0.000000	0.000000	0.000000	0.000000	0.000018	0.000551	0.002279
0.000000	0.000000	0.000000	0.000000	0.000000	0.000022	0.000543	0.002263
0.000000	0.000000	0.000000	0.000000	0.000000	0.000014	0.000555	0.002262
0.000000	0.000000	0.000000	0.000000	0.000000	0.000015	0.000535	0.002251
0.000000	0.000000	0.000000	0.000000	0.000000	0.000006	0.000537	0.002231
0.000000	0.000000	0.000000	0.000000	0.000000	0.000004	0.000527	0.002221
0.000000	0.000000	0.000000	0.000000	0.000000	0.000012	0.000531	0.002203
0.000000	0.000000	0.000000	0.000000	0.000000	-0.000001	0.000524	0.002194
0.000000	0.000000	0.000000	0.000000	0.000000	0.000012	0.000528	0.002184
0.000000	0.000000	0.000000	0.000000	0.000000	0.000005	0.000508	0.002171
0.000000	0.000000	0.000000	0.000000	0.000000	0.000010	0.000518	0.002157
0.000000	0.000000	0.000000	0.000000	0.000000	-0.000001	0.000506	0.002145
0.000000	0.000000	0.000000	0.000000	0.000000	-0.000001	0.000510	0.002138
0.000000	0.000000	0.000000	0.000000	0.000000	-0.000005	0.000498	0.002134
0.000000	0.000000	0.000000	0.000000	0.000000	0.000003	0.000504	0.002109
0.000000	0.000000	0.000000	0.000000	0.000000	0.000006	0.000495	0.002104
0.000000	0.000000	0.000000	0.000000	0.000000	-0.000004	0.000489	0.002093
0.000000	0.000000	0.000000	0.000000	0.000000	-0.000009	0.000493	0.002084
0.000000	0.000000	0.000000	0.000000	0.000000	-0.000006	0.000486	0.002066
0.000000	0.000000	0.000000	0.000000	0.000000	-0.000002	0.000483	0.002064
0.000000	0.000000	0.000000	0.000000	0.000000	-0.000006	0.000473	0.002046
0.000000	0.000000	0.000000	0.000000	0.000000	-0.000009	0.000477	0.002044
0.000000	0.000000	0.000000	0.000000	0.000000	0.000000	0.000472	0.002026
0.000000	0.000000	0.000000	0.000000	0.000000	-0.000015	0.000471	0.002008
0.000000	0.000000	0.000000	0.000000	0.000000	-0.000011	0.000463	0.002006
0.000000	0.000000	0.000000	0.000000	0.000000	-0.000008	0.000454	0.001995
0.000000	0.000000	0.000000	0.000000	0.000000	-0.000018	0.000459	0.001980
0.000000	0.000000	0.000000	0.000000	0.000000	-0.000018	0.000459	0.001969
0.000000	0.000000	0.000000	0.000000	0.000000	-0.000014	0.000448	0.001951
0.000000	0.000000	0.000000	0.000000	0.000000	-0.000019	0.000445	0.001956
0.000000	0.000000	0.000000	0.000000	0.000000	-0.000016	0.000448	0.001939
0.000000	0.000000	0.000000	0.000000	0.000000	-0.000026	0.000441	0.001937
0.000000	0.000000	0.000000	0.000000	0.000000	-0.000015	0.000440	0.001921
0.000000	0.000000	0.000000	0.000000	0.000000	-0.000021	0.000432	0.001911
0.000000	0.000000	0.000000	0.000000	0.000000	-0.000022	0.000427	0.001899
0.000000	0.000000	0.000000	0.000000	0.000000	-0.000026	0.000437	0.001879
0.000000	0.000000	0.000000	0.000000	0.000000	-0.000020	0.000416	0.001881
0.000000	0.000000	0.000000	0.000000	0.000000	-0.000028	0.000421	0.001874
0.000000	0.000000	0.000000	0.000000	0.000000	-0.000031	0.000421	0.001858
0.000000	0.000000	0.000000	0.000000	0.000000	-0.000028	0.000414	0.001851
0.000000	0.000000	0.000000	0.000000	0.000000	-0.000032	0.000417	0.001836
0.000000	0.000000	0.000000	0.000000	0.000000	-0.000043	0.000409	0.001827
0.000000	0.000000	0.000000	0.000000	0.000000	-0.000033	0.000407	0.001822
0.000000	0.000000	0.000000	0.000000	0.000000	-0.000039	0.000406	0.001815
0.000000	0.000000	0.000000	0.000000	0.000000	-0.000036	0.000396	0.001794
0.000000	0.000000	0.000000	0.000000	0.000000	-0.000033	0.000407	0.001790
0.000000	0.000000	0.000000	0.000000	0.000000	-0.000036	0.000394	0.001782
0.000000	0.000000	0.000000	0.000000	0.000000	-0.000033	0.000395	0.001780
0.000000	0.000000	0.000000	0.000000	0.000000	-0.000035	0.000392	0.001767
0.000000	0.000000	0.000000	0.000000	0.000000	-0.000033	0.000383	0.001756
0.000000	0.000000	0.000000	0.000000	0.000000	-0.000046	0.000389	0.001742
0.000000	0.000000	0.000000	0.000000	0.000000	-0.000042	0.000384	0.001737
0.000000	0.000000	0.000000	0.000000	0.000000	-0.000044	0.000380	0.001727
0.000000	0.000000	0.000000	0.000000	0.000000	-0.000039	0.000378	0.001713
0.000000	0.000000	0.000000	0.000000	0.000000	-0.000048	0.000369	0.001711
0.000000	0.000000	0.000000	0.000000	0.000000	-0.000049	0.000375	0.001699
0.000000	0.000000	0.000000	0.000000	0.000000	-0.000052	0.000376	0.001684
0.000000	0.000000	0.000000	0.000000	0.000000	-0.000055	0.000363	0.001674
0.000000	0.000000	0.000000	0.000000	0.000000	-0.000048	0.000365	0.001674
0.000000	0.000000	0.000000	0.000000	0.000000	-0.000049	0.000357	0.001667
0.000000	0.000000	0.000000	0.000000	0.000000	-0.000054	0.000357	0.001658
0.000000	0.000000	0.000000	0.000000	0.000000	-0.000055	0.000355	0.001640
0.000000	0.000000	0.000000	0.000000	0.000000	-0.000058	0.000354	0.001643
0.000000	0.000000	0.000000	0.000000	0.000000	-0.000049	0.000349	0.001632
0.000000	0.000000	0.000000	0.000000	0.000000	-0.000055	0.000351	0.001626
0.000000	0.000000	0.000000	0.000000	0.000000	-0.000053	0.000345	0.001610
0.000000	0.000000	0.000000	0.000000	0.000000	-0.000058	0.000338	0.001619
0.000000	0.000000	0.000000	0.000000	0.000000	-0.000055	0.000335	0.001601
0.000000	0.000000	0.000000	0.000000	0.000000	-0.000051	0.000342	0.001586
0.000000	0.000000	0.000000	0.000000	0.000000	-0.000064	0.000338	0.001568
0.000000	0.000000	0.000000	0.000000	0.000000	-0.000062	0.000334	0.001570
0.000000	0.000000	0.000000	0.000000	0.000000	-0.000053	0.000322	0.001559
0.000000	0.000000	0.000000	0.000000	0.000000	-0.000062	0.000330	0.001555
0.000000	0.000000	0.000000	0.000000	0.000000	-0.000056	0.000323	0.001556
0.000000	0.000000	0.000000	0.000000	0.000000	-0.000069	0.000315	0.001544
0.000000	0.000000	0.000000	0.000000	0.000000	-0.000063	0.000316	0.001524
0.000000	0.000000	0.000000	0.000000	0.000000	-0.000064	0.000316	0.001520
