This is a C(T) experiment being done in Physics 3600.
It records the decay response of an RC circuit where the capacitance is a strong function of temperature.

11/19/2020
2:43 PM

waveform params		num meas		Index		Time (S)		Temp (C)		Capacitance (F)		Normalized Waveforms

<data below>
1.000000E+2	3.000000E+0	0.000000E+0	3.500000E+1	1.407579E-8	1.000000E+0	1.000000E+0	1.000000E+0
1.000000E+3	0.000000E+0	1.000000E+0	4.000000E+1	1.123960E-8	9.887132E-1	9.908489E-1	9.926460E-1
1.000000E+5	0.000000E+0	2.000000E+0	4.500000E+1	9.069110E-9	9.775661E-1	9.817961E-1	9.853446E-1
0.000000E+0	0.000000E+0	0.000000E+0	0.000000E+0	0.000000E+0	9.665812E-1	9.728369E-1	9.781146E-1
0.000000E+0	0.000000E+0	0.000000E+0	0.000000E+0	0.000000E+0	9.557153E-1	9.639675E-1	9.709540E-1
0.000000E+0	0.000000E+0	0.000000E+0	0.000000E+0	0.000000E+0	9.449935E-1	9.552103E-1	9.638628E-1
0.000000E+0	0.000000E+0	0.000000E+0	0.000000E+0	0.000000E+0	9.343923E-1	9.465422E-1	9.568239E-1
0.000000E+0	0.000000E+0	0.000000E+0	0.000000E+0	0.000000E+0	9.239365E-1	9.379390E-1	9.498523E-1
0.000000E+0	0.000000E+0	0.000000E+0	0.000000E+0	0.000000E+0	9.136016E-1	9.294248E-1	9.429207E-1
0.000000E+0	0.000000E+0	0.000000E+0	0.000000E+0	0.000000E+0	9.033959E-1	9.210135E-1	9.360528E-1
0.000000E+0	0.000000E+0	0.000000E+0	0.000000E+0	0.000000E+0	8.932968E-1	9.126774E-1	9.292494E-1
0.000000E+0	0.000000E+0	0.000000E+0	0.000000E+0	0.000000E+0	8.833406E-1	9.044261E-1	9.224982E-1
0.000000E+0	0.000000E+0	0.000000E+0	0.000000E+0	0.000000E+0	8.735014E-1	8.962402E-1	9.157931E-1
0.000000E+0	0.000000E+0	0.000000E+0	0.000000E+0	0.000000E+0	8.637745E-1	8.881486E-1	9.091611E-1
0.000000E+0	0.000000E+0	0.000000E+0	0.000000E+0	0.000000E+0	8.541628E-1	8.801472E-1	9.025753E-1
0.000000E+0	0.000000E+0	0.000000E+0	0.000000E+0	0.000000E+0	8.446565E-1	8.722022E-1	8.960261E-1
0.000000E+0	0.000000E+0	0.000000E+0	0.000000E+0	0.000000E+0	8.352854E-1	8.643535E-1	8.895313E-1
0.000000E+0	0.000000E+0	0.000000E+0	0.000000E+0	0.000000E+0	8.260132E-1	8.565784E-1	8.831038E-1
0.000000E+0	0.000000E+0	0.000000E+0	0.000000E+0	0.000000E+0	8.168489E-1	8.488681E-1	8.767220E-1
0.000000E+0	0.000000E+0	0.000000E+0	0.000000E+0	0.000000E+0	8.077940E-1	8.412371E-1	8.703945E-1
0.000000E+0	0.000000E+0	0.000000E+0	0.000000E+0	0.000000E+0	7.988556E-1	8.336795E-1	8.641176E-1
0.000000E+0	0.000000E+0	0.000000E+0	0.000000E+0	0.000000E+0	7.900120E-1	8.261852E-1	8.578832E-1
0.000000E+0	0.000000E+0	0.000000E+0	0.000000E+0	0.000000E+0	7.812738E-1	8.187869E-1	8.517018E-1
0.000000E+0	0.000000E+0	0.000000E+0	0.000000E+0	0.000000E+0	7.726386E-1	8.114364E-1	8.455641E-1
0.000000E+0	0.000000E+0	0.000000E+0	0.000000E+0	0.000000E+0	7.640924E-1	8.041683E-1	8.394672E-1
0.000000E+0	0.000000E+0	0.000000E+0	0.000000E+0	0.000000E+0	7.556724E-1	7.969659E-1	8.334291E-1
0.000000E+0	0.000000E+0	0.000000E+0	0.000000E+0	0.000000E+0	7.473277E-1	7.898432E-1	8.274346E-1
0.000000E+0	0.000000E+0	0.000000E+0	0.000000E+0	0.000000E+0	7.390912E-1	7.827821E-1	8.214920E-1
0.000000E+0	0.000000E+0	0.000000E+0	0.000000E+0	0.000000E+0	7.309503E-1	7.757852E-1	8.155919E-1
0.000000E+0	0.000000E+0	0.000000E+0	0.000000E+0	0.000000E+0	7.229009E-1	7.688474E-1	8.097501E-1
0.000000E+0	0.000000E+0	0.000000E+0	0.000000E+0	0.000000E+0	7.149352E-1	7.619847E-1	8.039242E-1
0.000000E+0	0.000000E+0	0.000000E+0	0.000000E+0	0.000000E+0	7.070738E-1	7.551940E-1	7.981580E-1
0.000000E+0	0.000000E+0	0.000000E+0	0.000000E+0	0.000000E+0	6.993014E-1	7.484501E-1	7.924496E-1
0.000000E+0	0.000000E+0	0.000000E+0	0.000000E+0	0.000000E+0	6.916180E-1	7.417818E-1	7.867789E-1
0.000000E+0	0.000000E+0	0.000000E+0	0.000000E+0	0.000000E+0	6.840201E-1	7.351899E-1	7.811473E-1
0.000000E+0	0.000000E+0	0.000000E+0	0.000000E+0	0.000000E+0	6.765112E-1	7.286236E-1	7.755577E-1
0.000000E+0	0.000000E+0	0.000000E+0	0.000000E+0	0.000000E+0	6.690918E-1	7.221387E-1	7.700074E-1
0.000000E+0	0.000000E+0	0.000000E+0	0.000000E+0	0.000000E+0	6.617504E-1	7.157112E-1	7.645023E-1
0.000000E+0	0.000000E+0	0.000000E+0	0.000000E+0	0.000000E+0	6.545079E-1	7.093573E-1	7.590569E-1
0.000000E+0	0.000000E+0	0.000000E+0	0.000000E+0	0.000000E+0	6.473259E-1	7.030602E-1	7.536192E-1
0.000000E+0	0.000000E+0	0.000000E+0	0.000000E+0	0.000000E+0	6.402325E-1	6.968173E-1	7.482476E-1
0.000000E+0	0.000000E+0	0.000000E+0	0.000000E+0	0.000000E+0	6.332323E-1	6.906222E-1	7.429160E-1
0.000000E+0	0.000000E+0	0.000000E+0	0.000000E+0	0.000000E+0	6.262994E-1	6.844998E-1	7.376240E-1
0.000000E+0	0.000000E+0	0.000000E+0	0.000000E+0	0.000000E+0	6.194430E-1	6.784214E-1	7.323700E-1
0.000000E+0	0.000000E+0	0.000000E+0	0.000000E+0	0.000000E+0	6.126642E-1	6.724080E-1	7.271453E-1
0.000000E+0	0.000000E+0	0.000000E+0	0.000000E+0	0.000000E+0	6.059708E-1	6.664509E-1	7.219684E-1
0.000000E+0	0.000000E+0	0.000000E+0	0.000000E+0	0.000000E+0	5.993517E-1	6.605506E-1	7.168356E-1
0.000000E+0	0.000000E+0	0.000000E+0	0.000000E+0	0.000000E+0	5.927984E-1	6.546956E-1	7.117301E-1
0.000000E+0	0.000000E+0	0.000000E+0	0.000000E+0	0.000000E+0	5.863207E-1	6.489047E-1	7.066798E-1
0.000000E+0	0.000000E+0	0.000000E+0	0.000000E+0	0.000000E+0	5.799259E-1	6.431510E-1	7.016592E-1
0.000000E+0	0.000000E+0	0.000000E+0	0.000000E+0	0.000000E+0	5.735981E-1	6.374646E-1	6.966803E-1
0.000000E+0	0.000000E+0	0.000000E+0	0.000000E+0	0.000000E+0	5.673525E-1	6.318301E-1	6.917364E-1
0.000000E+0	0.000000E+0	0.000000E+0	0.000000E+0	0.000000E+0	5.611485E-1	6.262470E-1	6.868195E-1
0.000000E+0	0.000000E+0	0.000000E+0	0.000000E+0	0.000000E+0	5.550327E-1	6.207092E-1	6.819455E-1
0.000000E+0	0.000000E+0	0.000000E+0	0.000000E+0	0.000000E+0	5.489799E-1	6.152302E-1	6.771106E-1
0.000000E+0	0.000000E+0	0.000000E+0	0.000000E+0	0.000000E+0	5.430108E-1	6.098060E-1	6.723170E-1
0.000000E+0	0.000000E+0	0.000000E+0	0.000000E+0	0.000000E+0	5.370924E-1	6.044238E-1	6.675560E-1
0.000000E+0	0.000000E+0	0.000000E+0	0.000000E+0	0.000000E+0	5.312524E-1	5.990771E-1	6.628326E-1
0.000000E+0	0.000000E+0	0.000000E+0	0.000000E+0	0.000000E+0	5.254709E-1	5.937888E-1	6.581377E-1
0.000000E+0	0.000000E+0	0.000000E+0	0.000000E+0	0.000000E+0	5.197457E-1	5.885543E-1	6.534837E-1
0.000000E+0	0.000000E+0	0.000000E+0	0.000000E+0	0.000000E+0	5.140937E-1	5.833803E-1	6.488472E-1
0.000000E+0	0.000000E+0	0.000000E+0	0.000000E+0	0.000000E+0	5.084988E-1	5.782304E-1	6.442556E-1
0.000000E+0	0.000000E+0	0.000000E+0	0.000000E+0	0.000000E+0	5.029726E-1	5.731385E-1	6.397170E-1
0.000000E+0	0.000000E+0	0.000000E+0	0.000000E+0	0.000000E+0	4.975040E-1	5.680997E-1	6.351867E-1
0.000000E+0	0.000000E+0	0.000000E+0	0.000000E+0	0.000000E+0	4.920938E-1	5.630951E-1	6.306991E-1
0.000000E+0	0.000000E+0	0.000000E+0	0.000000E+0	0.000000E+0	4.867530E-1	5.581310E-1	6.262435E-1
0.000000E+0	0.000000E+0	0.000000E+0	0.000000E+0	0.000000E+0	4.814531E-1	5.532126E-1	6.218241E-1
0.000000E+0	0.000000E+0	0.000000E+0	0.000000E+0	0.000000E+0	4.762378E-1	5.483513E-1	6.174309E-1
0.000000E+0	0.000000E+0	0.000000E+0	0.000000E+0	0.000000E+0	4.710450E-1	5.435407E-1	6.130801E-1
0.000000E+0	0.000000E+0	0.000000E+0	0.000000E+0	0.000000E+0	4.659391E-1	5.387652E-1	6.087509E-1
0.000000E+0	0.000000E+0	0.000000E+0	0.000000E+0	0.000000E+0	4.608819E-1	5.340162E-1	6.044683E-1
0.000000E+0	0.000000E+0	0.000000E+0	0.000000E+0	0.000000E+0	4.558905E-1	5.293305E-1	6.002085E-1
0.000000E+0	0.000000E+0	0.000000E+0	0.000000E+0	0.000000E+0	4.509403E-1	5.246718E-1	5.959675E-1
0.000000E+0	0.000000E+0	0.000000E+0	0.000000E+0	0.000000E+0	4.460510E-1	5.200718E-1	5.917702E-1
0.000000E+0	0.000000E+0	0.000000E+0	0.000000E+0	0.000000E+0	4.412066E-1	5.154955E-1	5.876153E-1
0.000000E+0	0.000000E+0	0.000000E+0	0.000000E+0	0.000000E+0	4.364276E-1	5.109732E-1	5.834674E-1
0.000000E+0	0.000000E+0	0.000000E+0	0.000000E+0	0.000000E+0	4.316903E-1	5.064814E-1	5.793651E-1
0.000000E+0	0.000000E+0	0.000000E+0	0.000000E+0	0.000000E+0	4.270085E-1	5.020403E-1	5.752862E-1
0.000000E+0	0.000000E+0	0.000000E+0	0.000000E+0	0.000000E+0	4.223762E-1	4.976322E-1	5.712366E-1
0.000000E+0	0.000000E+0	0.000000E+0	0.000000E+0	0.000000E+0	4.178161E-1	4.932690E-1	5.672299E-1
0.000000E+0	0.000000E+0	0.000000E+0	0.000000E+0	0.000000E+0	4.132790E-1	4.889471E-1	5.632289E-1
0.000000E+0	0.000000E+0	0.000000E+0	0.000000E+0	0.000000E+0	4.087966E-1	4.846636E-1	5.592748E-1
0.000000E+0	0.000000E+0	0.000000E+0	0.000000E+0	0.000000E+0	4.043848E-1	4.803988E-1	5.553371E-1
0.000000E+0	0.000000E+0	0.000000E+0	0.000000E+0	0.000000E+0	4.000087E-1	4.761982E-1	5.514422E-1
0.000000E+0	0.000000E+0	0.000000E+0	0.000000E+0	0.000000E+0	3.956668E-1	4.720257E-1	5.475669E-1
0.000000E+0	0.000000E+0	0.000000E+0	0.000000E+0	0.000000E+0	3.913748E-1	4.678907E-1	5.437173E-1
0.000000E+0	0.000000E+0	0.000000E+0	0.000000E+0	0.000000E+0	3.871432E-1	4.637909E-1	5.399126E-1
0.000000E+0	0.000000E+0	0.000000E+0	0.000000E+0	0.000000E+0	3.829594E-1	4.597352E-1	5.361345E-1
0.000000E+0	0.000000E+0	0.000000E+0	0.000000E+0	0.000000E+0	3.788091E-1	4.557101E-1	5.323616E-1
0.000000E+0	0.000000E+0	0.000000E+0	0.000000E+0	0.000000E+0	3.747144E-1	4.517229E-1	5.286324E-1
0.000000E+0	0.000000E+0	0.000000E+0	0.000000E+0	0.000000E+0	3.706639E-1	4.477721E-1	5.249220E-1
0.000000E+0	0.000000E+0	0.000000E+0	0.000000E+0	0.000000E+0	3.666484E-1	4.438499E-1	5.212398E-1
0.000000E+0	0.000000E+0	0.000000E+0	0.000000E+0	0.000000E+0	3.626914E-1	4.399636E-1	5.175641E-1
0.000000E+0	0.000000E+0	0.000000E+0	0.000000E+0	0.000000E+0	3.587772E-1	4.361202E-1	5.139447E-1
0.000000E+0	0.000000E+0	0.000000E+0	0.000000E+0	0.000000E+0	3.548868E-1	4.322915E-1	5.103498E-1
0.000000E+0	0.000000E+0	0.000000E+0	0.000000E+0	0.000000E+0	3.510531E-1	4.285122E-1	5.067794E-1
0.000000E+0	0.000000E+0	0.000000E+0	0.000000E+0	0.000000E+0	3.472558E-1	4.247692E-1	5.032204E-1
0.000000E+0	0.000000E+0	0.000000E+0	0.000000E+0	0.000000E+0	3.434998E-1	4.210458E-1	4.997014E-1
0.000000E+0	0.000000E+0	0.000000E+0	0.000000E+0	0.000000E+0	3.397957E-1	4.173791E-1	4.962053E-1
0.000000E+0	0.000000E+0	0.000000E+0	0.000000E+0	0.000000E+0	3.361238E-1	4.137354E-1	4.927316E-1
0.000000E+0	0.000000E+0	0.000000E+0	0.000000E+0	0.000000E+0	3.325022E-1	4.101181E-1	4.892792E-1
0.000000E+0	0.000000E+0	0.000000E+0	0.000000E+0	0.000000E+0	3.289034E-1	4.065393E-1	4.858618E-1
0.000000E+0	0.000000E+0	0.000000E+0	0.000000E+0	0.000000E+0	3.253578E-1	4.029910E-1	4.824628E-1
0.000000E+0	0.000000E+0	0.000000E+0	0.000000E+0	0.000000E+0	3.218465E-1	3.994669E-1	4.790953E-1
0.000000E+0	0.000000E+0	0.000000E+0	0.000000E+0	0.000000E+0	3.183801E-1	3.959750E-1	4.757236E-1
0.000000E+0	0.000000E+0	0.000000E+0	0.000000E+0	0.000000E+0	3.149358E-1	3.925149E-1	4.723997E-1
0.000000E+0	0.000000E+0	0.000000E+0	0.000000E+0	0.000000E+0	3.115360E-1	3.890814E-1	4.690967E-1
0.000000E+0	0.000000E+0	0.000000E+0	0.000000E+0	0.000000E+0	3.081644E-1	3.856821E-1	4.658287E-1
0.000000E+0	0.000000E+0	0.000000E+0	0.000000E+0	0.000000E+0	3.048475E-1	3.823242E-1	4.625775E-1
0.000000E+0	0.000000E+0	0.000000E+0	0.000000E+0	0.000000E+0	3.015498E-1	3.789854E-1	4.593430E-1
0.000000E+0	0.000000E+0	0.000000E+0	0.000000E+0	0.000000E+0	2.983028E-1	3.756927E-1	4.561350E-1
0.000000E+0	0.000000E+0	0.000000E+0	0.000000E+0	0.000000E+0	2.950918E-1	3.724008E-1	4.529584E-1
0.000000E+0	0.000000E+0	0.000000E+0	0.000000E+0	0.000000E+0	2.919142E-1	3.691580E-1	4.497856E-1
0.000000E+0	0.000000E+0	0.000000E+0	0.000000E+0	0.000000E+0	2.887600E-1	3.659466E-1	4.466510E-1
0.000000E+0	0.000000E+0	0.000000E+0	0.000000E+0	0.000000E+0	2.856494E-1	3.627531E-1	4.435361E-1
0.000000E+0	0.000000E+0	0.000000E+0	0.000000E+0	0.000000E+0	2.825744E-1	3.595882E-1	4.404347E-1
0.000000E+0	0.000000E+0	0.000000E+0	0.000000E+0	0.000000E+0	2.795309E-1	3.564552E-1	4.373626E-1
0.000000E+0	0.000000E+0	0.000000E+0	0.000000E+0	0.000000E+0	2.765208E-1	3.533556E-1	4.342954E-1
0.000000E+0	0.000000E+0	0.000000E+0	0.000000E+0	0.000000E+0	2.735345E-1	3.502642E-1	4.312813E-1
0.000000E+0	0.000000E+0	0.000000E+0	0.000000E+0	0.000000E+0	2.705922E-1	3.472023E-1	4.282664E-1
0.000000E+0	0.000000E+0	0.000000E+0	0.000000E+0	0.000000E+0	2.676721E-1	3.441876E-1	4.252850E-1
0.000000E+0	0.000000E+0	0.000000E+0	0.000000E+0	0.000000E+0	2.647858E-1	3.411873E-1	4.223129E-1
0.000000E+0	0.000000E+0	0.000000E+0	0.000000E+0	0.000000E+0	2.619355E-1	3.382229E-1	4.193800E-1
0.000000E+0	0.000000E+0	0.000000E+0	0.000000E+0	0.000000E+0	2.591183E-1	3.352641E-1	4.164479E-1
0.000000E+0	0.000000E+0	0.000000E+0	0.000000E+0	0.000000E+0	2.563378E-1	3.323520E-1	4.135604E-1
0.000000E+0	0.000000E+0	0.000000E+0	0.000000E+0	0.000000E+0	2.535671E-1	3.294680E-1	4.106613E-1
0.000000E+0	0.000000E+0	0.000000E+0	0.000000E+0	0.000000E+0	2.508422E-1	3.266003E-1	4.078211E-1
0.000000E+0	0.000000E+0	0.000000E+0	0.000000E+0	0.000000E+0	2.481394E-1	3.237511E-1	4.049694E-1
0.000000E+0	0.000000E+0	0.000000E+0	0.000000E+0	0.000000E+0	2.454791E-1	3.209422E-1	4.021635E-1
0.000000E+0	0.000000E+0	0.000000E+0	0.000000E+0	0.000000E+0	2.428334E-1	3.181435E-1	3.993518E-1
0.000000E+0	0.000000E+0	0.000000E+0	0.000000E+0	0.000000E+0	2.402111E-1	3.153759E-1	3.965683E-1
0.000000E+0	0.000000E+0	0.000000E+0	0.000000E+0	0.000000E+0	2.376337E-1	3.126270E-1	3.938048E-1
0.000000E+0	0.000000E+0	0.000000E+0	0.000000E+0	0.000000E+0	2.350820E-1	3.099153E-1	3.910703E-1
0.000000E+0	0.000000E+0	0.000000E+0	0.000000E+0	0.000000E+0	2.325556E-1	3.072175E-1	3.883292E-1
0.000000E+0	0.000000E+0	0.000000E+0	0.000000E+0	0.000000E+0	2.300546E-1	3.045462E-1	3.856408E-1
0.000000E+0	0.000000E+0	0.000000E+0	0.000000E+0	0.000000E+0	2.275716E-1	3.018901E-1	3.829499E-1
0.000000E+0	0.000000E+0	0.000000E+0	0.000000E+0	0.000000E+0	2.251277E-1	2.992702E-1	3.802921E-1
0.000000E+0	0.000000E+0	0.000000E+0	0.000000E+0	0.000000E+0	2.227088E-1	2.966692E-1	3.776409E-1
0.000000E+0	0.000000E+0	0.000000E+0	0.000000E+0	0.000000E+0	2.203112E-1	2.940946E-1	3.750247E-1
0.000000E+0	0.000000E+0	0.000000E+0	0.000000E+0	0.000000E+0	2.179454E-1	2.915373E-1	3.724171E-1
0.000000E+0	0.000000E+0	0.000000E+0	0.000000E+0	0.000000E+0	2.155992E-1	2.890105E-1	3.698344E-1
0.000000E+0	0.000000E+0	0.000000E+0	0.000000E+0	0.000000E+0	2.132918E-1	2.864968E-1	3.672595E-1
0.000000E+0	0.000000E+0	0.000000E+0	0.000000E+0	0.000000E+0	2.110004E-1	2.840133E-1	3.647119E-1
0.000000E+0	0.000000E+0	0.000000E+0	0.000000E+0	0.000000E+0	2.087469E-1	2.815409E-1	3.621696E-1
0.000000E+0	0.000000E+0	0.000000E+0	0.000000E+0	0.000000E+0	2.064971E-1	2.790933E-1	3.596607E-1
0.000000E+0	0.000000E+0	0.000000E+0	0.000000E+0	0.000000E+0	2.042902E-1	2.766731E-1	3.571548E-1
0.000000E+0	0.000000E+0	0.000000E+0	0.000000E+0	0.000000E+0	2.020858E-1	2.742672E-1	3.546794E-1
0.000000E+0	0.000000E+0	0.000000E+0	0.000000E+0	0.000000E+0	1.999235E-1	2.718793E-1	3.522130E-1
0.000000E+0	0.000000E+0	0.000000E+0	0.000000E+0	0.000000E+0	1.977697E-1	2.695220E-1	3.497626E-1
0.000000E+0	0.000000E+0	0.000000E+0	0.000000E+0	0.000000E+0	1.956560E-1	2.671810E-1	3.473370E-1
0.000000E+0	0.000000E+0	0.000000E+0	0.000000E+0	0.000000E+0	1.935524E-1	2.648649E-1	3.449176E-1
0.000000E+0	0.000000E+0	0.000000E+0	0.000000E+0	0.000000E+0	1.914824E-1	2.625692E-1	3.425320E-1
0.000000E+0	0.000000E+0	0.000000E+0	0.000000E+0	0.000000E+0	1.894124E-1	2.602796E-1	3.401501E-1
0.000000E+0	0.000000E+0	0.000000E+0	0.000000E+0	0.000000E+0	1.873959E-1	2.580334E-1	3.377960E-1
0.000000E+0	0.000000E+0	0.000000E+0	0.000000E+0	0.000000E+0	1.853823E-1	2.558014E-1	3.354361E-1
0.000000E+0	0.000000E+0	0.000000E+0	0.000000E+0	0.000000E+0	1.833956E-1	2.535845E-1	3.331191E-1
0.000000E+0	0.000000E+0	0.000000E+0	0.000000E+0	0.000000E+0	1.814224E-1	2.513774E-1	3.308066E-1
0.000000E+0	0.000000E+0	0.000000E+0	0.000000E+0	0.000000E+0	1.794921E-1	2.491940E-1	3.285304E-1
0.000000E+0	0.000000E+0	0.000000E+0	0.000000E+0	0.000000E+0	1.775536E-1	2.470400E-1	3.262440E-1
0.000000E+0	0.000000E+0	0.000000E+0	0.000000E+0	0.000000E+0	1.756523E-1	2.449027E-1	3.239882E-1
0.000000E+0	0.000000E+0	0.000000E+0	0.000000E+0	0.000000E+0	1.737714E-1	2.427630E-1	3.217251E-1
0.000000E+0	0.000000E+0	0.000000E+0	0.000000E+0	0.000000E+0	1.719151E-1	2.406690E-1	3.195004E-1
0.000000E+0	0.000000E+0	0.000000E+0	0.000000E+0	0.000000E+0	1.700636E-1	2.385865E-1	3.172825E-1
0.000000E+0	0.000000E+0	0.000000E+0	0.000000E+0	0.000000E+0	1.682465E-1	2.365239E-1	3.150925E-1
0.000000E+0	0.000000E+0	0.000000E+0	0.000000E+0	0.000000E+0	1.664404E-1	2.344667E-1	3.128991E-1
0.000000E+0	0.000000E+0	0.000000E+0	0.000000E+0	0.000000E+0	1.646731E-1	2.324417E-1	3.107368E-1
0.000000E+0	0.000000E+0	0.000000E+0	0.000000E+0	0.000000E+0	1.629000E-1	2.304248E-1	3.085790E-1
0.000000E+0	0.000000E+0	0.000000E+0	0.000000E+0	0.000000E+0	1.611597E-1	2.284305E-1	3.064457E-1
0.000000E+0	0.000000E+0	0.000000E+0	0.000000E+0	0.000000E+0	1.594345E-1	2.264439E-1	3.043099E-1
0.000000E+0	0.000000E+0	0.000000E+0	0.000000E+0	0.000000E+0	1.577264E-1	2.244821E-1	3.022202E-1
0.000000E+0	0.000000E+0	0.000000E+0	0.000000E+0	0.000000E+0	1.560388E-1	2.225453E-1	3.001142E-1
0.000000E+0	0.000000E+0	0.000000E+0	0.000000E+0	0.000000E+0	1.543663E-1	2.206118E-1	2.980462E-1
0.000000E+0	0.000000E+0	0.000000E+0	0.000000E+0	0.000000E+0	1.527228E-1	2.187093E-1	2.959883E-1
0.000000E+0	0.000000E+0	0.000000E+0	0.000000E+0	0.000000E+0	1.510927E-1	2.168198E-1	2.939281E-1
0.000000E+0	0.000000E+0	0.000000E+0	0.000000E+0	0.000000E+0	1.494741E-1	2.149406E-1	2.918951E-1
0.000000E+0	0.000000E+0	0.000000E+0	0.000000E+0	0.000000E+0	1.478760E-1	2.130789E-1	2.898683E-1
0.000000E+0	0.000000E+0	0.000000E+0	0.000000E+0	0.000000E+0	1.462880E-1	2.112356E-1	2.878705E-1
0.000000E+0	0.000000E+0	0.000000E+0	0.000000E+0	0.000000E+0	1.447274E-1	2.094155E-1	2.858792E-1
0.000000E+0	0.000000E+0	0.000000E+0	0.000000E+0	0.000000E+0	1.431775E-1	2.076028E-1	2.838981E-1
0.000000E+0	0.000000E+0	0.000000E+0	0.000000E+0	0.000000E+0	1.416426E-1	2.058036E-1	2.819362E-1
0.000000E+0	0.000000E+0	0.000000E+0	0.000000E+0	0.000000E+0	1.401306E-1	2.040276E-1	2.799873E-1
0.000000E+0	0.000000E+0	0.000000E+0	0.000000E+0	0.000000E+0	1.386362E-1	2.022639E-1	2.780491E-1
0.000000E+0	0.000000E+0	0.000000E+0	0.000000E+0	0.000000E+0	1.371541E-1	2.005072E-1	2.761390E-1
0.000000E+0	0.000000E+0	0.000000E+0	0.000000E+0	0.000000E+0	1.356834E-1	1.987741E-1	2.742207E-1
0.000000E+0	0.000000E+0	0.000000E+0	0.000000E+0	0.000000E+0	1.342486E-1	1.970618E-1	2.723237E-1
0.000000E+0	0.000000E+0	0.000000E+0	0.000000E+0	0.000000E+0	1.328053E-1	1.953496E-1	2.704446E-1
0.000000E+0	0.000000E+0	0.000000E+0	0.000000E+0	0.000000E+0	1.313881E-1	1.936769E-1	2.685778E-1
0.000000E+0	0.000000E+0	0.000000E+0	0.000000E+0	0.000000E+0	1.299873E-1	1.920034E-1	2.667216E-1
0.000000E+0	0.000000E+0	0.000000E+0	0.000000E+0	0.000000E+0	1.286093E-1	1.903442E-1	2.648658E-1
0.000000E+0	0.000000E+0	0.000000E+0	0.000000E+0	0.000000E+0	1.272260E-1	1.887002E-1	2.630467E-1
0.000000E+0	0.000000E+0	0.000000E+0	0.000000E+0	0.000000E+0	1.258787E-1	1.870683E-1	2.612236E-1
0.000000E+0	0.000000E+0	0.000000E+0	0.000000E+0	0.000000E+0	1.245224E-1	1.854463E-1	2.594184E-1
0.000000E+0	0.000000E+0	0.000000E+0	0.000000E+0	0.000000E+0	1.232024E-1	1.838475E-1	2.576263E-1
0.000000E+0	0.000000E+0	0.000000E+0	0.000000E+0	0.000000E+0	1.218857E-1	1.822504E-1	2.558480E-1
0.000000E+0	0.000000E+0	0.000000E+0	0.000000E+0	0.000000E+0	1.205858E-1	1.806859E-1	2.540861E-1
0.000000E+0	0.000000E+0	0.000000E+0	0.000000E+0	0.000000E+0	1.193038E-1	1.791259E-1	2.523258E-1
0.000000E+0	0.000000E+0	0.000000E+0	0.000000E+0	0.000000E+0	1.180267E-1	1.775794E-1	2.505883E-1
0.000000E+0	0.000000E+0	0.000000E+0	0.000000E+0	0.000000E+0	1.167787E-1	1.760395E-1	2.488550E-1
0.000000E+0	0.000000E+0	0.000000E+0	0.000000E+0	0.000000E+0	1.155314E-1	1.745383E-1	2.471392E-1
0.000000E+0	0.000000E+0	0.000000E+0	0.000000E+0	0.000000E+0	1.142903E-1	1.730256E-1	2.454385E-1
0.000000E+0	0.000000E+0	0.000000E+0	0.000000E+0	0.000000E+0	1.130848E-1	1.715363E-1	2.437447E-1
0.000000E+0	0.000000E+0	0.000000E+0	0.000000E+0	0.000000E+0	1.118784E-1	1.700461E-1	2.420579E-1
0.000000E+0	0.000000E+0	0.000000E+0	0.000000E+0	0.000000E+0	1.106879E-1	1.685927E-1	2.403980E-1
0.000000E+0	0.000000E+0	0.000000E+0	0.000000E+0	0.000000E+0	1.094966E-1	1.671299E-1	2.387209E-1
0.000000E+0	0.000000E+0	0.000000E+0	0.000000E+0	0.000000E+0	1.083376E-1	1.657006E-1	2.370888E-1
0.000000E+0	0.000000E+0	0.000000E+0	0.000000E+0	0.000000E+0	1.071872E-1	1.642635E-1	2.354464E-1
0.000000E+0	0.000000E+0	0.000000E+0	0.000000E+0	0.000000E+0	1.060515E-1	1.628509E-1	2.338225E-1
0.000000E+0	0.000000E+0	0.000000E+0	0.000000E+0	0.000000E+0	1.049178E-1	1.614477E-1	2.322177E-1
0.000000E+0	0.000000E+0	0.000000E+0	0.000000E+0	0.000000E+0	1.037972E-1	1.600477E-1	2.306186E-1
0.000000E+0	0.000000E+0	0.000000E+0	0.000000E+0	0.000000E+0	1.027016E-1	1.586723E-1	2.290285E-1
0.000000E+0	0.000000E+0	0.000000E+0	0.000000E+0	0.000000E+0	1.015969E-1	1.573103E-1	2.274486E-1
0.000000E+0	0.000000E+0	0.000000E+0	0.000000E+0	0.000000E+0	1.005196E-1	1.559536E-1	2.258711E-1
0.000000E+0	0.000000E+0	0.000000E+0	0.000000E+0	0.000000E+0	9.944640E-2	1.546178E-1	2.243280E-1
0.000000E+0	0.000000E+0	0.000000E+0	0.000000E+0	0.000000E+0	9.837973E-2	1.532689E-1	2.227668E-1
0.000000E+0	0.000000E+0	0.000000E+0	0.000000E+0	0.000000E+0	9.733798E-2	1.519612E-1	2.212400E-1
0.000000E+0	0.000000E+0	0.000000E+0	0.000000E+0	0.000000E+0	9.630889E-2	1.506576E-1	2.197029E-1
0.000000E+0	0.000000E+0	0.000000E+0	0.000000E+0	0.000000E+0	9.528552E-2	1.493634E-1	2.182022E-1
0.000000E+0	0.000000E+0	0.000000E+0	0.000000E+0	0.000000E+0	9.427360E-2	1.480676E-1	2.167023E-1
0.000000E+0	0.000000E+0	0.000000E+0	0.000000E+0	0.000000E+0	9.326861E-2	1.467905E-1	2.152110E-1
0.000000E+0	0.000000E+0	0.000000E+0	0.000000E+0	0.000000E+0	9.228406E-2	1.455466E-1	2.137266E-1
0.000000E+0	0.000000E+0	0.000000E+0	0.000000E+0	0.000000E+0	9.129991E-2	1.442822E-1	2.122557E-1
0.000000E+0	0.000000E+0	0.000000E+0	0.000000E+0	0.000000E+0	9.033210E-2	1.430439E-1	2.107880E-1
0.000000E+0	0.000000E+0	0.000000E+0	0.000000E+0	0.000000E+0	8.936797E-2	1.418020E-1	2.093509E-1
0.000000E+0	0.000000E+0	0.000000E+0	0.000000E+0	0.000000E+0	8.842958E-2	1.405845E-1	2.079086E-1
0.000000E+0	0.000000E+0	0.000000E+0	0.000000E+0	0.000000E+0	8.748588E-2	1.393818E-1	2.064772E-1
0.000000E+0	0.000000E+0	0.000000E+0	0.000000E+0	0.000000E+0	8.655157E-2	1.381721E-1	2.050500E-1
0.000000E+0	0.000000E+0	0.000000E+0	0.000000E+0	0.000000E+0	8.563115E-2	1.369848E-1	2.036521E-1
0.000000E+0	0.000000E+0	0.000000E+0	0.000000E+0	0.000000E+0	8.473116E-2	1.358127E-1	2.022359E-1
0.000000E+0	0.000000E+0	0.000000E+0	0.000000E+0	0.000000E+0	8.383362E-2	1.346590E-1	2.008486E-1
0.000000E+0	0.000000E+0	0.000000E+0	0.000000E+0	0.000000E+0	8.294752E-2	1.334872E-1	1.994638E-1
0.000000E+0	0.000000E+0	0.000000E+0	0.000000E+0	0.000000E+0	8.205652E-2	1.323408E-1	1.981039E-1
0.000000E+0	0.000000E+0	0.000000E+0	0.000000E+0	0.000000E+0	8.119207E-2	1.312042E-1	1.967354E-1
0.000000E+0	0.000000E+0	0.000000E+0	0.000000E+0	0.000000E+0	8.032435E-2	1.300807E-1	1.953788E-1
0.000000E+0	0.000000E+0	0.000000E+0	0.000000E+0	0.000000E+0	7.946603E-2	1.289649E-1	1.940380E-1
0.000000E+0	0.000000E+0	0.000000E+0	0.000000E+0	0.000000E+0	7.862936E-2	1.278515E-1	1.927144E-1
0.000000E+0	0.000000E+0	0.000000E+0	0.000000E+0	0.000000E+0	7.780577E-2	1.267525E-1	1.913892E-1
0.000000E+0	0.000000E+0	0.000000E+0	0.000000E+0	0.000000E+0	7.697727E-2	1.256771E-1	1.900673E-1
0.000000E+0	0.000000E+0	0.000000E+0	0.000000E+0	0.000000E+0	7.616715E-2	1.246026E-1	1.887702E-1
0.000000E+0	0.000000E+0	0.000000E+0	0.000000E+0	0.000000E+0	7.535173E-2	1.235199E-1	1.874793E-1
0.000000E+0	0.000000E+0	0.000000E+0	0.000000E+0	0.000000E+0	7.456327E-2	1.224588E-1	1.861887E-1
0.000000E+0	0.000000E+0	0.000000E+0	0.000000E+0	0.000000E+0	7.377113E-2	1.214153E-1	1.848929E-1
0.000000E+0	0.000000E+0	0.000000E+0	0.000000E+0	0.000000E+0	7.299124E-2	1.203746E-1	1.836273E-1
0.000000E+0	0.000000E+0	0.000000E+0	0.000000E+0	0.000000E+0	7.221218E-2	1.193307E-1	1.823682E-1
0.000000E+0	0.000000E+0	0.000000E+0	0.000000E+0	0.000000E+0	7.145272E-2	1.183133E-1	1.811189E-1
0.000000E+0	0.000000E+0	0.000000E+0	0.000000E+0	0.000000E+0	7.069858E-2	1.172987E-1	1.798667E-1
0.000000E+0	0.000000E+0	0.000000E+0	0.000000E+0	0.000000E+0	6.993789E-2	1.162919E-1	1.786337E-1
0.000000E+0	0.000000E+0	0.000000E+0	0.000000E+0	0.000000E+0	6.920458E-2	1.152905E-1	1.774126E-1
0.000000E+0	0.000000E+0	0.000000E+0	0.000000E+0	0.000000E+0	6.848312E-2	1.143086E-1	1.761947E-1
0.000000E+0	0.000000E+0	0.000000E+0	0.000000E+0	0.000000E+0	6.775635E-2	1.133255E-1	1.749837E-1
0.000000E+0	0.000000E+0	0.000000E+0	0.000000E+0	0.000000E+0	6.703693E-2	1.123644E-1	1.737850E-1
0.000000E+0	0.000000E+0	0.000000E+0	0.000000E+0	0.000000E+0	6.633262E-2	1.113989E-1	1.725957E-1
0.000000E+0	0.000000E+0	0.000000E+0	0.000000E+0	0.000000E+0	6.562995E-2	1.104431E-1	1.714064E-1
0.000000E+0	0.000000E+0	0.000000E+0	0.000000E+0	0.000000E+0	6.493463E-2	1.094976E-1	1.702351E-1
0.000000E+0	0.000000E+0	0.000000E+0	0.000000E+0	0.000000E+0	6.425688E-2	1.085631E-1	1.690686E-1
0.000000E+0	0.000000E+0	0.000000E+0	0.000000E+0	0.000000E+0	6.356688E-2	1.076228E-1	1.679026E-1
0.000000E+0	0.000000E+0	0.000000E+0	0.000000E+0	0.000000E+0	6.289975E-2	1.067063E-1	1.667610E-1
0.000000E+0	0.000000E+0	0.000000E+0	0.000000E+0	0.000000E+0	6.222404E-2	1.057979E-1	1.656052E-1
0.000000E+0	0.000000E+0	0.000000E+0	0.000000E+0	0.000000E+0	6.156917E-2	1.048875E-1	1.644714E-1
0.000000E+0	0.000000E+0	0.000000E+0	0.000000E+0	0.000000E+0	6.091919E-2	1.039868E-1	1.633477E-1
0.000000E+0	0.000000E+0	0.000000E+0	0.000000E+0	0.000000E+0	6.028434E-2	1.030952E-1	1.622409E-1
0.000000E+0	0.000000E+0	0.000000E+0	0.000000E+0	0.000000E+0	5.963927E-2	1.022256E-1	1.611246E-1
0.000000E+0	0.000000E+0	0.000000E+0	0.000000E+0	0.000000E+0	5.901259E-2	1.013421E-1	1.600165E-1
0.000000E+0	0.000000E+0	0.000000E+0	0.000000E+0	0.000000E+0	5.839489E-2	1.004713E-1	1.589109E-1
0.000000E+0	0.000000E+0	0.000000E+0	0.000000E+0	0.000000E+0	5.776780E-2	9.961596E-2	1.578228E-1
0.000000E+0	0.000000E+0	0.000000E+0	0.000000E+0	0.000000E+0	5.716685E-2	9.876268E-2	1.567506E-1
0.000000E+0	0.000000E+0	0.000000E+0	0.000000E+0	0.000000E+0	5.656795E-2	9.792002E-2	1.556776E-1
0.000000E+0	0.000000E+0	0.000000E+0	0.000000E+0	0.000000E+0	5.596046E-2	9.708676E-2	1.546124E-1
0.000000E+0	0.000000E+0	0.000000E+0	0.000000E+0	0.000000E+0	5.537340E-2	9.624818E-2	1.535553E-1
0.000000E+0	0.000000E+0	0.000000E+0	0.000000E+0	0.000000E+0	5.479411E-2	9.542757E-2	1.524966E-1
0.000000E+0	0.000000E+0	0.000000E+0	0.000000E+0	0.000000E+0	5.421359E-2	9.460491E-2	1.514608E-1
0.000000E+0	0.000000E+0	0.000000E+0	0.000000E+0	0.000000E+0	5.364737E-2	9.380594E-2	1.504302E-1
0.000000E+0	0.000000E+0	0.000000E+0	0.000000E+0	0.000000E+0	5.308033E-2	9.300166E-2	1.493993E-1
0.000000E+0	0.000000E+0	0.000000E+0	0.000000E+0	0.000000E+0	5.252228E-2	9.221044E-2	1.483728E-1
0.000000E+0	0.000000E+0	0.000000E+0	0.000000E+0	0.000000E+0	5.196954E-2	9.142494E-2	1.473565E-1
0.000000E+0	0.000000E+0	0.000000E+0	0.000000E+0	0.000000E+0	5.142497E-2	9.064883E-2	1.463521E-1
0.000000E+0	0.000000E+0	0.000000E+0	0.000000E+0	0.000000E+0	5.087876E-2	8.986006E-2	1.453448E-1
0.000000E+0	0.000000E+0	0.000000E+0	0.000000E+0	0.000000E+0	5.035462E-2	8.910355E-2	1.443510E-1
0.000000E+0	0.000000E+0	0.000000E+0	0.000000E+0	0.000000E+0	4.980964E-2	8.833397E-2	1.433572E-1
0.000000E+0	0.000000E+0	0.000000E+0	0.000000E+0	0.000000E+0	4.929122E-2	8.758562E-2	1.423842E-1
0.000000E+0	0.000000E+0	0.000000E+0	0.000000E+0	0.000000E+0	4.877524E-2	8.683360E-2	1.413998E-1
0.000000E+0	0.000000E+0	0.000000E+0	0.000000E+0	0.000000E+0	4.826622E-2	8.609341E-2	1.404496E-1
0.000000E+0	0.000000E+0	0.000000E+0	0.000000E+0	0.000000E+0	4.776291E-2	8.535813E-2	1.394795E-1
0.000000E+0	0.000000E+0	0.000000E+0	0.000000E+0	0.000000E+0	4.725224E-2	8.463958E-2	1.385224E-1
0.000000E+0	0.000000E+0	0.000000E+0	0.000000E+0	0.000000E+0	4.677181E-2	8.390552E-2	1.375857E-1
0.000000E+0	0.000000E+0	0.000000E+0	0.000000E+0	0.000000E+0	4.627627E-2	8.319922E-2	1.366442E-1
0.000000E+0	0.000000E+0	0.000000E+0	0.000000E+0	0.000000E+0	4.579747E-2	8.249007E-2	1.357103E-1
0.000000E+0	0.000000E+0	0.000000E+0	0.000000E+0	0.000000E+0	4.530315E-2	8.179030E-2	1.347884E-1
0.000000E+0	0.000000E+0	0.000000E+0	0.000000E+0	0.000000E+0	4.482885E-2	8.108360E-2	1.338594E-1
0.000000E+0	0.000000E+0	0.000000E+0	0.000000E+0	0.000000E+0	4.436231E-2	8.039812E-2	1.329493E-1
0.000000E+0	0.000000E+0	0.000000E+0	0.000000E+0	0.000000E+0	4.388188E-2	7.971713E-2	1.320306E-1
0.000000E+0	0.000000E+0	0.000000E+0	0.000000E+0	0.000000E+0	4.343290E-2	7.903982E-2	1.311392E-1
0.000000E+0	0.000000E+0	0.000000E+0	0.000000E+0	0.000000E+0	4.297535E-2	7.835230E-2	1.302503E-1
0.000000E+0	0.000000E+0	0.000000E+0	0.000000E+0	0.000000E+0	4.252760E-2	7.769826E-2	1.293585E-1
0.000000E+0	0.000000E+0	0.000000E+0	0.000000E+0	0.000000E+0	4.208271E-2	7.703320E-2	1.284679E-1
0.000000E+0	0.000000E+0	0.000000E+0	0.000000E+0	0.000000E+0	4.164272E-2	7.637998E-2	1.275884E-1
0.000000E+0	0.000000E+0	0.000000E+0	0.000000E+0	0.000000E+0	4.120968E-2	7.572185E-2	1.267248E-1
0.000000E+0	0.000000E+0	0.000000E+0	0.000000E+0	0.000000E+0	4.078073E-2	7.508210E-2	1.258628E-1
0.000000E+0	0.000000E+0	0.000000E+0	0.000000E+0	0.000000E+0	4.035095E-2	7.444929E-2	1.250041E-1
0.000000E+0	0.000000E+0	0.000000E+0	0.000000E+0	0.000000E+0	3.992159E-2	7.380873E-2	1.241531E-1
0.000000E+0	0.000000E+0	0.000000E+0	0.000000E+0	0.000000E+0	3.950571E-2	7.317918E-2	1.233066E-1
0.000000E+0	0.000000E+0	0.000000E+0	0.000000E+0	0.000000E+0	3.909513E-2	7.256393E-2	1.224642E-1
0.000000E+0	0.000000E+0	0.000000E+0	0.000000E+0	0.000000E+0	3.868701E-2	7.195275E-2	1.216276E-1
0.000000E+0	0.000000E+0	0.000000E+0	0.000000E+0	0.000000E+0	3.828216E-2	7.134485E-2	1.208056E-1
0.000000E+0	0.000000E+0	0.000000E+0	0.000000E+0	0.000000E+0	3.787772E-2	7.071530E-2	1.199820E-1
0.000000E+0	0.000000E+0	0.000000E+0	0.000000E+0	0.000000E+0	3.748716E-2	7.012046E-2	1.191677E-1
0.000000E+0	0.000000E+0	0.000000E+0	0.000000E+0	0.000000E+0	3.710519E-2	6.953256E-2	1.183523E-1
0.000000E+0	0.000000E+0	0.000000E+0	0.000000E+0	0.000000E+0	3.670033E-2	6.893854E-2	1.175474E-1
0.000000E+0	0.000000E+0	0.000000E+0	0.000000E+0	0.000000E+0	3.631877E-2	6.835390E-2	1.167356E-1
0.000000E+0	0.000000E+0	0.000000E+0	0.000000E+0	0.000000E+0	3.593189E-2	6.776804E-2	1.159467E-1
0.000000E+0	0.000000E+0	0.000000E+0	0.000000E+0	0.000000E+0	3.557606E-2	6.721239E-2	1.151586E-1
0.000000E+0	0.000000E+0	0.000000E+0	0.000000E+0	0.000000E+0	3.519776E-2	6.662449E-2	1.143803E-1
0.000000E+0	0.000000E+0	0.000000E+0	0.000000E+0	0.000000E+0	3.482600E-2	6.606599E-2	1.135966E-1
0.000000E+0	0.000000E+0	0.000000E+0	0.000000E+0	0.000000E+0	3.446077E-2	6.550789E-2	1.128212E-1
0.000000E+0	0.000000E+0	0.000000E+0	0.000000E+0	0.000000E+0	3.410372E-2	6.495224E-2	1.120600E-1
0.000000E+0	0.000000E+0	0.000000E+0	0.000000E+0	0.000000E+0	3.374789E-2	6.440149E-2	1.113005E-1
0.000000E+0	0.000000E+0	0.000000E+0	0.000000E+0	0.000000E+0	3.340186E-2	6.385197E-2	1.105328E-1
0.000000E+0	0.000000E+0	0.000000E+0	0.000000E+0	0.000000E+0	3.304685E-2	6.330938E-2	1.097936E-1
0.000000E+0	0.000000E+0	0.000000E+0	0.000000E+0	0.000000E+0	3.271431E-2	6.277537E-2	1.090451E-1
0.000000E+0	0.000000E+0	0.000000E+0	0.000000E+0	0.000000E+0	3.235603E-2	6.223442E-2	1.083064E-1
0.000000E+0	0.000000E+0	0.000000E+0	0.000000E+0	0.000000E+0	3.202430E-2	6.171552E-2	1.075648E-1
0.000000E+0	0.000000E+0	0.000000E+0	0.000000E+0	0.000000E+0	3.169299E-2	6.119375E-2	1.068326E-1
0.000000E+0	0.000000E+0	0.000000E+0	0.000000E+0	0.000000E+0	3.136167E-2	6.067444E-2	1.061053E-1
0.000000E+0	0.000000E+0	0.000000E+0	0.000000E+0	0.000000E+0	3.103035E-2	6.016085E-2	1.053743E-1
0.000000E+0	0.000000E+0	0.000000E+0	0.000000E+0	0.000000E+0	3.071251E-2	5.964072E-2	1.046670E-1
0.000000E+0	0.000000E+0	0.000000E+0	0.000000E+0	0.000000E+0	3.039631E-2	5.913365E-2	1.039605E-1
0.000000E+0	0.000000E+0	0.000000E+0	0.000000E+0	0.000000E+0	3.008910E-2	5.864292E-2	1.032471E-1
0.000000E+0	0.000000E+0	0.000000E+0	0.000000E+0	0.000000E+0	2.976227E-2	5.814443E-2	1.025427E-1
0.000000E+0	0.000000E+0	0.000000E+0	0.000000E+0	0.000000E+0	2.945629E-2	5.764757E-2	1.018570E-1
0.000000E+0	0.000000E+0	0.000000E+0	0.000000E+0	0.000000E+0	2.915193E-2	5.715561E-2	1.011513E-1
0.000000E+0	0.000000E+0	0.000000E+0	0.000000E+0	0.000000E+0	2.885493E-2	5.667631E-2	1.004636E-1
0.000000E+0	0.000000E+0	0.000000E+0	0.000000E+0	0.000000E+0	2.855098E-2	5.619578E-2	9.977182E-2
0.000000E+0	0.000000E+0	0.000000E+0	0.000000E+0	0.000000E+0	2.826215E-2	5.572423E-2	9.910166E-2
0.000000E+0	0.000000E+0	0.000000E+0	0.000000E+0	0.000000E+0	2.796924E-2	5.524534E-2	9.842660E-2
0.000000E+0	0.000000E+0	0.000000E+0	0.000000E+0	0.000000E+0	2.766774E-2	5.477420E-2	9.777277E-2
0.000000E+0	0.000000E+0	0.000000E+0	0.000000E+0	0.000000E+0	2.738422E-2	5.432756E-2	9.709322E-2
0.000000E+0	0.000000E+0	0.000000E+0	0.000000E+0	0.000000E+0	2.710152E-2	5.385969E-2	9.643612E-2
0.000000E+0	0.000000E+0	0.000000E+0	0.000000E+0	0.000000E+0	2.682168E-2	5.340896E-2	9.578269E-2
0.000000E+0	0.000000E+0	0.000000E+0	0.000000E+0	0.000000E+0	2.653734E-2	5.295579E-2	9.514110E-2
0.000000E+0	0.000000E+0	0.000000E+0	0.000000E+0	0.000000E+0	2.625464E-2	5.250956E-2	9.449012E-2
0.000000E+0	0.000000E+0	0.000000E+0	0.000000E+0	0.000000E+0	2.599604E-2	5.206414E-2	9.384608E-2
0.000000E+0	0.000000E+0	0.000000E+0	0.000000E+0	0.000000E+0	2.572069E-2	5.162770E-2	9.321469E-2
0.000000E+0	0.000000E+0	0.000000E+0	0.000000E+0	0.000000E+0	2.545923E-2	5.119045E-2	9.258290E-2
0.000000E+0	0.000000E+0	0.000000E+0	0.000000E+0	0.000000E+0	2.520063E-2	5.076259E-2	9.195845E-2
0.000000E+0	0.000000E+0	0.000000E+0	0.000000E+0	0.000000E+0	2.492814E-2	5.033269E-2	9.134257E-2
0.000000E+0	0.000000E+0	0.000000E+0	0.000000E+0	0.000000E+0	2.467853E-2	4.990687E-2	9.071241E-2
0.000000E+0	0.000000E+0	0.000000E+0	0.000000E+0	0.000000E+0	2.442361E-2	4.948554E-2	9.009408E-2
0.000000E+0	0.000000E+0	0.000000E+0	0.000000E+0	0.000000E+0	2.416746E-2	4.906829E-2	8.948718E-2
0.000000E+0	0.000000E+0	0.000000E+0	0.000000E+0	0.000000E+0	2.391621E-2	4.865513E-2	8.888722E-2
0.000000E+0	0.000000E+0	0.000000E+0	0.000000E+0	0.000000E+0	2.367151E-2	4.824686E-2	8.827868E-2
0.000000E+0	0.000000E+0	0.000000E+0	0.000000E+0	0.000000E+0	2.342475E-2	4.783288E-2	8.768770E-2
0.000000E+0	0.000000E+0	0.000000E+0	0.000000E+0	0.000000E+0	2.319434E-2	4.743605E-2	8.709549E-2
0.000000E+0	0.000000E+0	0.000000E+0	0.000000E+0	0.000000E+0	2.294432E-2	4.703105E-2	8.650166E-2
0.000000E+0	0.000000E+0	0.000000E+0	0.000000E+0	0.000000E+0	2.270983E-2	4.664157E-2	8.591965E-2
0.000000E+0	0.000000E+0	0.000000E+0	0.000000E+0	0.000000E+0	2.247737E-2	4.623943E-2	8.533438E-2
0.000000E+0	0.000000E+0	0.000000E+0	0.000000E+0	0.000000E+0	2.223798E-2	4.586382E-2	8.475197E-2
0.000000E+0	0.000000E+0	0.000000E+0	0.000000E+0	0.000000E+0	2.200920E-2	4.547066E-2	8.418507E-2
0.000000E+0	0.000000E+0	0.000000E+0	0.000000E+0	0.000000E+0	2.178124E-2	4.508771E-2	8.361776E-2
0.000000E+0	0.000000E+0	0.000000E+0	0.000000E+0	0.000000E+0	2.156063E-2	4.470721E-2	8.305371E-2
0.000000E+0	0.000000E+0	0.000000E+0	0.000000E+0	0.000000E+0	2.133839E-2	4.433936E-2	8.248967E-2
0.000000E+0	0.000000E+0	0.000000E+0	0.000000E+0	0.000000E+0	2.112351E-2	4.395682E-2	8.191828E-2
0.000000E+0	0.000000E+0	0.000000E+0	0.000000E+0	0.000000E+0	2.090617E-2	4.359387E-2	8.137423E-2
0.000000E+0	0.000000E+0	0.000000E+0	0.000000E+0	0.000000E+0	2.068107E-2	4.321582E-2	8.083182E-2
0.000000E+0	0.000000E+0	0.000000E+0	0.000000E+0	0.000000E+0	2.048252E-2	4.285777E-2	8.028001E-2
0.000000E+0	0.000000E+0	0.000000E+0	0.000000E+0	0.000000E+0	2.026396E-2	4.250503E-2	7.972985E-2
0.000000E+0	0.000000E+0	0.000000E+0	0.000000E+0	0.000000E+0	2.006010E-2	4.214861E-2	7.919559E-2
0.000000E+0	0.000000E+0	0.000000E+0	0.000000E+0	0.000000E+0	1.985053E-2	4.177832E-2	7.866461E-2
0.000000E+0	0.000000E+0	0.000000E+0	0.000000E+0	0.000000E+0	1.965076E-2	4.143538E-2	7.814219E-2
0.000000E+0	0.000000E+0	0.000000E+0	0.000000E+0	0.000000E+0	1.944036E-2	4.108876E-2	7.760100E-2
0.000000E+0	0.000000E+0	0.000000E+0	0.000000E+0	0.000000E+0	1.924468E-2	4.074704E-2	7.707655E-2
0.000000E+0	0.000000E+0	0.000000E+0	0.000000E+0	0.000000E+0	1.904450E-2	4.040165E-2	7.655372E-2
0.000000E+0	0.000000E+0	0.000000E+0	0.000000E+0	0.000000E+0	1.884473E-2	4.006361E-2	7.604682E-2
0.000000E+0	0.000000E+0	0.000000E+0	0.000000E+0	0.000000E+0	1.864741E-2	3.973495E-2	7.552359E-2
0.000000E+0	0.000000E+0	0.000000E+0	0.000000E+0	0.000000E+0	1.846030E-2	3.939405E-2	7.502362E-2
0.000000E+0	0.000000E+0	0.000000E+0	0.000000E+0	0.000000E+0	1.827851E-2	3.906172E-2	7.450896E-2
0.000000E+0	0.000000E+0	0.000000E+0	0.000000E+0	0.000000E+0	1.807710E-2	3.874246E-2	7.400858E-2
0.000000E+0	0.000000E+0	0.000000E+0	0.000000E+0	0.000000E+0	1.788918E-2	3.841381E-2	7.350698E-2
0.000000E+0	0.000000E+0	0.000000E+0	0.000000E+0	0.000000E+0	1.771637E-2	3.809618E-2	7.301926E-2
0.000000E+0	0.000000E+0	0.000000E+0	0.000000E+0	0.000000E+0	1.753988E-2	3.777406E-2	7.252378E-2
0.000000E+0	0.000000E+0	0.000000E+0	0.000000E+0	0.000000E+0	1.734788E-2	3.745357E-2	7.204258E-2
0.000000E+0	0.000000E+0	0.000000E+0	0.000000E+0	0.000000E+0	1.717425E-2	3.714329E-2	7.154017E-2
0.000000E+0	0.000000E+0	0.000000E+0	0.000000E+0	0.000000E+0	1.699491E-2	3.683342E-2	7.106591E-2
0.000000E+0	0.000000E+0	0.000000E+0	0.000000E+0	0.000000E+0	1.681229E-2	3.653293E-2	7.058758E-2
0.000000E+0	0.000000E+0	0.000000E+0	0.000000E+0	0.000000E+0	1.665501E-2	3.622714E-2	7.012556E-2
0.000000E+0	0.000000E+0	0.000000E+0	0.000000E+0	0.000000E+0	1.648384E-2	3.592952E-2	6.963621E-2
0.000000E+0	0.000000E+0	0.000000E+0	0.000000E+0	0.000000E+0	1.630204E-2	3.562005E-2	6.917134E-2
0.000000E+0	0.000000E+0	0.000000E+0	0.000000E+0	0.000000E+0	1.614680E-2	3.531304E-2	6.870484E-2
0.000000E+0	0.000000E+0	0.000000E+0	0.000000E+0	0.000000E+0	1.598012E-2	3.502195E-2	6.824650E-2
0.000000E+0	0.000000E+0	0.000000E+0	0.000000E+0	0.000000E+0	1.581793E-2	3.472514E-2	6.778572E-2
0.000000E+0	0.000000E+0	0.000000E+0	0.000000E+0	0.000000E+0	1.565779E-2	3.443527E-2	6.733187E-2
0.000000E+0	0.000000E+0	0.000000E+0	0.000000E+0	0.000000E+0	1.549438E-2	3.415724E-2	6.687679E-2
0.000000E+0	0.000000E+0	0.000000E+0	0.000000E+0	0.000000E+0	1.533464E-2	3.386696E-2	6.643927E-2
0.000000E+0	0.000000E+0	0.000000E+0	0.000000E+0	0.000000E+0	1.519206E-2	3.358934E-2	6.597644E-2
0.000000E+0	0.000000E+0	0.000000E+0	0.000000E+0	0.000000E+0	1.503110E-2	3.330356E-2	6.554055E-2
0.000000E+0	0.000000E+0	0.000000E+0	0.000000E+0	0.000000E+0	1.487586E-2	3.302839E-2	6.509732E-2
0.000000E+0	0.000000E+0	0.000000E+0	0.000000E+0	0.000000E+0	1.473615E-2	3.274873E-2	6.466061E-2
0.000000E+0	0.000000E+0	0.000000E+0	0.000000E+0	0.000000E+0	1.458009E-2	3.247315E-2	6.422105E-2
0.000000E+0	0.000000E+0	0.000000E+0	0.000000E+0	0.000000E+0	1.441872E-2	3.220737E-2	6.378597E-2
0.000000E+0	0.000000E+0	0.000000E+0	0.000000E+0	0.000000E+0	1.428472E-2	3.193669E-2	6.335376E-2
0.000000E+0	0.000000E+0	0.000000E+0	0.000000E+0	0.000000E+0	1.412744E-2	3.166519E-2	6.293990E-2
0.000000E+0	0.000000E+0	0.000000E+0	0.000000E+0	0.000000E+0	1.398976E-2	3.139982E-2	6.252442E-2
0.000000E+0	0.000000E+0	0.000000E+0	0.000000E+0	0.000000E+0	1.384473E-2	3.114302E-2	6.209547E-2
0.000000E+0	0.000000E+0	0.000000E+0	0.000000E+0	0.000000E+0	1.371237E-2	3.089235E-2	6.169141E-2
0.000000E+0	0.000000E+0	0.000000E+0	0.000000E+0	0.000000E+0	1.356326E-2	3.063065E-2	6.126246E-2
0.000000E+0	0.000000E+0	0.000000E+0	0.000000E+0	0.000000E+0	1.343089E-2	3.037426E-2	6.086004E-2
0.000000E+0	0.000000E+0	0.000000E+0	0.000000E+0	0.000000E+0	1.330180E-2	3.012399E-2	6.043598E-2
0.000000E+0	0.000000E+0	0.000000E+0	0.000000E+0	0.000000E+0	1.316412E-2	2.986679E-2	6.003315E-2
0.000000E+0	0.000000E+0	0.000000E+0	0.000000E+0	0.000000E+0	1.301828E-2	2.961652E-2	5.963848E-2
0.000000E+0	0.000000E+0	0.000000E+0	0.000000E+0	0.000000E+0	1.288796E-2	2.937238E-2	5.922463E-2
0.000000E+0	0.000000E+0	0.000000E+0	0.000000E+0	0.000000E+0	1.275804E-2	2.913436E-2	5.882629E-2
0.000000E+0	0.000000E+0	0.000000E+0	0.000000E+0	0.000000E+0	1.263426E-2	2.889389E-2	5.842836E-2
0.000000E+0	0.000000E+0	0.000000E+0	0.000000E+0	0.000000E+0	1.250884E-2	2.864322E-2	5.803981E-2
0.000000E+0	0.000000E+0	0.000000E+0	0.000000E+0	0.000000E+0	1.236872E-2	2.841255E-2	5.766881E-2
0.000000E+0	0.000000E+0	0.000000E+0	0.000000E+0	0.000000E+0	1.225392E-2	2.817820E-2	5.727211E-2
0.000000E+0	0.000000E+0	0.000000E+0	0.000000E+0	0.000000E+0	1.213054E-2	2.794631E-2	5.689744E-2
0.000000E+0	0.000000E+0	0.000000E+0	0.000000E+0	0.000000E+0	1.199859E-2	2.770911E-2	5.650971E-2
0.000000E+0	0.000000E+0	0.000000E+0	0.000000E+0	0.000000E+0	1.188175E-2	2.747966E-2	5.612524E-2
0.000000E+0	0.000000E+0	0.000000E+0	0.000000E+0	0.000000E+0	1.176205E-2	2.725226E-2	5.574894E-2
0.000000E+0	0.000000E+0	0.000000E+0	0.000000E+0	0.000000E+0	1.164235E-2	2.703098E-2	5.538039E-2
0.000000E+0	0.000000E+0	0.000000E+0	0.000000E+0	0.000000E+0	1.151611E-2	2.680398E-2	5.500531E-2
0.000000E+0	0.000000E+0	0.000000E+0	0.000000E+0	0.000000E+0	1.140704E-2	2.658066E-2	5.464289E-2
0.000000E+0	0.000000E+0	0.000000E+0	0.000000E+0	0.000000E+0	1.128693E-2	2.636510E-2	5.427067E-2
0.000000E+0	0.000000E+0	0.000000E+0	0.000000E+0	0.000000E+0	1.117377E-2	2.614015E-2	5.390375E-2
0.000000E+0	0.000000E+0	0.000000E+0	0.000000E+0	0.000000E+0	1.106387E-2	2.592703E-2	5.354745E-2
0.000000E+0	0.000000E+0	0.000000E+0	0.000000E+0	0.000000E+0	1.095520E-2	2.571841E-2	5.318380E-2
0.000000E+0	0.000000E+0	0.000000E+0	0.000000E+0	0.000000E+0	1.084449E-2	2.550366E-2	5.282627E-2
0.000000E+0	0.000000E+0	0.000000E+0	0.000000E+0	0.000000E+0	1.073827E-2	2.529055E-2	5.248180E-2
0.000000E+0	0.000000E+0	0.000000E+0	0.000000E+0	0.000000E+0	1.063001E-2	2.507988E-2	5.212631E-2
0.000000E+0	0.000000E+0	0.000000E+0	0.000000E+0	0.000000E+0	1.052094E-2	2.486636E-2	5.178960E-2
0.000000E+0	0.000000E+0	0.000000E+0	0.000000E+0	0.000000E+0	1.042248E-2	2.467039E-2	5.143942E-2
0.000000E+0	0.000000E+0	0.000000E+0	0.000000E+0	0.000000E+0	1.031994E-2	2.446871E-2	5.109087E-2
0.000000E+0	0.000000E+0	0.000000E+0	0.000000E+0	0.000000E+0	1.020800E-2	2.425682E-2	5.075497E-2
0.000000E+0	0.000000E+0	0.000000E+0	0.000000E+0	0.000000E+0	1.010873E-2	2.404861E-2	5.041255E-2
0.000000E+0	0.000000E+0	0.000000E+0	0.000000E+0	0.000000E+0	1.000864E-2	2.386285E-2	5.007420E-2
0.000000E+0	0.000000E+0	0.000000E+0	0.000000E+0	0.000000E+0	9.901197E-3	2.366443E-2	4.973790E-2
0.000000E+0	0.000000E+0	0.000000E+0	0.000000E+0	0.000000E+0	9.804784E-3	2.346846E-2	4.941179E-2
0.000000E+0	0.000000E+0	0.000000E+0	0.000000E+0	0.000000E+0	9.714090E-3	2.327086E-2	4.908896E-2
0.000000E+0	0.000000E+0	0.000000E+0	0.000000E+0	0.000000E+0	9.611958E-3	2.308102E-2	4.874898E-2
0.000000E+0	0.000000E+0	0.000000E+0	0.000000E+0	0.000000E+0	9.511051E-3	2.289281E-2	4.842696E-2
0.000000E+0	0.000000E+0	0.000000E+0	0.000000E+0	0.000000E+0	9.417498E-3	2.270786E-2	4.810453E-2
0.000000E+0	0.000000E+0	0.000000E+0	0.000000E+0	0.000000E+0	9.324353E-3	2.250986E-2	4.778782E-2
0.000000E+0	0.000000E+0	0.000000E+0	0.000000E+0	0.000000E+0	9.236519E-3	2.233022E-2	4.746825E-2
0.000000E+0	0.000000E+0	0.000000E+0	0.000000E+0	0.000000E+0	9.142966E-3	2.215058E-2	4.714541E-2
0.000000E+0	0.000000E+0	0.000000E+0	0.000000E+0	0.000000E+0	9.046553E-3	2.196809E-2	4.684012E-2
0.000000E+0	0.000000E+0	0.000000E+0	0.000000E+0	0.000000E+0	8.951774E-3	2.177539E-2	4.653116E-2
0.000000E+0	0.000000E+0	0.000000E+0	0.000000E+0	0.000000E+0	8.864348E-3	2.159779E-2	4.621771E-2
0.000000E+0	0.000000E+0	0.000000E+0	0.000000E+0	0.000000E+0	8.769978E-3	2.142142E-2	4.590263E-2
0.000000E+0	0.000000E+0	0.000000E+0	0.000000E+0	0.000000E+0	8.682144E-3	2.124750E-2	4.560877E-2
0.000000E+0	0.000000E+0	0.000000E+0	0.000000E+0	0.000000E+0	8.606566E-3	2.106460E-2	4.529900E-2
0.000000E+0	0.000000E+0	0.000000E+0	0.000000E+0	0.000000E+0	8.520366E-3	2.090007E-2	4.499738E-2
0.000000E+0	0.000000E+0	0.000000E+0	0.000000E+0	0.000000E+0	8.430490E-3	2.073390E-2	4.468924E-2
0.000000E+0	0.000000E+0	0.000000E+0	0.000000E+0	0.000000E+0	8.347150E-3	2.056203E-2	4.440354E-2
0.000000E+0	0.000000E+0	0.000000E+0	0.000000E+0	0.000000E+0	8.251145E-3	2.038035E-2	4.409948E-2
0.000000E+0	0.000000E+0	0.000000E+0	0.000000E+0	0.000000E+0	8.184555E-3	2.022480E-2	4.381419E-2
0.000000E+0	0.000000E+0	0.000000E+0	0.000000E+0	0.000000E+0	8.101215E-3	2.006476E-2	4.351136E-2
0.000000E+0	0.000000E+0	0.000000E+0	0.000000E+0	0.000000E+0	8.021552E-3	1.990227E-2	4.322893E-2
0.000000E+0	0.000000E+0	0.000000E+0	0.000000E+0	0.000000E+0	7.940254E-3	1.972835E-2	4.293670E-2
0.000000E+0	0.000000E+0	0.000000E+0	0.000000E+0	0.000000E+0	7.868762E-3	1.956749E-2	4.265427E-2
0.000000E+0	0.000000E+0	0.000000E+0	0.000000E+0	0.000000E+0	7.781745E-3	1.941031E-2	4.236245E-2
0.000000E+0	0.000000E+0	0.000000E+0	0.000000E+0	0.000000E+0	7.707801E-3	1.925109E-2	4.209512E-2
0.000000E+0	0.000000E+0	0.000000E+0	0.000000E+0	0.000000E+0	7.629363E-3	1.907635E-2	4.181432E-2
0.000000E+0	0.000000E+0	0.000000E+0	0.000000E+0	0.000000E+0	7.557870E-3	1.893591E-2	4.153720E-2
0.000000E+0	0.000000E+0	0.000000E+0	0.000000E+0	0.000000E+0	7.479024E-3	1.878281E-2	4.125273E-2
0.000000E+0	0.000000E+0	0.000000E+0	0.000000E+0	0.000000E+0	7.405897E-3	1.862318E-2	4.098948E-2
0.000000E+0	0.000000E+0	0.000000E+0	0.000000E+0	0.000000E+0	7.339716E-3	1.847130E-2	4.071031E-2
0.000000E+0	0.000000E+0	0.000000E+0	0.000000E+0	0.000000E+0	7.264546E-3	1.831004E-2	4.044176E-2
0.000000E+0	0.000000E+0	0.000000E+0	0.000000E+0	0.000000E+0	7.190194E-3	1.817000E-2	4.016994E-2
0.000000E+0	0.000000E+0	0.000000E+0	0.000000E+0	0.000000E+0	7.116250E-3	1.802099E-2	3.991322E-2
0.000000E+0	0.000000E+0	0.000000E+0	0.000000E+0	0.000000E+0	7.045983E-3	1.786544E-2	3.963487E-2
0.000000E+0	0.000000E+0	0.000000E+0	0.000000E+0	0.000000E+0	6.975716E-3	1.771846E-2	3.939081E-2
0.000000E+0	0.000000E+0	0.000000E+0	0.000000E+0	0.000000E+0	6.908717E-3	1.757883E-2	3.911735E-2
0.000000E+0	0.000000E+0	0.000000E+0	0.000000E+0	0.000000E+0	6.843352E-3	1.744002E-2	3.886431E-2
0.000000E+0	0.000000E+0	0.000000E+0	0.000000E+0	0.000000E+0	6.775536E-3	1.729264E-2	3.860881E-2
0.000000E+0	0.000000E+0	0.000000E+0	0.000000E+0	0.000000E+0	6.706086E-3	1.714607E-2	3.835332E-2
0.000000E+0	0.000000E+0	0.000000E+0	0.000000E+0	0.000000E+0	6.637453E-3	1.701012E-2	3.809456E-2
0.000000E+0	0.000000E+0	0.000000E+0	0.000000E+0	0.000000E+0	6.570046E-3	1.686968E-2	3.784193E-2
0.000000E+0	0.000000E+0	0.000000E+0	0.000000E+0	0.000000E+0	6.507949E-3	1.673128E-2	3.759092E-2
0.000000E+0	0.000000E+0	0.000000E+0	0.000000E+0	0.000000E+0	6.440950E-3	1.658675E-2	3.733828E-2
0.000000E+0	0.000000E+0	0.000000E+0	0.000000E+0	0.000000E+0	6.382939E-3	1.645856E-2	3.709667E-2
0.000000E+0	0.000000E+0	0.000000E+0	0.000000E+0	0.000000E+0	6.314715E-3	1.633567E-2	3.684974E-2
0.000000E+0	0.000000E+0	0.000000E+0	0.000000E+0	0.000000E+0	6.255069E-3	1.619604E-2	3.660241E-2
0.000000E+0	0.000000E+0	0.000000E+0	0.000000E+0	0.000000E+0	6.192564E-3	1.605805E-2	3.636937E-2
0.000000E+0	0.000000E+0	0.000000E+0	0.000000E+0	0.000000E+0	6.137821E-3	1.592822E-2	3.613101E-2
0.000000E+0	0.000000E+0	0.000000E+0	0.000000E+0	0.000000E+0	6.071640E-3	1.580411E-2	3.589348E-2
0.000000E+0	0.000000E+0	0.000000E+0	0.000000E+0	0.000000E+0	6.004232E-3	1.567387E-2	3.565105E-2
0.000000E+0	0.000000E+0	0.000000E+0	0.000000E+0	0.000000E+0	5.950306E-3	1.554813E-2	3.541759E-2
0.000000E+0	0.000000E+0	0.000000E+0	0.000000E+0	0.000000E+0	5.893521E-3	1.542116E-2	3.518577E-2
0.000000E+0	0.000000E+0	0.000000E+0	0.000000E+0	0.000000E+0	5.837961E-3	1.530439E-2	3.493925E-2
0.000000E+0	0.000000E+0	0.000000E+0	0.000000E+0	0.000000E+0	5.777907E-3	1.517579E-2	3.471192E-2
0.000000E+0	0.000000E+0	0.000000E+0	0.000000E+0	0.000000E+0	5.721530E-3	1.504555E-2	3.449030E-2
0.000000E+0	0.000000E+0	0.000000E+0	0.000000E+0	0.000000E+0	5.668012E-3	1.492471E-2	3.427195E-2
0.000000E+0	0.000000E+0	0.000000E+0	0.000000E+0	0.000000E+0	5.611227E-3	1.480345E-2	3.403850E-2
0.000000E+0	0.000000E+0	0.000000E+0	0.000000E+0	0.000000E+0	5.555667E-3	1.468750E-2	3.381933E-2
0.000000E+0	0.000000E+0	0.000000E+0	0.000000E+0	0.000000E+0	5.505826E-3	1.456258E-2	3.358302E-2
0.000000E+0	0.000000E+0	0.000000E+0	0.000000E+0	0.000000E+0	5.458028E-3	1.445479E-2	3.337078E-2
0.000000E+0	0.000000E+0	0.000000E+0	0.000000E+0	0.000000E+0	5.393072E-3	1.433640E-2	3.313855E-2
0.000000E+0	0.000000E+0	0.000000E+0	0.000000E+0	0.000000E+0	5.339146E-3	1.421433E-2	3.292796E-2
0.000000E+0	0.000000E+0	0.000000E+0	0.000000E+0	0.000000E+0	5.288488E-3	1.409797E-2	3.270756E-2
0.000000E+0	0.000000E+0	0.000000E+0	0.000000E+0	0.000000E+0	5.251721E-3	1.398651E-2	3.249288E-2
0.000000E+0	0.000000E+0	0.000000E+0	0.000000E+0	0.000000E+0	5.189215E-3	1.386608E-2	3.227616E-2
0.000000E+0	0.000000E+0	0.000000E+0	0.000000E+0	0.000000E+0	5.141418E-3	1.375380E-2	3.206475E-2
0.000000E+0	0.000000E+0	0.000000E+0	0.000000E+0	0.000000E+0	5.091168E-3	1.364765E-2	3.185292E-2
0.000000E+0	0.000000E+0	0.000000E+0	0.000000E+0	0.000000E+0	5.045413E-3	1.353497E-2	3.164641E-2
0.000000E+0	0.000000E+0	0.000000E+0	0.000000E+0	0.000000E+0	4.994755E-3	1.342556E-2	3.144315E-2
0.000000E+0	0.000000E+0	0.000000E+0	0.000000E+0	0.000000E+0	4.944506E-3	1.331737E-2	3.124480E-2
0.000000E+0	0.000000E+0	0.000000E+0	0.000000E+0	0.000000E+0	4.893031E-3	1.321122E-2	3.103134E-2
0.000000E+0	0.000000E+0	0.000000E+0	0.000000E+0	0.000000E+0	4.852587E-3	1.310058E-2	3.083421E-2
0.000000E+0	0.000000E+0	0.000000E+0	0.000000E+0	0.000000E+0	4.797844E-3	1.301362E-2	3.061708E-2
0.000000E+0	0.000000E+0	0.000000E+0	0.000000E+0	0.000000E+0	4.751680E-3	1.289400E-2	3.042240E-2
0.000000E+0	0.000000E+0	0.000000E+0	0.000000E+0	0.000000E+0	4.710827E-3	1.279152E-2	3.022486E-2
0.000000E+0	0.000000E+0	0.000000E+0	0.000000E+0	0.000000E+0	4.667932E-3	1.268905E-2	3.002528E-2
0.000000E+0	0.000000E+0	0.000000E+0	0.000000E+0	0.000000E+0	4.620542E-3	1.259025E-2	2.982815E-2
0.000000E+0	0.000000E+0	0.000000E+0	0.000000E+0	0.000000E+0	4.581732E-3	1.248165E-2	2.963511E-2
0.000000E+0	0.000000E+0	0.000000E+0	0.000000E+0	0.000000E+0	4.526989E-3	1.238448E-2	2.943634E-2
0.000000E+0	0.000000E+0	0.000000E+0	0.000000E+0	0.000000E+0	4.487362E-3	1.227711E-2	2.924289E-2
0.000000E+0	0.000000E+0	0.000000E+0	0.000000E+0	0.000000E+0	4.443240E-3	1.218525E-2	2.904780E-2
0.000000E+0	0.000000E+0	0.000000E+0	0.000000E+0	0.000000E+0	4.394217E-3	1.209094E-2	2.886536E-2
0.000000E+0	0.000000E+0	0.000000E+0	0.000000E+0	0.000000E+0	4.352138E-3	1.199255E-2	2.867313E-2
0.000000E+0	0.000000E+0	0.000000E+0	0.000000E+0	0.000000E+0	4.310877E-3	1.188926E-2	2.849191E-2
0.000000E+0	0.000000E+0	0.000000E+0	0.000000E+0	0.000000E+0	4.272475E-3	1.180066E-2	2.831193E-2
0.000000E+0	0.000000E+0	0.000000E+0	0.000000E+0	0.000000E+0	4.231213E-3	1.170595E-2	2.811847E-2
0.000000E+0	0.000000E+0	0.000000E+0	0.000000E+0	0.000000E+0	4.190360E-3	1.160960E-2	2.793358E-2
0.000000E+0	0.000000E+0	0.000000E+0	0.000000E+0	0.000000E+0	4.145014E-3	1.151855E-2	2.774502E-2
0.000000E+0	0.000000E+0	0.000000E+0	0.000000E+0	0.000000E+0	4.109472E-3	1.142506E-2	2.756912E-2
0.000000E+0	0.000000E+0	0.000000E+0	0.000000E+0	0.000000E+0	4.066167E-3	1.133198E-2	2.738096E-2
0.000000E+0	0.000000E+0	0.000000E+0	0.000000E+0	0.000000E+0	4.026132E-3	1.123971E-2	2.720302E-2
0.000000E+0	0.000000E+0	0.000000E+0	0.000000E+0	0.000000E+0	3.986913E-3	1.113560E-2	2.702548E-2
0.000000E+0	0.000000E+0	0.000000E+0	0.000000E+0	0.000000E+0	3.959541E-3	1.106293E-2	2.685079E-2
0.000000E+0	0.000000E+0	0.000000E+0	0.000000E+0	0.000000E+0	3.911335E-3	1.097474E-2	2.666509E-2
0.000000E+0	0.000000E+0	0.000000E+0	0.000000E+0	0.000000E+0	3.876610E-3	1.088248E-2	2.650388E-2
0.000000E+0	0.000000E+0	0.000000E+0	0.000000E+0	0.000000E+0	3.843927E-3	1.079103E-2	2.633083E-2
0.000000E+0	0.000000E+0	0.000000E+0	0.000000E+0	0.000000E+0	3.802257E-3	1.071590E-2	2.616635E-2
0.000000E+0	0.000000E+0	0.000000E+0	0.000000E+0	0.000000E+0	3.765081E-3	1.062772E-2	2.598799E-2
0.000000E+0	0.000000E+0	0.000000E+0	0.000000E+0	0.000000E+0	3.738935E-3	1.054362E-2	2.582188E-2
0.000000E+0	0.000000E+0	0.000000E+0	0.000000E+0	0.000000E+0	3.693588E-3	1.046033E-2	2.565740E-2
0.000000E+0	0.000000E+0	0.000000E+0	0.000000E+0	0.000000E+0	3.660089E-3	1.038194E-2	2.549292E-2
0.000000E+0	0.000000E+0	0.000000E+0	0.000000E+0	0.000000E+0	3.616785E-3	1.029621E-2	2.530559E-2
0.000000E+0	0.000000E+0	0.000000E+0	0.000000E+0	0.000000E+0	3.586962E-3	1.021905E-2	2.515172E-2
0.000000E+0	0.000000E+0	0.000000E+0	0.000000E+0	0.000000E+0	3.553054E-3	1.013903E-2	2.498153E-2
0.000000E+0	0.000000E+0	0.000000E+0	0.000000E+0	0.000000E+0	3.520372E-3	1.005819E-2	2.484194E-2
0.000000E+0	0.000000E+0	0.000000E+0	0.000000E+0	0.000000E+0	3.480336E-3	9.971230E-3	2.466481E-2
0.000000E+0	0.000000E+0	0.000000E+0	0.000000E+0	0.000000E+0	3.448062E-3	9.891618E-3	2.450850E-2
0.000000E+0	0.000000E+0	0.000000E+0	0.000000E+0	0.000000E+0	3.419873E-3	9.812006E-3	2.433708E-2
0.000000E+0	0.000000E+0	0.000000E+0	0.000000E+0	0.000000E+0	3.393319E-3	9.741785E-3	2.418525E-2
0.000000E+0	0.000000E+0	0.000000E+0	0.000000E+0	0.000000E+0	3.359411E-3	9.664215E-3	2.402485E-2
0.000000E+0	0.000000E+0	0.000000E+0	0.000000E+0	0.000000E+0	3.317741E-3	9.585011E-3	2.387058E-2
0.000000E+0	0.000000E+0	0.000000E+0	0.000000E+0	0.000000E+0	3.292004E-3	9.507441E-3	2.371059E-2
0.000000E+0	0.000000E+0	0.000000E+0	0.000000E+0	0.000000E+0	3.256870E-3	9.431504E-3	2.356733E-2
0.000000E+0	0.000000E+0	0.000000E+0	0.000000E+0	0.000000E+0	3.231541E-3	9.362099E-3	2.341020E-2
0.000000E+0	0.000000E+0	0.000000E+0	0.000000E+0	0.000000E+0	3.194365E-3	9.274730E-3	2.325960E-2
0.000000E+0	0.000000E+0	0.000000E+0	0.000000E+0	0.000000E+0	3.165768E-3	9.212266E-3	2.310695E-2
0.000000E+0	0.000000E+0	0.000000E+0	0.000000E+0	0.000000E+0	3.134311E-3	9.134287E-3	2.296166E-2
0.000000E+0	0.000000E+0	0.000000E+0	0.000000E+0	0.000000E+0	3.116744E-3	9.063657E-3	2.280942E-2
0.000000E+0	0.000000E+0	0.000000E+0	0.000000E+0	0.000000E+0	3.080385E-3	8.993436E-3	2.265800E-2
0.000000E+0	0.000000E+0	0.000000E+0	0.000000E+0	0.000000E+0	3.054239E-3	8.912599E-3	2.251067E-2
0.000000E+0	0.000000E+0	0.000000E+0	0.000000E+0	0.000000E+0	3.015838E-3	8.844011E-3	2.236537E-2
0.000000E+0	0.000000E+0	0.000000E+0	0.000000E+0	0.000000E+0	3.004807E-3	8.770931E-3	2.221926E-2
0.000000E+0	0.000000E+0	0.000000E+0	0.000000E+0	0.000000E+0	2.962729E-3	8.718673E-3	2.207151E-2
0.000000E+0	0.000000E+0	0.000000E+0	0.000000E+0	0.000000E+0	2.947613E-3	8.639062E-3	2.192785E-2
0.000000E+0	0.000000E+0	0.000000E+0	0.000000E+0	0.000000E+0	2.896547E-3	8.561900E-3	2.179030E-2
0.000000E+0	0.000000E+0	0.000000E+0	0.000000E+0	0.000000E+0	2.890011E-3	8.490453E-3	2.164419E-2
0.000000E+0	0.000000E+0	0.000000E+0	0.000000E+0	0.000000E+0	2.851609E-3	8.428805E-3	2.150542E-2
0.000000E+0	0.000000E+0	0.000000E+0	0.000000E+0	0.000000E+0	2.825871E-3	8.372873E-3	2.136870E-2
0.000000E+0	0.000000E+0	0.000000E+0	0.000000E+0	0.000000E+0	2.796866E-3	8.302243E-3	2.123442E-2
0.000000E+0	0.000000E+0	0.000000E+0	0.000000E+0	0.000000E+0	2.774397E-3	8.242637E-3	2.110014E-2
0.000000E+0	0.000000E+0	0.000000E+0	0.000000E+0	0.000000E+0	2.740080E-3	8.175681E-3	2.095566E-2
0.000000E+0	0.000000E+0	0.000000E+0	0.000000E+0	0.000000E+0	2.722105E-3	8.115666E-3	2.082547E-2
0.000000E+0	0.000000E+0	0.000000E+0	0.000000E+0	0.000000E+0	2.687380E-3	8.038504E-3	2.069078E-2
0.000000E+0	0.000000E+0	0.000000E+0	0.000000E+0	0.000000E+0	2.673898E-3	7.980531E-3	2.056630E-2
0.000000E+0	0.000000E+0	0.000000E+0	0.000000E+0	0.000000E+0	2.640807E-3	7.924599E-3	2.042835E-2
0.000000E+0	0.000000E+0	0.000000E+0	0.000000E+0	0.000000E+0	2.627734E-3	7.856827E-3	2.029162E-2
0.000000E+0	0.000000E+0	0.000000E+0	0.000000E+0	0.000000E+0	2.587290E-3	7.790279E-3	2.016143E-2
0.000000E+0	0.000000E+0	0.000000E+0	0.000000E+0	0.000000E+0	2.581571E-3	7.733531E-3	2.002797E-2
0.000000E+0	0.000000E+0	0.000000E+0	0.000000E+0	0.000000E+0	2.551339E-3	7.676374E-3	1.988716E-2
0.000000E+0	0.000000E+0	0.000000E+0	0.000000E+0	0.000000E+0	2.528870E-3	7.618400E-3	1.977451E-2
0.000000E+0	0.000000E+0	0.000000E+0	0.000000E+0	0.000000E+0	2.503950E-3	7.557568E-3	1.964187E-2
0.000000E+0	0.000000E+0	0.000000E+0	0.000000E+0	0.000000E+0	2.478213E-3	7.500003E-3	1.951739E-2
0.000000E+0	0.000000E+0	0.000000E+0	0.000000E+0	0.000000E+0	2.456152E-3	7.446520E-3	1.938556E-2
0.000000E+0	0.000000E+0	0.000000E+0	0.000000E+0	0.000000E+0	2.432457E-3	7.385281E-3	1.926598E-2
0.000000E+0	0.000000E+0	0.000000E+0	0.000000E+0	0.000000E+0	2.409171E-3	7.318325E-3	1.914435E-2
0.000000E+0	0.000000E+0	0.000000E+0	0.000000E+0	0.000000E+0	2.392421E-3	7.269742E-3	1.902436E-2
0.000000E+0	0.000000E+0	0.000000E+0	0.000000E+0	0.000000E+0	2.371995E-3	7.212993E-3	1.889171E-2
0.000000E+0	0.000000E+0	0.000000E+0	0.000000E+0	0.000000E+0	2.339721E-3	7.159510E-3	1.877866E-2
0.000000E+0	0.000000E+0	0.000000E+0	0.000000E+0	0.000000E+0	2.308264E-3	7.092555E-3	1.865663E-2
0.000000E+0	0.000000E+0	0.000000E+0	0.000000E+0	0.000000E+0	2.296008E-3	7.038256E-3	1.853990E-2
0.000000E+0	0.000000E+0	0.000000E+0	0.000000E+0	0.000000E+0	2.275173E-3	6.983957E-3	1.840970E-2
0.000000E+0	0.000000E+0	0.000000E+0	0.000000E+0	0.000000E+0	2.258424E-3	6.935373E-3	1.829420E-2
0.000000E+0	0.000000E+0	0.000000E+0	0.000000E+0	0.000000E+0	2.239631E-3	6.871684E-3	1.817462E-2
0.000000E+0	0.000000E+0	0.000000E+0	0.000000E+0	0.000000E+0	2.216754E-3	6.814118E-3	1.806279E-2
0.000000E+0	0.000000E+0	0.000000E+0	0.000000E+0	0.000000E+0	2.190608E-3	6.776966E-3	1.794075E-2
0.000000E+0	0.000000E+0	0.000000E+0	0.000000E+0	0.000000E+0	2.183254E-3	6.720217E-3	1.783260E-2
0.000000E+0	0.000000E+0	0.000000E+0	0.000000E+0	0.000000E+0	2.155883E-3	6.669593E-3	1.771057E-2
0.000000E+0	0.000000E+0	0.000000E+0	0.000000E+0	0.000000E+0	2.140767E-3	6.606720E-3	1.760200E-2
0.000000E+0	0.000000E+0	0.000000E+0	0.000000E+0	0.000000E+0	2.110944E-3	6.573650E-3	1.748446E-2
0.000000E+0	0.000000E+0	0.000000E+0	0.000000E+0	0.000000E+0	2.094195E-3	6.523026E-3	1.736120E-2
0.000000E+0	0.000000E+0	0.000000E+0	0.000000E+0	0.000000E+0	2.068049E-3	6.449130E-3	1.726039E-2
0.000000E+0	0.000000E+0	0.000000E+0	0.000000E+0	0.000000E+0	2.056201E-3	6.399321E-3	1.714774E-2
0.000000E+0	0.000000E+0	0.000000E+0	0.000000E+0	0.000000E+0	2.044354E-3	6.357678E-3	1.703714E-2
0.000000E+0	0.000000E+0	0.000000E+0	0.000000E+0	0.000000E+0	2.017800E-3	6.303787E-3	1.692531E-2
0.000000E+0	0.000000E+0	0.000000E+0	0.000000E+0	0.000000E+0	1.990020E-3	6.266635E-3	1.682613E-2
0.000000E+0	0.000000E+0	0.000000E+0	0.000000E+0	0.000000E+0	1.981032E-3	6.210703E-3	1.671798E-2
0.000000E+0	0.000000E+0	0.000000E+0	0.000000E+0	0.000000E+0	1.962648E-3	6.163344E-3	1.660329E-2
0.000000E+0	0.000000E+0	0.000000E+0	0.000000E+0	0.000000E+0	1.940179E-3	6.117619E-3	1.650493E-2
0.000000E+0	0.000000E+0	0.000000E+0	0.000000E+0	0.000000E+0	1.923429E-3	6.070260E-3	1.640208E-2
0.000000E+0	0.000000E+0	0.000000E+0	0.000000E+0	0.000000E+0	1.903411E-3	6.011470E-3	1.629066E-2
0.000000E+0	0.000000E+0	0.000000E+0	0.000000E+0	0.000000E+0	1.892790E-3	5.975134E-3	1.618740E-2
0.000000E+0	0.000000E+0	0.000000E+0	0.000000E+0	0.000000E+0	1.868686E-3	5.923693E-3	1.607843E-2
0.000000E+0	0.000000E+0	0.000000E+0	0.000000E+0	0.000000E+0	1.853162E-3	5.888582E-3	1.598700E-2
0.000000E+0	0.000000E+0	0.000000E+0	0.000000E+0	0.000000E+0	1.835595E-3	5.835099E-3	1.588497E-2
0.000000E+0	0.000000E+0	0.000000E+0	0.000000E+0	0.000000E+0	1.824157E-3	5.794681E-3	1.579191E-2
0.000000E+0	0.000000E+0	0.000000E+0	0.000000E+0	0.000000E+0	1.802096E-3	5.755896E-3	1.567519E-2
0.000000E+0	0.000000E+0	0.000000E+0	0.000000E+0	0.000000E+0	1.781261E-3	5.716294E-3	1.559233E-2
0.000000E+0	0.000000E+0	0.000000E+0	0.000000E+0	0.000000E+0	1.774724E-3	5.657913E-3	1.549112E-2
0.000000E+0	0.000000E+0	0.000000E+0	0.000000E+0	0.000000E+0	1.754298E-3	5.617903E-3	1.539847E-2
0.000000E+0	0.000000E+0	0.000000E+0	0.000000E+0	0.000000E+0	1.739182E-3	5.578301E-3	1.528256E-2
0.000000E+0	0.000000E+0	0.000000E+0	0.000000E+0	0.000000E+0	1.721616E-3	5.533800E-3	1.519318E-2
0.000000E+0	0.000000E+0	0.000000E+0	0.000000E+0	0.000000E+0	1.710585E-3	5.478684E-3	1.508910E-2
0.000000E+0	0.000000E+0	0.000000E+0	0.000000E+0	0.000000E+0	1.687299E-3	5.448473E-3	1.500054E-2
0.000000E+0	0.000000E+0	0.000000E+0	0.000000E+0	0.000000E+0	1.675043E-3	5.406421E-3	1.489891E-2
0.000000E+0	0.000000E+0	0.000000E+0	0.000000E+0	0.000000E+0	1.660336E-3	5.366820E-3	1.480422E-2
0.000000E+0	0.000000E+0	0.000000E+0	0.000000E+0	0.000000E+0	1.643995E-3	5.315787E-3	1.471443E-2
0.000000E+0	0.000000E+0	0.000000E+0	0.000000E+0	0.000000E+0	1.632965E-3	5.284759E-3	1.461770E-2
0.000000E+0	0.000000E+0	0.000000E+0	0.000000E+0	0.000000E+0	1.610904E-3	5.253730E-3	1.452383E-2
0.000000E+0	0.000000E+0	0.000000E+0	0.000000E+0	0.000000E+0	1.586801E-3	5.210454E-3	1.444261E-2
0.000000E+0	0.000000E+0	0.000000E+0	0.000000E+0	0.000000E+0	1.581081E-3	5.158605E-3	1.434058E-2
0.000000E+0	0.000000E+0	0.000000E+0	0.000000E+0	0.000000E+0	1.566374E-3	5.124719E-3	1.426140E-2
0.000000E+0	0.000000E+0	0.000000E+0	0.000000E+0	0.000000E+0	1.555344E-3	5.089200E-3	1.416018E-2
0.000000E+0	0.000000E+0	0.000000E+0	0.000000E+0	0.000000E+0	1.538186E-3	5.054906E-3	1.407488E-2
0.000000E+0	0.000000E+0	0.000000E+0	0.000000E+0	0.000000E+0	1.526338E-3	5.004689E-3	1.398142E-2
0.000000E+0	0.000000E+0	0.000000E+0	0.000000E+0	0.000000E+0	1.505503E-3	4.971211E-3	1.389652E-2
0.000000E+0	0.000000E+0	0.000000E+0	0.000000E+0	0.000000E+0	1.489979E-3	4.935692E-3	1.379286E-2
0.000000E+0	0.000000E+0	0.000000E+0	0.000000E+0	0.000000E+0	1.483034E-3	4.895682E-3	1.371613E-2
0.000000E+0	0.000000E+0	0.000000E+0	0.000000E+0	0.000000E+0	1.474864E-3	4.860163E-3	1.363246E-2
0.000000E+0	0.000000E+0	0.000000E+0	0.000000E+0	0.000000E+0	1.448718E-3	4.821378E-3	1.354675E-2
0.000000E+0	0.000000E+0	0.000000E+0	0.000000E+0	0.000000E+0	1.441773E-3	4.792800E-3	1.346635E-2
0.000000E+0	0.000000E+0	0.000000E+0	0.000000E+0	0.000000E+0	1.426249E-3	4.752381E-3	1.337697E-2
0.000000E+0	0.000000E+0	0.000000E+0	0.000000E+0	0.000000E+0	1.417670E-3	4.713596E-3	1.329656E-2
0.000000E+0	0.000000E+0	0.000000E+0	0.000000E+0	0.000000E+0	1.400920E-3	4.686651E-3	1.321045E-2
0.000000E+0	0.000000E+0	0.000000E+0	0.000000E+0	0.000000E+0	1.391932E-3	4.639292E-3	1.312841E-2
0.000000E+0	0.000000E+0	0.000000E+0	0.000000E+0	0.000000E+0	1.377225E-3	4.608264E-3	1.303699E-2
0.000000E+0	0.000000E+0	0.000000E+0	0.000000E+0	0.000000E+0	1.369872E-3	4.568254E-3	1.296965E-2
0.000000E+0	0.000000E+0	0.000000E+0	0.000000E+0	0.000000E+0	1.353939E-3	4.536001E-3	1.289087E-2
0.000000E+0	0.000000E+0	0.000000E+0	0.000000E+0	0.000000E+0	1.342500E-3	4.502932E-3	1.278762E-2
0.000000E+0	0.000000E+0	0.000000E+0	0.000000E+0	0.000000E+0	1.328202E-3	4.471903E-3	1.271497E-2
0.000000E+0	0.000000E+0	0.000000E+0	0.000000E+0	0.000000E+0	1.319622E-3	4.435160E-3	1.263701E-2
0.000000E+0	0.000000E+0	0.000000E+0	0.000000E+0	0.000000E+0	1.303281E-3	4.395558E-3	1.255824E-2
0.000000E+0	0.000000E+0	0.000000E+0	0.000000E+0	0.000000E+0	1.300422E-3	4.369837E-3	1.248315E-2
0.000000E+0	0.000000E+0	0.000000E+0	0.000000E+0	0.000000E+0	1.277135E-3	4.333093E-3	1.240070E-2
0.000000E+0	0.000000E+0	0.000000E+0	0.000000E+0	0.000000E+0	1.266514E-3	4.302065E-3	1.232316E-2
0.000000E+0	0.000000E+0	0.000000E+0	0.000000E+0	0.000000E+0	1.254666E-3	4.262464E-3	1.224520E-2
0.000000E+0	0.000000E+0	0.000000E+0	0.000000E+0	0.000000E+0	1.250989E-3	4.238376E-3	1.216888E-2
0.000000E+0	0.000000E+0	0.000000E+0	0.000000E+0	0.000000E+0	1.229746E-3	4.210614E-3	1.208358E-2
0.000000E+0	0.000000E+0	0.000000E+0	0.000000E+0	0.000000E+0	1.221984E-3	4.175912E-3	1.201379E-2
0.000000E+0	0.000000E+0	0.000000E+0	0.000000E+0	0.000000E+0	1.204009E-3	4.132635E-3	1.194073E-2
0.000000E+0	0.000000E+0	0.000000E+0	0.000000E+0	0.000000E+0	1.202374E-3	4.115488E-3	1.186849E-2
0.000000E+0	0.000000E+0	0.000000E+0	0.000000E+0	0.000000E+0	1.191344E-3	4.080786E-3	1.178850E-2
0.000000E+0	0.000000E+0	0.000000E+0	0.000000E+0	0.000000E+0	1.182765E-3	4.050166E-3	1.170524E-2
0.000000E+0	0.000000E+0	0.000000E+0	0.000000E+0	0.000000E+0	1.170509E-3	4.019954E-3	1.163953E-2
0.000000E+0	0.000000E+0	0.000000E+0	0.000000E+0	0.000000E+0	1.159070E-3	3.982802E-3	1.156851E-2
0.000000E+0	0.000000E+0	0.000000E+0	0.000000E+0	0.000000E+0	1.143138E-3	3.955857E-3	1.149096E-2
0.000000E+0	0.000000E+0	0.000000E+0	0.000000E+0	0.000000E+0	1.135376E-3	3.929320E-3	1.142281E-2
0.000000E+0	0.000000E+0	0.000000E+0	0.000000E+0	0.000000E+0	1.123528E-3	3.892576E-3	1.134975E-2
0.000000E+0	0.000000E+0	0.000000E+0	0.000000E+0	0.000000E+0	1.116583E-3	3.869713E-3	1.128200E-2
0.000000E+0	0.000000E+0	0.000000E+0	0.000000E+0	0.000000E+0	1.103919E-3	3.838685E-3	1.120649E-2
0.000000E+0	0.000000E+0	0.000000E+0	0.000000E+0	0.000000E+0	1.088395E-3	3.813372E-3	1.113221E-2
0.000000E+0	0.000000E+0	0.000000E+0	0.000000E+0	0.000000E+0	1.081041E-3	3.777037E-3	1.106201E-2
0.000000E+0	0.000000E+0	0.000000E+0	0.000000E+0	0.000000E+0	1.076956E-3	3.756215E-3	1.100242E-2
0.000000E+0	0.000000E+0	0.000000E+0	0.000000E+0	0.000000E+0	1.061023E-3	3.731311E-3	1.092569E-2
0.000000E+0	0.000000E+0	0.000000E+0	0.000000E+0	0.000000E+0	1.047542E-3	3.696200E-3	1.086243E-2
0.000000E+0	0.000000E+0	0.000000E+0	0.000000E+0	0.000000E+0	1.048767E-3	3.671296E-3	1.079142E-2
0.000000E+0	0.000000E+0	0.000000E+0	0.000000E+0	0.000000E+0	1.034469E-3	3.651700E-3	1.072652E-2
0.000000E+0	0.000000E+0	0.000000E+0	0.000000E+0	0.000000E+0	1.021396E-3	3.614547E-3	1.066490E-2
0.000000E+0	0.000000E+0	0.000000E+0	0.000000E+0	0.000000E+0	1.015268E-3	3.590460E-3	1.060245E-2
0.000000E+0	0.000000E+0	0.000000E+0	0.000000E+0	0.000000E+0	1.005463E-3	3.565556E-3	1.053184E-2
0.000000E+0	0.000000E+0	0.000000E+0	0.000000E+0	0.000000E+0	9.993352E-4	3.525137E-3	1.048042E-2
0.000000E+0	0.000000E+0	0.000000E+0	0.000000E+0	0.000000E+0	9.858537E-4	3.510032E-3	1.040859E-2
0.000000E+0	0.000000E+0	0.000000E+0	0.000000E+0	0.000000E+0	9.805428E-4	3.480228E-3	1.034124E-2
0.000000E+0	0.000000E+0	0.000000E+0	0.000000E+0	0.000000E+0	9.674699E-4	3.453283E-3	1.028655E-2
0.000000E+0	0.000000E+0	0.000000E+0	0.000000E+0	0.000000E+0	9.625675E-4	3.432870E-3	1.021431E-2
0.000000E+0	0.000000E+0	0.000000E+0	0.000000E+0	0.000000E+0	9.560310E-4	3.410415E-3	1.015595E-2
0.000000E+0	0.000000E+0	0.000000E+0	0.000000E+0	0.000000E+0	9.466348E-4	3.383470E-3	1.008738E-2
0.000000E+0	0.000000E+0	0.000000E+0	0.000000E+0	0.000000E+0	9.400984E-4	3.363873E-3	1.002126E-2
0.000000E+0	0.000000E+0	0.000000E+0	0.000000E+0	0.000000E+0	9.262084E-4	3.330395E-3	9.962083E-3
0.000000E+0	0.000000E+0	0.000000E+0	0.000000E+0	0.000000E+0	9.249828E-4	3.311615E-3	9.904944E-3
0.000000E+0	0.000000E+0	0.000000E+0	0.000000E+0	0.000000E+0	9.106842E-4	3.272830E-3	9.840050E-3
0.000000E+0	0.000000E+0	0.000000E+0	0.000000E+0	0.000000E+0	9.025136E-4	3.259765E-3	9.781278E-3
0.000000E+0	0.000000E+0	0.000000E+0	0.000000E+0	0.000000E+0	8.914833E-4	3.229146E-3	9.720058E-3
0.000000E+0	0.000000E+0	0.000000E+0	0.000000E+0	0.000000E+0	8.861724E-4	3.207916E-3	9.662511E-3
0.000000E+0	0.000000E+0	0.000000E+0	0.000000E+0	0.000000E+0	8.677886E-4	3.189544E-3	9.595576E-3
0.000000E+0	0.000000E+0	0.000000E+0	0.000000E+0	0.000000E+0	8.694227E-4	3.168722E-3	9.544559E-3
0.000000E+0	0.000000E+0	0.000000E+0	0.000000E+0	0.000000E+0	8.600265E-4	3.140960E-3	9.473135E-3
0.000000E+0	0.000000E+0	0.000000E+0	0.000000E+0	0.000000E+0	8.596180E-4	3.114015E-3	9.422118E-3
0.000000E+0	0.000000E+0	0.000000E+0	0.000000E+0	0.000000E+0	8.457280E-4	3.098909E-3	9.358040E-3
0.000000E+0	0.000000E+0	0.000000E+0	0.000000E+0	0.000000E+0	8.330636E-4	3.074005E-3	9.300085E-3
0.000000E+0	0.000000E+0	0.000000E+0	0.000000E+0	0.000000E+0	8.306124E-4	3.040527E-3	9.251517E-3
0.000000E+0	0.000000E+0	0.000000E+0	0.000000E+0	0.000000E+0	8.228503E-4	3.025013E-3	9.194785E-3
0.000000E+0	0.000000E+0	0.000000E+0	0.000000E+0	0.000000E+0	8.167224E-4	3.004192E-3	9.124994E-3
0.000000E+0	0.000000E+0	0.000000E+0	0.000000E+0	0.000000E+0	8.077348E-4	2.983778E-3	9.071528E-3
0.000000E+0	0.000000E+0	0.000000E+0	0.000000E+0	0.000000E+0	8.028324E-4	2.953159E-3	9.022552E-3
0.000000E+0	0.000000E+0	0.000000E+0	0.000000E+0	0.000000E+0	7.983386E-4	2.938461E-3	8.971943E-3
0.000000E+0	0.000000E+0	0.000000E+0	0.000000E+0	0.000000E+0	7.905765E-4	2.913149E-3	8.911130E-3
0.000000E+0	0.000000E+0	0.000000E+0	0.000000E+0	0.000000E+0	7.730097E-4	2.892327E-3	8.858072E-3
0.000000E+0	0.000000E+0	0.000000E+0	0.000000E+0	0.000000E+0	7.644306E-4	2.871506E-3	8.801341E-3
0.000000E+0	0.000000E+0	0.000000E+0	0.000000E+0	0.000000E+0	7.619794E-4	2.860074E-3	8.747467E-3
0.000000E+0	0.000000E+0	0.000000E+0	0.000000E+0	0.000000E+0	7.558515E-4	2.830271E-3	8.692777E-3
0.000000E+0	0.000000E+0	0.000000E+0	0.000000E+0	0.000000E+0	7.501321E-4	2.816798E-3	8.641352E-3
0.000000E+0	0.000000E+0	0.000000E+0	0.000000E+0	0.000000E+0	7.460468E-4	2.801284E-3	8.585845E-3
0.000000E+0	0.000000E+0	0.000000E+0	0.000000E+0	0.000000E+0	7.354250E-4	2.775972E-3	8.540950E-3
0.000000E+0	0.000000E+0	0.000000E+0	0.000000E+0	0.000000E+0	7.329738E-4	2.751476E-3	8.480546E-3
0.000000E+0	0.000000E+0	0.000000E+0	0.000000E+0	0.000000E+0	7.170412E-4	2.730246E-3	8.432385E-3
0.000000E+0	0.000000E+0	0.000000E+0	0.000000E+0	0.000000E+0	7.174497E-4	2.706158E-3	8.376471E-3
0.000000E+0	0.000000E+0	0.000000E+0	0.000000E+0	0.000000E+0	7.088706E-4	2.693094E-3	8.343003E-3
0.000000E+0	0.000000E+0	0.000000E+0	0.000000E+0	0.000000E+0	7.047853E-4	2.677580E-3	8.278926E-3
0.000000E+0	0.000000E+0	0.000000E+0	0.000000E+0	0.000000E+0	6.957976E-4	2.660433E-3	8.220562E-3
0.000000E+0	0.000000E+0	0.000000E+0	0.000000E+0	0.000000E+0	6.908953E-4	2.632671E-3	8.181381E-3
0.000000E+0	0.000000E+0	0.000000E+0	0.000000E+0	0.000000E+0	6.778223E-4	2.611441E-3	8.131997E-3
0.000000E+0	0.000000E+0	0.000000E+0	0.000000E+0	0.000000E+0	6.790479E-4	2.597152E-3	8.086693E-3
0.000000E+0	0.000000E+0	0.000000E+0	0.000000E+0	0.000000E+0	6.721029E-4	2.580821E-3	8.032411E-3
0.000000E+0	0.000000E+0	0.000000E+0	0.000000E+0	0.000000E+0	6.688347E-4	2.559591E-3	7.986700E-3
0.000000E+0	0.000000E+0	0.000000E+0	0.000000E+0	0.000000E+0	6.533105E-4	2.546935E-3	7.936907E-3
0.000000E+0	0.000000E+0	0.000000E+0	0.000000E+0	0.000000E+0	6.533105E-4	2.521214E-3	7.883849E-3
0.000000E+0	0.000000E+0	0.000000E+0	0.000000E+0	0.000000E+0	6.459570E-4	2.511416E-3	7.837322E-3
0.000000E+0	0.000000E+0	0.000000E+0	0.000000E+0	0.000000E+0	6.430973E-4	2.485287E-3	7.788345E-3
0.000000E+0	0.000000E+0	0.000000E+0	0.000000E+0	0.000000E+0	6.259390E-4	2.473447E-3	7.747531E-3
0.000000E+0	0.000000E+0	0.000000E+0	0.000000E+0	0.000000E+0	6.292073E-4	2.464466E-3	7.706310E-3
0.000000E+0	0.000000E+0	0.000000E+0	0.000000E+0	0.000000E+0	6.100064E-4	2.435071E-3	7.644273E-3
0.000000E+0	0.000000E+0	0.000000E+0	0.000000E+0	0.000000E+0	6.210367E-4	2.421598E-3	7.606724E-3
0.000000E+0	0.000000E+0	0.000000E+0	0.000000E+0	0.000000E+0	6.120490E-4	2.402409E-3	7.557340E-3
0.000000E+0	0.000000E+0	0.000000E+0	0.000000E+0	0.000000E+0	6.063296E-4	2.388528E-3	7.518567E-3
0.000000E+0	0.000000E+0	0.000000E+0	0.000000E+0	0.000000E+0	5.989761E-4	2.366890E-3	7.455713E-3
0.000000E+0	0.000000E+0	0.000000E+0	0.000000E+0	0.000000E+0	5.961164E-4	2.348110E-3	7.422246E-3
0.000000E+0	0.000000E+0	0.000000E+0	0.000000E+0	0.000000E+0	5.830434E-4	2.331371E-3	7.374086E-3
0.000000E+0	0.000000E+0	0.000000E+0	0.000000E+0	0.000000E+0	5.932567E-4	2.319940E-3	7.335313E-3
0.000000E+0	0.000000E+0	0.000000E+0	0.000000E+0	0.000000E+0	5.805922E-4	2.300751E-3	7.284704E-3
0.000000E+0	0.000000E+0	0.000000E+0	0.000000E+0	0.000000E+0	5.716046E-4	2.286054E-3	7.238584E-3
0.000000E+0	0.000000E+0	0.000000E+0	0.000000E+0	0.000000E+0	5.642511E-4	2.268090E-3	7.203893E-3
0.000000E+0	0.000000E+0	0.000000E+0	0.000000E+0	0.000000E+0	5.662937E-4	2.250535E-3	7.154916E-3
0.000000E+0	0.000000E+0	0.000000E+0	0.000000E+0	0.000000E+0	5.609828E-4	2.232980E-3	7.112470E-3
0.000000E+0	0.000000E+0	0.000000E+0	0.000000E+0	0.000000E+0	5.507696E-4	2.219915E-3	7.068391E-3
0.000000E+0	0.000000E+0	0.000000E+0	0.000000E+0	0.000000E+0	5.438246E-4	2.199910E-3	7.031659E-3
0.000000E+0	0.000000E+0	0.000000E+0	0.000000E+0	0.000000E+0	5.421905E-4	2.183579E-3	6.987988E-3
0.000000E+0	0.000000E+0	0.000000E+0	0.000000E+0	0.000000E+0	5.385137E-4	2.168474E-3	6.931257E-3
0.000000E+0	0.000000E+0	0.000000E+0	0.000000E+0	0.000000E+0	5.295260E-4	2.158267E-3	6.908810E-3
0.000000E+0	0.000000E+0	0.000000E+0	0.000000E+0	0.000000E+0	5.315687E-4	2.143161E-3	6.858609E-3
0.000000E+0	0.000000E+0	0.000000E+0	0.000000E+0	0.000000E+0	5.201299E-4	2.121115E-3	6.822693E-3
0.000000E+0	0.000000E+0	0.000000E+0	0.000000E+0	0.000000E+0	5.148190E-4	2.112133E-3	6.763105E-3
0.000000E+0	0.000000E+0	0.000000E+0	0.000000E+0	0.000000E+0	5.058313E-4	2.093353E-3	6.736168E-3
0.000000E+0	0.000000E+0	0.000000E+0	0.000000E+0	0.000000E+0	5.074654E-4	2.075798E-3	6.703517E-3
0.000000E+0	0.000000E+0	0.000000E+0	0.000000E+0	0.000000E+0	5.037887E-4	2.065183E-3	6.667193E-3
0.000000E+0	0.000000E+0	0.000000E+0	0.000000E+0	0.000000E+0	4.854048E-4	2.058242E-3	6.604748E-3
0.000000E+0	0.000000E+0	0.000000E+0	0.000000E+0	0.000000E+0	4.968437E-4	2.048036E-3	6.579443E-3
0.000000E+0	0.000000E+0	0.000000E+0	0.000000E+0	0.000000E+0	4.833622E-4	2.017007E-3	6.528426E-3
0.000000E+0	0.000000E+0	0.000000E+0	0.000000E+0	0.000000E+0	4.788684E-4	2.007209E-3	6.502305E-3
0.000000E+0	0.000000E+0	0.000000E+0	0.000000E+0	0.000000E+0	4.833622E-4	1.994145E-3	6.453329E-3
0.000000E+0	0.000000E+0	0.000000E+0	0.000000E+0	0.000000E+0	4.702892E-4	1.984346E-3	6.415372E-3
0.000000E+0	0.000000E+0	0.000000E+0	0.000000E+0	0.000000E+0	4.686551E-4	1.966791E-3	6.372518E-3
0.000000E+0	0.000000E+0	0.000000E+0	0.000000E+0	0.000000E+0	4.666125E-4	1.949644E-3	6.341907E-3
0.000000E+0	0.000000E+0	0.000000E+0	0.000000E+0	0.000000E+0	4.563992E-4	1.940662E-3	6.299869E-3
0.000000E+0	0.000000E+0	0.000000E+0	0.000000E+0	0.000000E+0	4.547651E-4	1.921882E-3	6.263545E-3
0.000000E+0	0.000000E+0	0.000000E+0	0.000000E+0	0.000000E+0	4.551736E-4	1.916983E-3	6.231302E-3
0.000000E+0	0.000000E+0	0.000000E+0	0.000000E+0	0.000000E+0	4.494542E-4	1.894120E-3	6.195794E-3
0.000000E+0	0.000000E+0	0.000000E+0	0.000000E+0	0.000000E+0	4.457775E-4	1.887588E-3	6.155389E-3
0.000000E+0	0.000000E+0	0.000000E+0	0.000000E+0	0.000000E+0	4.421007E-4	1.865949E-3	6.109677E-3
0.000000E+0	0.000000E+0	0.000000E+0	0.000000E+0	0.000000E+0	4.269851E-4	1.856559E-3	6.076618E-3
0.000000E+0	0.000000E+0	0.000000E+0	0.000000E+0	0.000000E+0	4.269851E-4	1.838596E-3	6.049273E-3
0.000000E+0	0.000000E+0	0.000000E+0	0.000000E+0	0.000000E+0	4.314789E-4	1.827164E-3	6.011724E-3
0.000000E+0	0.000000E+0	0.000000E+0	0.000000E+0	0.000000E+0	4.188145E-4	1.812059E-3	5.966421E-3
0.000000E+0	0.000000E+0	0.000000E+0	0.000000E+0	0.000000E+0	4.171804E-4	1.796136E-3	5.934178E-3
0.000000E+0	0.000000E+0	0.000000E+0	0.000000E+0	0.000000E+0	4.114610E-4	1.786338E-3	5.909282E-3
0.000000E+0	0.000000E+0	0.000000E+0	0.000000E+0	0.000000E+0	4.106439E-4	1.785930E-3	5.874182E-3
0.000000E+0	0.000000E+0	0.000000E+0	0.000000E+0	0.000000E+0	4.073757E-4	1.765925E-3	5.827246E-3
0.000000E+0	0.000000E+0	0.000000E+0	0.000000E+0	0.000000E+0	3.987965E-4	1.763883E-3	5.797861E-3
0.000000E+0	0.000000E+0	0.000000E+0	0.000000E+0	0.000000E+0	3.914430E-4	1.737346E-3	5.768883E-3
0.000000E+0	0.000000E+0	0.000000E+0	0.000000E+0	0.000000E+0	3.983880E-4	1.734488E-3	5.725212E-3
0.000000E+0	0.000000E+0	0.000000E+0	0.000000E+0	0.000000E+0	3.873577E-4	1.719382E-3	5.690521E-3
0.000000E+0	0.000000E+0	0.000000E+0	0.000000E+0	0.000000E+0	3.816383E-4	1.702235E-3	5.652972E-3
0.000000E+0	0.000000E+0	0.000000E+0	0.000000E+0	0.000000E+0	3.742848E-4	1.685496E-3	5.624402E-3
0.000000E+0	0.000000E+0	0.000000E+0	0.000000E+0	0.000000E+0	3.804127E-4	1.675290E-3	5.599098E-3
0.000000E+0	0.000000E+0	0.000000E+0	0.000000E+0	0.000000E+0	3.742848E-4	1.676106E-3	5.563590E-3
0.000000E+0	0.000000E+0	0.000000E+0	0.000000E+0	0.000000E+0	3.632545E-4	1.652019E-3	5.536653E-3
0.000000E+0	0.000000E+0	0.000000E+0	0.000000E+0	0.000000E+0	3.624374E-4	1.638546E-3	5.508083E-3
0.000000E+0	0.000000E+0	0.000000E+0	0.000000E+0	0.000000E+0	3.616203E-4	1.640587E-3	5.479514E-3
0.000000E+0	0.000000E+0	0.000000E+0	0.000000E+0	0.000000E+0	3.469133E-4	1.623032E-3	5.434210E-3
0.000000E+0	0.000000E+0	0.000000E+0	0.000000E+0	0.000000E+0	3.616203E-4	1.617316E-3	5.400335E-3
0.000000E+0	0.000000E+0	0.000000E+0	0.000000E+0	0.000000E+0	3.465047E-4	1.592820E-3	5.382785E-3
0.000000E+0	0.000000E+0	0.000000E+0	0.000000E+0	0.000000E+0	3.534497E-4	1.590779E-3	5.347277E-3
0.000000E+0	0.000000E+0	0.000000E+0	0.000000E+0	0.000000E+0	3.342489E-4	1.579756E-3	5.311769E-3
0.000000E+0	0.000000E+0	0.000000E+0	0.000000E+0	0.000000E+0	3.358830E-4	1.565875E-3	5.281567E-3
0.000000E+0	0.000000E+0	0.000000E+0	0.000000E+0	0.000000E+0	3.375171E-4	1.554443E-3	5.256263E-3
0.000000E+0	0.000000E+0	0.000000E+0	0.000000E+0	0.000000E+0	3.342489E-4	1.547095E-3	5.222387E-3
0.000000E+0	0.000000E+0	0.000000E+0	0.000000E+0	0.000000E+0	3.354744E-4	1.545462E-3	5.188512E-3
0.000000E+0	0.000000E+0	0.000000E+0	0.000000E+0	0.000000E+0	3.224015E-4	1.529948E-3	5.160759E-3
0.000000E+0	0.000000E+0	0.000000E+0	0.000000E+0	0.000000E+0	3.268953E-4	1.509943E-3	5.130556E-3
0.000000E+0	0.000000E+0	0.000000E+0	0.000000E+0	0.000000E+0	3.166821E-4	1.500961E-3	5.101171E-3
0.000000E+0	0.000000E+0	0.000000E+0	0.000000E+0	0.000000E+0	3.248527E-4	1.498511E-3	5.067295E-3
0.000000E+0	0.000000E+0	0.000000E+0	0.000000E+0	0.000000E+0	3.023835E-4	1.474832E-3	5.036277E-3
0.000000E+0	0.000000E+0	0.000000E+0	0.000000E+0	0.000000E+0	3.142309E-4	1.461767E-3	5.007707E-3
0.000000E+0	0.000000E+0	0.000000E+0	0.000000E+0	0.000000E+0	3.036091E-4	1.456868E-3	4.989749E-3
0.000000E+0	0.000000E+0	0.000000E+0	0.000000E+0	0.000000E+0	3.015665E-4	1.451561E-3	4.950160E-3
0.000000E+0	0.000000E+0	0.000000E+0	0.000000E+0	0.000000E+0	3.056518E-4	1.443804E-3	4.923631E-3
0.000000E+0	0.000000E+0	0.000000E+0	0.000000E+0	0.000000E+0	2.942129E-4	1.427065E-3	4.900367E-3
0.000000E+0	0.000000E+0	0.000000E+0	0.000000E+0	0.000000E+0	2.889021E-4	1.412776E-3	4.870165E-3
0.000000E+0	0.000000E+0	0.000000E+0	0.000000E+0	0.000000E+0	2.921703E-4	1.417675E-3	4.844861E-3
0.000000E+0	0.000000E+0	0.000000E+0	0.000000E+0	0.000000E+0	2.864509E-4	1.410734E-3	4.807720E-3
0.000000E+0	0.000000E+0	0.000000E+0	0.000000E+0	0.000000E+0	2.872679E-4	1.392362E-3	4.779150E-3
0.000000E+0	0.000000E+0	0.000000E+0	0.000000E+0	0.000000E+0	2.754206E-4	1.389096E-3	4.763233E-3
0.000000E+0	0.000000E+0	0.000000E+0	0.000000E+0	0.000000E+0	2.811400E-4	1.378073E-3	4.730174E-3
0.000000E+0	0.000000E+0	0.000000E+0	0.000000E+0	0.000000E+0	2.672500E-4	1.363376E-3	4.697115E-3
0.000000E+0	0.000000E+0	0.000000E+0	0.000000E+0	0.000000E+0	2.684756E-4	1.364600E-3	4.675892E-3
0.000000E+0	0.000000E+0	0.000000E+0	0.000000E+0	0.000000E+0	2.623476E-4	1.339696E-3	4.645690E-3
0.000000E+0	0.000000E+0	0.000000E+0	0.000000E+0	0.000000E+0	2.782803E-4	1.336838E-3	4.623242E-3
0.000000E+0	0.000000E+0	0.000000E+0	0.000000E+0	0.000000E+0	2.631647E-4	1.333981E-3	4.591816E-3
0.000000E+0	0.000000E+0	0.000000E+0	0.000000E+0	0.000000E+0	2.660244E-4	1.317242E-3	4.571001E-3
0.000000E+0	0.000000E+0	0.000000E+0	0.000000E+0	0.000000E+0	2.529514E-4	1.307443E-3	4.540798E-3
0.000000E+0	0.000000E+0	0.000000E+0	0.000000E+0	0.000000E+0	2.574453E-4	1.301319E-3	4.513045E-3
0.000000E+0	0.000000E+0	0.000000E+0	0.000000E+0	0.000000E+0	2.472320E-4	1.291929E-3	4.490598E-3
0.000000E+0	0.000000E+0	0.000000E+0	0.000000E+0	0.000000E+0	2.460064E-4	1.278865E-3	4.464885E-3
0.000000E+0	0.000000E+0	0.000000E+0	0.000000E+0	0.000000E+0	2.484576E-4	1.265800E-3	4.437132E-3
0.000000E+0	0.000000E+0	0.000000E+0	0.000000E+0	0.000000E+0	2.496832E-4	1.269883E-3	4.411827E-3
0.000000E+0	0.000000E+0	0.000000E+0	0.000000E+0	0.000000E+0	2.374273E-4	1.256002E-3	4.376319E-3
0.000000E+0	0.000000E+0	0.000000E+0	0.000000E+0	0.000000E+0	2.374273E-4	1.247837E-3	4.359177E-3
0.000000E+0	0.000000E+0	0.000000E+0	0.000000E+0	0.000000E+0	2.357932E-4	1.227832E-3	4.333873E-3
0.000000E+0	0.000000E+0	0.000000E+0	0.000000E+0	0.000000E+0	2.406956E-4	1.231914E-3	4.304487E-3
0.000000E+0	0.000000E+0	0.000000E+0	0.000000E+0	0.000000E+0	2.243544E-4	1.218442E-3	4.273060E-3
0.000000E+0	0.000000E+0	0.000000E+0	0.000000E+0	0.000000E+0	2.280311E-4	1.211501E-3	4.256327E-3
0.000000E+0	0.000000E+0	0.000000E+0	0.000000E+0	0.000000E+0	2.284397E-4	1.204152E-3	4.235104E-3
0.000000E+0	0.000000E+0	0.000000E+0	0.000000E+0	0.000000E+0	2.300738E-4	1.199661E-3	4.215105E-3
0.000000E+0	0.000000E+0	0.000000E+0	0.000000E+0	0.000000E+0	2.202691E-4	1.193129E-3	4.180413E-3
0.000000E+0	0.000000E+0	0.000000E+0	0.000000E+0	0.000000E+0	2.055620E-4	1.185372E-3	4.162047E-3
0.000000E+0	0.000000E+0	0.000000E+0	0.000000E+0	0.000000E+0	2.178179E-4	1.162918E-3	4.137559E-3
0.000000E+0	0.000000E+0	0.000000E+0	0.000000E+0	0.000000E+0	2.096473E-4	1.170675E-3	4.118785E-3
0.000000E+0	0.000000E+0	0.000000E+0	0.000000E+0	0.000000E+0	2.100558E-4	1.159651E-3	4.093480E-3
0.000000E+0	0.000000E+0	0.000000E+0	0.000000E+0	0.000000E+0	2.067876E-4	1.153936E-3	4.069808E-3
0.000000E+0	0.000000E+0	0.000000E+0	0.000000E+0	0.000000E+0	1.937146E-4	1.138013E-3	4.046544E-3
0.000000E+0	0.000000E+0	0.000000E+0	0.000000E+0	0.000000E+0	2.047449E-4	1.129440E-3	4.028994E-3
0.000000E+0	0.000000E+0	0.000000E+0	0.000000E+0	0.000000E+0	1.928976E-4	1.132298E-3	3.997568E-3
0.000000E+0	0.000000E+0	0.000000E+0	0.000000E+0	0.000000E+0	1.957573E-4	1.123316E-3	3.977161E-3
0.000000E+0	0.000000E+0	0.000000E+0	0.000000E+0	0.000000E+0	1.949402E-4	1.111476E-3	3.946143E-3
0.000000E+0	0.000000E+0	0.000000E+0	0.000000E+0	0.000000E+0	1.896293E-4	1.101678E-3	3.935123E-3
0.000000E+0	0.000000E+0	0.000000E+0	0.000000E+0	0.000000E+0	1.843185E-4	1.102494E-3	3.912675E-3
0.000000E+0	0.000000E+0	0.000000E+0	0.000000E+0	0.000000E+0	1.920805E-4	1.091880E-3	3.890636E-3
0.000000E+0	0.000000E+0	0.000000E+0	0.000000E+0	0.000000E+0	1.888123E-4	1.086980E-3	3.862883E-3
0.000000E+0	0.000000E+0	0.000000E+0	0.000000E+0	0.000000E+0	1.785990E-4	1.081673E-3	3.835946E-3
0.000000E+0	0.000000E+0	0.000000E+0	0.000000E+0	0.000000E+0	1.826843E-4	1.057585E-3	3.818804E-3
0.000000E+0	0.000000E+0	0.000000E+0	0.000000E+0	0.000000E+0	1.749223E-4	1.060443E-3	3.795948E-3
0.000000E+0	0.000000E+0	0.000000E+0	0.000000E+0	0.000000E+0	1.806417E-4	1.052686E-3	3.769011E-3
0.000000E+0	0.000000E+0	0.000000E+0	0.000000E+0	0.000000E+0	1.736967E-4	1.031048E-3	3.757175E-3
0.000000E+0	0.000000E+0	0.000000E+0	0.000000E+0	0.000000E+0	1.761479E-4	1.038397E-3	3.734728E-3
0.000000E+0	0.000000E+0	0.000000E+0	0.000000E+0	0.000000E+0	1.683858E-4	1.036355E-3	3.716770E-3
0.000000E+0	0.000000E+0	0.000000E+0	0.000000E+0	0.000000E+0	1.704285E-4	1.022474E-3	3.685343E-3
0.000000E+0	0.000000E+0	0.000000E+0	0.000000E+0	0.000000E+0	1.696114E-4	1.011043E-3	3.670650E-3
0.000000E+0	0.000000E+0	0.000000E+0	0.000000E+0	0.000000E+0	1.712455E-4	1.013901E-3	3.653917E-3
0.000000E+0	0.000000E+0	0.000000E+0	0.000000E+0	0.000000E+0	1.569470E-4	1.009818E-3	3.624939E-3
0.000000E+0	0.000000E+0	0.000000E+0	0.000000E+0	0.000000E+0	1.585811E-4	9.914464E-4	3.605348E-3
0.000000E+0	0.000000E+0	0.000000E+0	0.000000E+0	0.000000E+0	1.614408E-4	9.906298E-4	3.591472E-3
0.000000E+0	0.000000E+0	0.000000E+0	0.000000E+0	0.000000E+0	1.614408E-4	9.877720E-4	3.570657E-3
0.000000E+0	0.000000E+0	0.000000E+0	0.000000E+0	0.000000E+0	1.614408E-4	9.681753E-4	3.551882E-3
0.000000E+0	0.000000E+0	0.000000E+0	0.000000E+0	0.000000E+0	1.479593E-4	9.722579E-4	3.529027E-3
0.000000E+0	0.000000E+0	0.000000E+0	0.000000E+0	0.000000E+0	1.577640E-4	9.518447E-4	3.508212E-3
0.000000E+0	0.000000E+0	0.000000E+0	0.000000E+0	0.000000E+0	1.528617E-4	9.636844E-4	3.489437E-3
0.000000E+0	0.000000E+0	0.000000E+0	0.000000E+0	0.000000E+0	1.467337E-4	9.489868E-4	3.471479E-3
0.000000E+0	0.000000E+0	0.000000E+0	0.000000E+0	0.000000E+0	1.361120E-4	9.489868E-4	3.455154E-3
0.000000E+0	0.000000E+0	0.000000E+0	0.000000E+0	0.000000E+0	1.434655E-4	9.359224E-4	3.429441E-3
0.000000E+0	0.000000E+0	0.000000E+0	0.000000E+0	0.000000E+0	1.487764E-4	9.240827E-4	3.419238E-3
0.000000E+0	0.000000E+0	0.000000E+0	0.000000E+0	0.000000E+0	1.467337E-4	9.183670E-4	3.394749E-3
0.000000E+0	0.000000E+0	0.000000E+0	0.000000E+0	0.000000E+0	1.389717E-4	9.204083E-4	3.380873E-3
0.000000E+0	0.000000E+0	0.000000E+0	0.000000E+0	0.000000E+0	1.303925E-4	9.093852E-4	3.349038E-3
0.000000E+0	0.000000E+0	0.000000E+0	0.000000E+0	0.000000E+0	1.348864E-4	8.963207E-4	3.344549E-3
0.000000E+0	0.000000E+0	0.000000E+0	0.000000E+0	0.000000E+0	1.361120E-4	8.950959E-4	3.310673E-3
0.000000E+0	0.000000E+0	0.000000E+0	0.000000E+0	0.000000E+0	1.299840E-4	9.032612E-4	3.285777E-3
0.000000E+0	0.000000E+0	0.000000E+0	0.000000E+0	0.000000E+0	1.218134E-4	8.754992E-4	3.283328E-3
0.000000E+0	0.000000E+0	0.000000E+0	0.000000E+0	0.000000E+0	1.283499E-4	8.824397E-4	3.268635E-3
0.000000E+0	0.000000E+0	0.000000E+0	0.000000E+0	0.000000E+0	1.222220E-4	8.791736E-4	3.242922E-3
0.000000E+0	0.000000E+0	0.000000E+0	0.000000E+0	0.000000E+0	1.128258E-4	8.706000E-4	3.223332E-3
0.000000E+0	0.000000E+0	0.000000E+0	0.000000E+0	0.000000E+0	1.222220E-4	8.657008E-4	3.205782E-3
0.000000E+0	0.000000E+0	0.000000E+0	0.000000E+0	0.000000E+0	1.169111E-4	8.616182E-4	3.194762E-3
0.000000E+0	0.000000E+0	0.000000E+0	0.000000E+0	0.000000E+0	1.160940E-4	8.522281E-4	3.171090E-3
0.000000E+0	0.000000E+0	0.000000E+0	0.000000E+0	0.000000E+0	1.091490E-4	8.518198E-4	3.155173E-3
0.000000E+0	0.000000E+0	0.000000E+0	0.000000E+0	0.000000E+0	1.111917E-4	8.420215E-4	3.136807E-3
0.000000E+0	0.000000E+0	0.000000E+0	0.000000E+0	0.000000E+0	1.124172E-4	8.285487E-4	3.124971E-3
0.000000E+0	0.000000E+0	0.000000E+0	0.000000E+0	0.000000E+0	1.066978E-4	8.297735E-4	3.103340E-3
0.000000E+0	0.000000E+0	0.000000E+0	0.000000E+0	0.000000E+0	9.975282E-5	8.277322E-4	3.082525E-3
0.000000E+0	0.000000E+0	0.000000E+0	0.000000E+0	0.000000E+0	9.893576E-5	8.220165E-4	3.060077E-3
0.000000E+0	0.000000E+0	0.000000E+0	0.000000E+0	0.000000E+0	1.046552E-4	8.122181E-4	3.055588E-3
0.000000E+0	0.000000E+0	0.000000E+0	0.000000E+0	0.000000E+0	1.034296E-4	8.118099E-4	3.036813E-3
0.000000E+0	0.000000E+0	0.000000E+0	0.000000E+0	0.000000E+0	9.525899E-5	8.007867E-4	3.016406E-3
0.000000E+0	0.000000E+0	0.000000E+0	0.000000E+0	0.000000E+0	9.934429E-5	8.024198E-4	3.006611E-3
0.000000E+0	0.000000E+0	0.000000E+0	0.000000E+0	0.000000E+0	9.771017E-5	7.901718E-4	2.992734E-3
0.000000E+0	0.000000E+0	0.000000E+0	0.000000E+0	0.000000E+0	9.689311E-5	7.885388E-4	2.971103E-3
0.000000E+0	0.000000E+0	0.000000E+0	0.000000E+0	0.000000E+0	9.076517E-5	7.873140E-4	2.956818E-3
0.000000E+0	0.000000E+0	0.000000E+0	0.000000E+0	0.000000E+0	9.771017E-5	7.754743E-4	2.933963E-3
0.000000E+0	0.000000E+0	0.000000E+0	0.000000E+0	0.000000E+0	8.586281E-5	7.640429E-4	2.925800E-3
0.000000E+0	0.000000E+0	0.000000E+0	0.000000E+0	0.000000E+0	9.485046E-5	7.620016E-4	2.911515E-3
0.000000E+0	0.000000E+0	0.000000E+0	0.000000E+0	0.000000E+0	8.218604E-5	7.538363E-4	2.888659E-3
0.000000E+0	0.000000E+0	0.000000E+0	0.000000E+0	0.000000E+0	7.850928E-5	7.611850E-4	2.879680E-3
0.000000E+0	0.000000E+0	0.000000E+0	0.000000E+0	0.000000E+0	7.891781E-5	7.387305E-4	2.862947E-3
0.000000E+0	0.000000E+0	0.000000E+0	0.000000E+0	0.000000E+0	8.749693E-5	7.346478E-4	2.847846E-3
0.000000E+0	0.000000E+0	0.000000E+0	0.000000E+0	0.000000E+0	8.136898E-5	7.464875E-4	2.823358E-3
0.000000E+0	0.000000E+0	0.000000E+0	0.000000E+0	0.000000E+0	8.014339E-5	7.346478E-4	2.816419E-3
0.000000E+0	0.000000E+0	0.000000E+0	0.000000E+0	0.000000E+0	8.055192E-5	7.321982E-4	2.807440E-3
0.000000E+0	0.000000E+0	0.000000E+0	0.000000E+0	0.000000E+0	7.932634E-5	7.236247E-4	2.785809E-3
0.000000E+0	0.000000E+0	0.000000E+0	0.000000E+0	0.000000E+0	7.810075E-5	7.187255E-4	2.771524E-3
0.000000E+0	0.000000E+0	0.000000E+0	0.000000E+0	0.000000E+0	7.442398E-5	7.154594E-4	2.751117E-3
0.000000E+0	0.000000E+0	0.000000E+0	0.000000E+0	0.000000E+0	7.278986E-5	7.085189E-4	2.742138E-3
0.000000E+0	0.000000E+0	0.000000E+0	0.000000E+0	0.000000E+0	7.769222E-5	7.015784E-4	2.718466E-3
0.000000E+0	0.000000E+0	0.000000E+0	0.000000E+0	0.000000E+0	7.197280E-5	7.101519E-4	2.700916E-3
0.000000E+0	0.000000E+0	0.000000E+0	0.000000E+0	0.000000E+0	6.135103E-5	7.036197E-4	2.691937E-3
0.000000E+0	0.000000E+0	0.000000E+0	0.000000E+0	0.000000E+0	6.094250E-5	6.897387E-4	2.682958E-3
0.000000E+0	0.000000E+0	0.000000E+0	0.000000E+0	0.000000E+0	6.135103E-5	6.819817E-4	2.667041E-3
0.000000E+0	0.000000E+0	0.000000E+0	0.000000E+0	0.000000E+0	7.115574E-5	6.836147E-4	2.647859E-3
0.000000E+0	0.000000E+0	0.000000E+0	0.000000E+0	0.000000E+0	6.053397E-5	6.799404E-4	2.634390E-3
0.000000E+0	0.000000E+0	0.000000E+0	0.000000E+0	0.000000E+0	5.604014E-5	6.827982E-4	2.618881E-3
0.000000E+0	0.000000E+0	0.000000E+0	0.000000E+0	0.000000E+0	6.094250E-5	6.770825E-4	2.611126E-3
0.000000E+0	0.000000E+0	0.000000E+0	0.000000E+0	0.000000E+0	5.399750E-5	6.615684E-4	2.592760E-3
0.000000E+0	0.000000E+0	0.000000E+0	0.000000E+0	0.000000E+0	4.746102E-5	6.611602E-4	2.586230E-3
0.000000E+0	0.000000E+0	0.000000E+0	0.000000E+0	0.000000E+0	5.072926E-5	6.538114E-4	2.565415E-3
0.000000E+0	0.000000E+0	0.000000E+0	0.000000E+0	0.000000E+0	4.664396E-5	6.554445E-4	2.549498E-3
0.000000E+0	0.000000E+0	0.000000E+0	0.000000E+0	0.000000E+0	5.767426E-5	6.517701E-4	2.532356E-3
0.000000E+0	0.000000E+0	0.000000E+0	0.000000E+0	0.000000E+0	4.950367E-5	6.489122E-4	2.534396E-3
0.000000E+0	0.000000E+0	0.000000E+0	0.000000E+0	0.000000E+0	4.623543E-5	6.382973E-4	2.513990E-3
0.000000E+0	0.000000E+0	0.000000E+0	0.000000E+0	0.000000E+0	5.277191E-5	6.354395E-4	2.503378E-3
0.000000E+0	0.000000E+0	0.000000E+0	0.000000E+0	0.000000E+0	4.051602E-5	6.280907E-4	2.491134E-3
0.000000E+0	0.000000E+0	0.000000E+0	0.000000E+0	0.000000E+0	4.623543E-5	6.317651E-4	2.475217E-3
0.000000E+0	0.000000E+0	0.000000E+0	0.000000E+0	0.000000E+0	3.847337E-5	6.178841E-4	2.458891E-3
0.000000E+0	0.000000E+0	0.000000E+0	0.000000E+0	0.000000E+0	4.623543E-5	6.150263E-4	2.450728E-3
0.000000E+0	0.000000E+0	0.000000E+0	0.000000E+0	0.000000E+0	3.929043E-5	6.089023E-4	2.437668E-3
0.000000E+0	0.000000E+0	0.000000E+0	0.000000E+0	0.000000E+0	3.888190E-5	6.105353E-4	2.423791E-3
0.000000E+0	0.000000E+0	0.000000E+0	0.000000E+0	0.000000E+0	3.316248E-5	6.174758E-4	2.403384E-3
0.000000E+0	0.000000E+0	0.000000E+0	0.000000E+0	0.000000E+0	3.438807E-5	5.901221E-4	2.395630E-3
0.000000E+0	0.000000E+0	0.000000E+0	0.000000E+0	0.000000E+0	3.765631E-5	6.007370E-4	2.376856E-3
0.000000E+0	0.000000E+0	0.000000E+0	0.000000E+0	0.000000E+0	3.193689E-5	5.950213E-4	2.367060E-3
0.000000E+0	0.000000E+0	0.000000E+0	0.000000E+0	0.000000E+0	2.213218E-5	5.933882E-4	2.361755E-3
0.000000E+0	0.000000E+0	0.000000E+0	0.000000E+0	0.000000E+0	2.580895E-5	5.848147E-4	2.343796E-3
0.000000E+0	0.000000E+0	0.000000E+0	0.000000E+0	0.000000E+0	3.071130E-5	5.856312E-4	2.338491E-3
0.000000E+0	0.000000E+0	0.000000E+0	0.000000E+0	0.000000E+0	2.458336E-5	5.815485E-4	2.316451E-3
0.000000E+0	0.000000E+0	0.000000E+0	0.000000E+0	0.000000E+0	2.294924E-5	5.717502E-4	2.302575E-3
0.000000E+0	0.000000E+0	0.000000E+0	0.000000E+0	0.000000E+0	1.641277E-5	5.627684E-4	2.284208E-3
0.000000E+0	0.000000E+0	0.000000E+0	0.000000E+0	0.000000E+0	2.458336E-5	5.672593E-4	2.282168E-3
0.000000E+0	0.000000E+0	0.000000E+0	0.000000E+0	0.000000E+0	2.540042E-5	5.631766E-4	2.262985E-3
0.000000E+0	0.000000E+0	0.000000E+0	0.000000E+0	0.000000E+0	2.540042E-5	5.562361E-4	2.261761E-3
0.000000E+0	0.000000E+0	0.000000E+0	0.000000E+0	0.000000E+0	1.559571E-5	5.521535E-4	2.255639E-3
0.000000E+0	0.000000E+0	0.000000E+0	0.000000E+0	0.000000E+0	2.458336E-5	5.554196E-4	2.237681E-3
0.000000E+0	0.000000E+0	0.000000E+0	0.000000E+0	0.000000E+0	1.232747E-5	5.472543E-4	2.221763E-3
0.000000E+0	0.000000E+0	0.000000E+0	0.000000E+0	0.000000E+0	7.016583E-6	5.541948E-4	2.214417E-3
0.000000E+0	0.000000E+0	0.000000E+0	0.000000E+0	0.000000E+0	1.396159E-5	5.329650E-4	2.201765E-3
0.000000E+0	0.000000E+0	0.000000E+0	0.000000E+0	0.000000E+0	7.016583E-6	5.358229E-4	2.188296E-3
0.000000E+0	0.000000E+0	0.000000E+0	0.000000E+0	0.000000E+0	8.242172E-6	5.431717E-4	2.176868E-3
0.000000E+0	0.000000E+0	0.000000E+0	0.000000E+0	0.000000E+0	9.059231E-6	5.329650E-4	2.161767E-3
0.000000E+0	0.000000E+0	0.000000E+0	0.000000E+0	0.000000E+0	7.833642E-6	5.264328E-4	2.158094E-3
0.000000E+0	0.000000E+0	0.000000E+0	0.000000E+0	0.000000E+0	9.876290E-6	5.341898E-4	2.142177E-3
0.000000E+0	0.000000E+0	0.000000E+0	0.000000E+0	0.000000E+0	6.199523E-6	5.227584E-4	2.123811E-3
0.000000E+0	0.000000E+0	0.000000E+0	0.000000E+0	0.000000E+0	-1.971070E-6	5.211254E-4	2.119321E-3
0.000000E+0	0.000000E+0	0.000000E+0	0.000000E+0	0.000000E+0	-4.013719E-6	5.096939E-4	2.109934E-3
0.000000E+0	0.000000E+0	0.000000E+0	0.000000E+0	0.000000E+0	-1.014166E-5	5.133683E-4	2.096465E-3
0.000000E+0	0.000000E+0	0.000000E+0	0.000000E+0	0.000000E+0	6.608053E-6	5.064278E-4	2.077691E-3
0.000000E+0	0.000000E+0	0.000000E+0	0.000000E+0	0.000000E+0	-3.196659E-6	5.096939E-4	2.074018E-3
0.000000E+0	0.000000E+0	0.000000E+0	0.000000E+0	0.000000E+0	2.522756E-6	4.888724E-4	2.060957E-3
0.000000E+0	0.000000E+0	0.000000E+0	0.000000E+0	0.000000E+0	-7.690486E-6	4.958129E-4	2.056468E-3
0.000000E+0	0.000000E+0	0.000000E+0	0.000000E+0	0.000000E+0	-7.690486E-6	4.982625E-4	2.037694E-3
0.000000E+0	0.000000E+0	0.000000E+0	0.000000E+0	0.000000E+0	-9.324605E-6	4.876476E-4	2.034837E-3
0.000000E+0	0.000000E+0	0.000000E+0	0.000000E+0	0.000000E+0	-1.545255E-5	4.892807E-4	2.016879E-3
0.000000E+0	0.000000E+0	0.000000E+0	0.000000E+0	0.000000E+0	-1.095872E-5	4.860146E-4	2.009532E-3
0.000000E+0	0.000000E+0	0.000000E+0	0.000000E+0	0.000000E+0	-6.056367E-6	4.864229E-4	1.992799E-3
0.000000E+0	0.000000E+0	0.000000E+0	0.000000E+0	0.000000E+0	-6.464897E-6	4.798906E-4	1.996064E-3
0.000000E+0	0.000000E+0	0.000000E+0	0.000000E+0	0.000000E+0	-1.014166E-5	4.688675E-4	1.977698E-3
0.000000E+0	0.000000E+0	0.000000E+0	0.000000E+0	0.000000E+0	-9.733134E-6	4.692757E-4	1.975249E-3
0.000000E+0	0.000000E+0	0.000000E+0	0.000000E+0	0.000000E+0	-1.136725E-5	4.680509E-4	1.959739E-3
0.000000E+0	0.000000E+0	0.000000E+0	0.000000E+0	0.000000E+0	-1.381843E-5	4.684592E-4	1.946679E-3
0.000000E+0	0.000000E+0	0.000000E+0	0.000000E+0	0.000000E+0	-1.790373E-5	4.517204E-4	1.944230E-3
0.000000E+0	0.000000E+0	0.000000E+0	0.000000E+0	0.000000E+0	-1.626961E-5	4.562113E-4	1.931986E-3
0.000000E+0	0.000000E+0	0.000000E+0	0.000000E+0	0.000000E+0	-1.994638E-5	4.570278E-4	1.921783E-3
0.000000E+0	0.000000E+0	0.000000E+0	0.000000E+0	0.000000E+0	-3.179374E-5	4.566195E-4	1.907906E-3
0.000000E+0	0.000000E+0	0.000000E+0	0.000000E+0	0.000000E+0	-1.667814E-5	4.447798E-4	1.904641E-3
0.000000E+0	0.000000E+0	0.000000E+0	0.000000E+0	0.000000E+0	-2.934256E-5	4.435551E-4	1.900968E-3
0.000000E+0	0.000000E+0	0.000000E+0	0.000000E+0	0.000000E+0	-1.300137E-5	4.451881E-4	1.878112E-3
0.000000E+0	0.000000E+0	0.000000E+0	0.000000E+0	0.000000E+0	-2.076344E-5	4.435551E-4	1.867909E-3
0.000000E+0	0.000000E+0	0.000000E+0	0.000000E+0	0.000000E+0	-2.607432E-5	4.362063E-4	1.860970E-3
0.000000E+0	0.000000E+0	0.000000E+0	0.000000E+0	0.000000E+0	-2.811697E-5	4.292658E-4	1.853216E-3
0.000000E+0	0.000000E+0	0.000000E+0	0.000000E+0	0.000000E+0	-1.708667E-5	4.284493E-4	1.843012E-3
0.000000E+0	0.000000E+0	0.000000E+0	0.000000E+0	0.000000E+0	-2.689138E-5	4.235501E-4	1.837298E-3
0.000000E+0	0.000000E+0	0.000000E+0	0.000000E+0	0.000000E+0	-3.669609E-5	4.206922E-4	1.823830E-3
0.000000E+0	0.000000E+0	0.000000E+0	0.000000E+0	0.000000E+0	-2.852550E-5	4.145683E-4	1.820157E-3
0.000000E+0	0.000000E+0	0.000000E+0	0.000000E+0	0.000000E+0	-2.321461E-5	4.227336E-4	1.802199E-3
0.000000E+0	0.000000E+0	0.000000E+0	0.000000E+0	0.000000E+0	-2.607432E-5	4.170178E-4	1.791587E-3
0.000000E+0	0.000000E+0	0.000000E+0	0.000000E+0	0.000000E+0	-3.261080E-5	4.153848E-4	1.786689E-3
0.000000E+0	0.000000E+0	0.000000E+0	0.000000E+0	0.000000E+0	-3.955580E-5	4.051782E-4	1.767915E-3
0.000000E+0	0.000000E+0	0.000000E+0	0.000000E+0	0.000000E+0	-3.015962E-5	4.125269E-4	1.770772E-3
0.000000E+0	0.000000E+0	0.000000E+0	0.000000E+0	0.000000E+0	-4.282404E-5	4.035451E-4	1.756487E-3
0.000000E+0	0.000000E+0	0.000000E+0	0.000000E+0	0.000000E+0	-3.873874E-5	4.015038E-4	1.751590E-3
0.000000E+0	0.000000E+0	0.000000E+0	0.000000E+0	0.000000E+0	-2.729991E-5	3.872145E-4	1.738529E-3
0.000000E+0	0.000000E+0	0.000000E+0	0.000000E+0	0.000000E+0	-4.118992E-5	3.986459E-4	1.725877E-3
0.000000E+0	0.000000E+0	0.000000E+0	0.000000E+0	0.000000E+0	-4.159845E-5	3.949715E-4	1.717306E-3
0.000000E+0	0.000000E+0	0.000000E+0	0.000000E+0	0.000000E+0	-4.241551E-5	3.994625E-4	1.710776E-3
0.000000E+0	0.000000E+0	0.000000E+0	0.000000E+0	0.000000E+0	-4.772639E-5	3.859897E-4	1.707511E-3
0.000000E+0	0.000000E+0	0.000000E+0	0.000000E+0	0.000000E+0	-4.200698E-5	3.892558E-4	1.700572E-3
0.000000E+0	0.000000E+0	0.000000E+0	0.000000E+0	0.000000E+0	-4.936051E-5	3.839484E-4	1.688328E-3
0.000000E+0	0.000000E+0	0.000000E+0	0.000000E+0	0.000000E+0	-4.976904E-5	3.802740E-4	1.686288E-3
0.000000E+0	0.000000E+0	0.000000E+0	0.000000E+0	0.000000E+0	-4.690933E-5	3.765996E-4	1.671595E-3
0.000000E+0	0.000000E+0	0.000000E+0	0.000000E+0	0.000000E+0	-4.976904E-5	3.704757E-4	1.662208E-3
0.000000E+0	0.000000E+0	0.000000E+0	0.000000E+0	0.000000E+0	-5.303728E-5	3.778244E-4	1.646698E-3
0.000000E+0	0.000000E+0	0.000000E+0	0.000000E+0	0.000000E+0	-4.772639E-5	3.627186E-4	1.638944E-3
