This is a C(T) experiment being done in Physics 3600.
It records the decay response of an RC circuit where the capacitance is a strong function of temperature.

11/19/2020
1:56 PM

waveform params		num meas		Index		Time (S)		Temp (C)		Capacitance (F)		Normalized Waveforms

<data below>
1.000000E+2	3.000000E+0	0.000000E+0	3.500000E+1	1.404401E-8	1.000000E+0	1.000000E+0	1.000000E+0
1.000000E+3	0.000000E+0	1.000000E+0	4.000000E+1	1.120998E-8	9.886789E-1	9.908077E-1	9.926161E-1
1.000000E+5	0.000000E+0	2.000000E+0	4.500000E+1	9.045918E-9	9.775161E-1	9.817428E-1	9.853016E-1
0.000000E+0	0.000000E+0	0.000000E+0	0.000000E+0	0.000000E+0	9.664918E-1	9.727580E-1	9.780683E-1
0.000000E+0	0.000000E+0	0.000000E+0	0.000000E+0	0.000000E+0	9.556053E-1	9.638798E-1	9.708902E-1
0.000000E+0	0.000000E+0	0.000000E+0	0.000000E+0	0.000000E+0	9.448444E-1	9.550906E-1	9.637856E-1
0.000000E+0	0.000000E+0	0.000000E+0	0.000000E+0	0.000000E+0	9.342355E-1	9.464044E-1	9.567276E-1
0.000000E+0	0.000000E+0	0.000000E+0	0.000000E+0	0.000000E+0	9.237619E-1	9.377766E-1	9.497423E-1
0.000000E+0	0.000000E+0	0.000000E+0	0.000000E+0	0.000000E+0	9.133934E-1	9.292534E-1	9.428063E-1
0.000000E+0	0.000000E+0	0.000000E+0	0.000000E+0	0.000000E+0	9.031586E-1	9.208147E-1	9.359194E-1
0.000000E+0	0.000000E+0	0.000000E+0	0.000000E+0	0.000000E+0	8.930562E-1	9.124553E-1	9.291011E-1
0.000000E+0	0.000000E+0	0.000000E+0	0.000000E+0	0.000000E+0	8.830749E-1	9.041911E-1	9.223342E-1
0.000000E+0	0.000000E+0	0.000000E+0	0.000000E+0	0.000000E+0	8.732178E-1	8.959951E-1	9.156274E-1
0.000000E+0	0.000000E+0	0.000000E+0	0.000000E+0	0.000000E+0	8.634470E-1	8.878811E-1	9.089736E-1
0.000000E+0	0.000000E+0	0.000000E+0	0.000000E+0	0.000000E+0	8.538275E-1	8.798477E-1	9.023648E-1
0.000000E+0	0.000000E+0	0.000000E+0	0.000000E+0	0.000000E+0	8.443159E-1	8.719013E-1	8.958168E-1
0.000000E+0	0.000000E+0	0.000000E+0	0.000000E+0	0.000000E+0	8.349232E-1	8.640325E-1	8.893122E-1
0.000000E+0	0.000000E+0	0.000000E+0	0.000000E+0	0.000000E+0	8.256201E-1	8.562258E-1	8.828798E-1
0.000000E+0	0.000000E+0	0.000000E+0	0.000000E+0	0.000000E+0	8.164515E-1	8.485081E-1	8.764702E-1
0.000000E+0	0.000000E+0	0.000000E+0	0.000000E+0	0.000000E+0	8.073822E-1	8.408713E-1	8.701326E-1
0.000000E+0	0.000000E+0	0.000000E+0	0.000000E+0	0.000000E+0	7.984152E-1	8.332897E-1	8.638378E-1
0.000000E+0	0.000000E+0	0.000000E+0	0.000000E+0	0.000000E+0	7.895442E-1	8.257897E-1	8.576010E-1
0.000000E+0	0.000000E+0	0.000000E+0	0.000000E+0	0.000000E+0	7.807959E-1	8.183670E-1	8.513981E-1
0.000000E+0	0.000000E+0	0.000000E+0	0.000000E+0	0.000000E+0	7.721456E-1	8.110010E-1	8.452593E-1
0.000000E+0	0.000000E+0	0.000000E+0	0.000000E+0	0.000000E+0	7.635988E-1	8.037184E-1	8.391528E-1
0.000000E+0	0.000000E+0	0.000000E+0	0.000000E+0	0.000000E+0	7.551412E-1	7.965101E-1	8.330973E-1
0.000000E+0	0.000000E+0	0.000000E+0	0.000000E+0	0.000000E+0	7.467894E-1	7.893582E-1	8.270859E-1
0.000000E+0	0.000000E+0	0.000000E+0	0.000000E+0	0.000000E+0	7.385516E-1	7.822871E-1	8.211452E-1
0.000000E+0	0.000000E+0	0.000000E+0	0.000000E+0	0.000000E+0	7.303867E-1	7.752847E-1	8.152286E-1
0.000000E+0	0.000000E+0	0.000000E+0	0.000000E+0	0.000000E+0	7.223084E-1	7.683305E-1	8.093646E-1
0.000000E+0	0.000000E+0	0.000000E+0	0.000000E+0	0.000000E+0	7.143495E-1	7.614593E-1	8.035517E-1
0.000000E+0	0.000000E+0	0.000000E+0	0.000000E+0	0.000000E+0	7.064727E-1	7.546480E-1	7.977837E-1
0.000000E+0	0.000000E+0	0.000000E+0	0.000000E+0	0.000000E+0	6.986900E-1	7.479062E-1	7.920501E-1
0.000000E+0	0.000000E+0	0.000000E+0	0.000000E+0	0.000000E+0	6.909956E-1	7.412171E-1	7.863662E-1
0.000000E+0	0.000000E+0	0.000000E+0	0.000000E+0	0.000000E+0	6.833796E-1	7.346056E-1	7.807269E-1
0.000000E+0	0.000000E+0	0.000000E+0	0.000000E+0	0.000000E+0	6.758577E-1	7.280411E-1	7.751402E-1
0.000000E+0	0.000000E+0	0.000000E+0	0.000000E+0	0.000000E+0	6.684250E-1	7.215407E-1	7.695788E-1
0.000000E+0	0.000000E+0	0.000000E+0	0.000000E+0	0.000000E+0	6.610703E-1	7.151045E-1	7.640661E-1
0.000000E+0	0.000000E+0	0.000000E+0	0.000000E+0	0.000000E+0	6.538076E-1	7.087365E-1	7.585958E-1
0.000000E+0	0.000000E+0	0.000000E+0	0.000000E+0	0.000000E+0	6.466340E-1	7.024277E-1	7.531659E-1
0.000000E+0	0.000000E+0	0.000000E+0	0.000000E+0	0.000000E+0	6.395262E-1	6.961691E-1	7.477826E-1
0.000000E+0	0.000000E+0	0.000000E+0	0.000000E+0	0.000000E+0	6.325116E-1	6.899669E-1	7.424455E-1
0.000000E+0	0.000000E+0	0.000000E+0	0.000000E+0	0.000000E+0	6.255653E-1	6.838301E-1	7.371492E-1
0.000000E+0	0.000000E+0	0.000000E+0	0.000000E+0	0.000000E+0	6.187065E-1	6.777566E-1	7.318806E-1
0.000000E+0	0.000000E+0	0.000000E+0	0.000000E+0	0.000000E+0	6.119323E-1	6.717235E-1	7.266476E-1
0.000000E+0	0.000000E+0	0.000000E+0	0.000000E+0	0.000000E+0	6.052178E-1	6.657541E-1	7.214660E-1
0.000000E+0	0.000000E+0	0.000000E+0	0.000000E+0	0.000000E+0	5.985883E-1	6.598436E-1	7.163175E-1
0.000000E+0	0.000000E+0	0.000000E+0	0.000000E+0	0.000000E+0	5.920284E-1	6.539890E-1	7.112168E-1
0.000000E+0	0.000000E+0	0.000000E+0	0.000000E+0	0.000000E+0	5.855563E-1	6.481880E-1	7.061488E-1
0.000000E+0	0.000000E+0	0.000000E+0	0.000000E+0	0.000000E+0	5.791353E-1	6.424372E-1	7.011253E-1
0.000000E+0	0.000000E+0	0.000000E+0	0.000000E+0	0.000000E+0	5.728129E-1	6.367325E-1	6.961397E-1
0.000000E+0	0.000000E+0	0.000000E+0	0.000000E+0	0.000000E+0	5.665456E-1	6.310879E-1	6.911856E-1
0.000000E+0	0.000000E+0	0.000000E+0	0.000000E+0	0.000000E+0	5.603535E-1	6.254956E-1	6.862548E-1
0.000000E+0	0.000000E+0	0.000000E+0	0.000000E+0	0.000000E+0	5.542224E-1	6.199584E-1	6.813880E-1
0.000000E+0	0.000000E+0	0.000000E+0	0.000000E+0	0.000000E+0	5.481608E-1	6.144702E-1	6.765356E-1
0.000000E+0	0.000000E+0	0.000000E+0	0.000000E+0	0.000000E+0	5.421825E-1	6.090302E-1	6.717387E-1
0.000000E+0	0.000000E+0	0.000000E+0	0.000000E+0	0.000000E+0	5.362685E-1	6.036413E-1	6.669651E-1
0.000000E+0	0.000000E+0	0.000000E+0	0.000000E+0	0.000000E+0	5.304084E-1	5.982990E-1	6.622364E-1
0.000000E+0	0.000000E+0	0.000000E+0	0.000000E+0	0.000000E+0	5.246186E-1	5.930073E-1	6.575400E-1
0.000000E+0	0.000000E+0	0.000000E+0	0.000000E+0	0.000000E+0	5.188873E-1	5.877573E-1	6.528828E-1
0.000000E+0	0.000000E+0	0.000000E+0	0.000000E+0	0.000000E+0	5.132438E-1	5.825587E-1	6.482455E-1
0.000000E+0	0.000000E+0	0.000000E+0	0.000000E+0	0.000000E+0	5.076445E-1	5.774145E-1	6.436455E-1
0.000000E+0	0.000000E+0	0.000000E+0	0.000000E+0	0.000000E+0	5.021017E-1	5.723152E-1	6.390854E-1
0.000000E+0	0.000000E+0	0.000000E+0	0.000000E+0	0.000000E+0	4.966308E-1	5.672723E-1	6.345568E-1
0.000000E+0	0.000000E+0	0.000000E+0	0.000000E+0	0.000000E+0	4.912273E-1	5.622641E-1	6.300727E-1
0.000000E+0	0.000000E+0	0.000000E+0	0.000000E+0	0.000000E+0	4.858766E-1	5.572849E-1	6.256123E-1
0.000000E+0	0.000000E+0	0.000000E+0	0.000000E+0	0.000000E+0	4.805708E-1	5.523788E-1	6.211826E-1
0.000000E+0	0.000000E+0	0.000000E+0	0.000000E+0	0.000000E+0	4.753366E-1	5.475029E-1	6.167928E-1
0.000000E+0	0.000000E+0	0.000000E+0	0.000000E+0	0.000000E+0	4.701653E-1	5.426769E-1	6.124267E-1
0.000000E+0	0.000000E+0	0.000000E+0	0.000000E+0	0.000000E+0	4.650472E-1	5.378946E-1	6.081068E-1
0.000000E+0	0.000000E+0	0.000000E+0	0.000000E+0	0.000000E+0	4.599789E-1	5.331588E-1	6.038004E-1
0.000000E+0	0.000000E+0	0.000000E+0	0.000000E+0	0.000000E+0	4.549798E-1	5.284582E-1	5.995348E-1
0.000000E+0	0.000000E+0	0.000000E+0	0.000000E+0	0.000000E+0	4.500395E-1	5.238078E-1	5.952965E-1
0.000000E+0	0.000000E+0	0.000000E+0	0.000000E+0	0.000000E+0	4.451446E-1	5.191872E-1	5.911003E-1
0.000000E+0	0.000000E+0	0.000000E+0	0.000000E+0	0.000000E+0	4.403081E-1	5.146173E-1	5.869233E-1
0.000000E+0	0.000000E+0	0.000000E+0	0.000000E+0	0.000000E+0	4.355093E-1	5.100870E-1	5.827859E-1
0.000000E+0	0.000000E+0	0.000000E+0	0.000000E+0	0.000000E+0	4.307775E-1	5.056049E-1	5.786734E-1
0.000000E+0	0.000000E+0	0.000000E+0	0.000000E+0	0.000000E+0	4.260931E-1	5.011535E-1	5.745891E-1
0.000000E+0	0.000000E+0	0.000000E+0	0.000000E+0	0.000000E+0	4.214643E-1	4.967408E-1	5.705436E-1
0.000000E+0	0.000000E+0	0.000000E+0	0.000000E+0	0.000000E+0	4.168809E-1	4.923715E-1	5.665251E-1
0.000000E+0	0.000000E+0	0.000000E+0	0.000000E+0	0.000000E+0	4.123616E-1	4.880507E-1	5.625253E-1
0.000000E+0	0.000000E+0	0.000000E+0	0.000000E+0	0.000000E+0	4.078784E-1	4.837582E-1	5.585566E-1
0.000000E+0	0.000000E+0	0.000000E+0	0.000000E+0	0.000000E+0	4.034560E-1	4.795097E-1	5.546258E-1
0.000000E+0	0.000000E+0	0.000000E+0	0.000000E+0	0.000000E+0	3.990705E-1	4.752813E-1	5.507220E-1
0.000000E+0	0.000000E+0	0.000000E+0	0.000000E+0	0.000000E+0	3.947385E-1	4.711084E-1	5.468451E-1
0.000000E+0	0.000000E+0	0.000000E+0	0.000000E+0	0.000000E+0	3.904494E-1	4.669670E-1	5.430108E-1
0.000000E+0	0.000000E+0	0.000000E+0	0.000000E+0	0.000000E+0	3.862057E-1	4.628672E-1	5.391776E-1
0.000000E+0	0.000000E+0	0.000000E+0	0.000000E+0	0.000000E+0	3.820238E-1	4.588058E-1	5.353906E-1
0.000000E+0	0.000000E+0	0.000000E+0	0.000000E+0	0.000000E+0	3.778810E-1	4.547845E-1	5.316199E-1
0.000000E+0	0.000000E+0	0.000000E+0	0.000000E+0	0.000000E+0	3.737902E-1	4.507832E-1	5.278884E-1
0.000000E+0	0.000000E+0	0.000000E+0	0.000000E+0	0.000000E+0	3.697378E-1	4.468386E-1	5.241794E-1
0.000000E+0	0.000000E+0	0.000000E+0	0.000000E+0	0.000000E+0	3.657145E-1	4.429206E-1	5.204940E-1
0.000000E+0	0.000000E+0	0.000000E+0	0.000000E+0	0.000000E+0	3.617594E-1	4.390320E-1	5.168271E-1
0.000000E+0	0.000000E+0	0.000000E+0	0.000000E+0	0.000000E+0	3.578395E-1	4.351737E-1	5.131907E-1
0.000000E+0	0.000000E+0	0.000000E+0	0.000000E+0	0.000000E+0	3.539510E-1	4.313582E-1	5.096095E-1
0.000000E+0	0.000000E+0	0.000000E+0	0.000000E+0	0.000000E+0	3.501186E-1	4.275738E-1	5.060283E-1
0.000000E+0	0.000000E+0	0.000000E+0	0.000000E+0	0.000000E+0	3.463229E-1	4.238220E-1	5.024679E-1
0.000000E+0	0.000000E+0	0.000000E+0	0.000000E+0	0.000000E+0	3.425649E-1	4.201079E-1	4.989492E-1
0.000000E+0	0.000000E+0	0.000000E+0	0.000000E+0	0.000000E+0	3.388608E-1	4.164419E-1	4.954472E-1
0.000000E+0	0.000000E+0	0.000000E+0	0.000000E+0	0.000000E+0	3.351861E-1	4.127821E-1	4.919652E-1
0.000000E+0	0.000000E+0	0.000000E+0	0.000000E+0	0.000000E+0	3.315707E-1	4.091708E-1	4.885204E-1
0.000000E+0	0.000000E+0	0.000000E+0	0.000000E+0	0.000000E+0	3.279791E-1	4.055849E-1	4.850936E-1
0.000000E+0	0.000000E+0	0.000000E+0	0.000000E+0	0.000000E+0	3.244332E-1	4.020427E-1	4.816871E-1
0.000000E+0	0.000000E+0	0.000000E+0	0.000000E+0	0.000000E+0	3.209163E-1	3.985042E-1	4.783126E-1
0.000000E+0	0.000000E+0	0.000000E+0	0.000000E+0	0.000000E+0	3.174481E-1	3.950282E-1	4.749478E-1
0.000000E+0	0.000000E+0	0.000000E+0	0.000000E+0	0.000000E+0	3.140081E-1	3.915599E-1	4.716148E-1
0.000000E+0	0.000000E+0	0.000000E+0	0.000000E+0	0.000000E+0	3.106057E-1	3.881361E-1	4.683130E-1
0.000000E+0	0.000000E+0	0.000000E+0	0.000000E+0	0.000000E+0	3.072324E-1	3.847328E-1	4.650417E-1
0.000000E+0	0.000000E+0	0.000000E+0	0.000000E+0	0.000000E+0	3.039232E-1	3.813716E-1	4.617847E-1
0.000000E+0	0.000000E+0	0.000000E+0	0.000000E+0	0.000000E+0	3.006385E-1	3.780340E-1	4.585616E-1
0.000000E+0	0.000000E+0	0.000000E+0	0.000000E+0	0.000000E+0	2.973825E-1	3.747271E-1	4.553467E-1
0.000000E+0	0.000000E+0	0.000000E+0	0.000000E+0	0.000000E+0	2.941628E-1	3.714598E-1	4.521694E-1
0.000000E+0	0.000000E+0	0.000000E+0	0.000000E+0	0.000000E+0	2.909987E-1	3.682031E-1	4.489957E-1
0.000000E+0	0.000000E+0	0.000000E+0	0.000000E+0	0.000000E+0	2.878428E-1	3.649848E-1	4.458535E-1
0.000000E+0	0.000000E+0	0.000000E+0	0.000000E+0	0.000000E+0	2.847389E-1	3.618016E-1	4.427447E-1
0.000000E+0	0.000000E+0	0.000000E+0	0.000000E+0	0.000000E+0	2.816611E-1	3.586295E-1	4.396441E-1
0.000000E+0	0.000000E+0	0.000000E+0	0.000000E+0	0.000000E+0	2.786188E-1	3.555023E-1	4.365636E-1
0.000000E+0	0.000000E+0	0.000000E+0	0.000000E+0	0.000000E+0	2.756007E-1	3.523886E-1	4.335075E-1
0.000000E+0	0.000000E+0	0.000000E+0	0.000000E+0	0.000000E+0	2.726288E-1	3.493055E-1	4.304727E-1
0.000000E+0	0.000000E+0	0.000000E+0	0.000000E+0	0.000000E+0	2.696859E-1	3.462559E-1	4.274693E-1
0.000000E+0	0.000000E+0	0.000000E+0	0.000000E+0	0.000000E+0	2.667687E-1	3.432312E-1	4.244806E-1
0.000000E+0	0.000000E+0	0.000000E+0	0.000000E+0	0.000000E+0	2.638818E-1	3.402368E-1	4.215189E-1
0.000000E+0	0.000000E+0	0.000000E+0	0.000000E+0	0.000000E+0	2.610399E-1	3.372619E-1	4.185710E-1
0.000000E+0	0.000000E+0	0.000000E+0	0.000000E+0	0.000000E+0	2.582143E-1	3.343194E-1	4.156481E-1
0.000000E+0	0.000000E+0	0.000000E+0	0.000000E+0	0.000000E+0	2.554345E-1	3.314025E-1	4.127496E-1
0.000000E+0	0.000000E+0	0.000000E+0	0.000000E+0	0.000000E+0	2.526747E-1	3.285041E-1	4.098704E-1
0.000000E+0	0.000000E+0	0.000000E+0	0.000000E+0	0.000000E+0	2.499485E-1	3.256465E-1	4.070058E-1
0.000000E+0	0.000000E+0	0.000000E+0	0.000000E+0	0.000000E+0	2.472496E-1	3.228003E-1	4.041715E-1
0.000000E+0	0.000000E+0	0.000000E+0	0.000000E+0	0.000000E+0	2.445871E-1	3.199941E-1	4.013421E-1
0.000000E+0	0.000000E+0	0.000000E+0	0.000000E+0	0.000000E+0	2.419504E-1	3.171905E-1	3.985445E-1
0.000000E+0	0.000000E+0	0.000000E+0	0.000000E+0	0.000000E+0	2.393423E-1	3.144219E-1	3.957628E-1
0.000000E+0	0.000000E+0	0.000000E+0	0.000000E+0	0.000000E+0	2.367616E-1	3.116770E-1	3.929914E-1
0.000000E+0	0.000000E+0	0.000000E+0	0.000000E+0	0.000000E+0	2.342103E-1	3.089558E-1	3.902485E-1
0.000000E+0	0.000000E+0	0.000000E+0	0.000000E+0	0.000000E+0	2.316819E-1	3.062722E-1	3.875261E-1
0.000000E+0	0.000000E+0	0.000000E+0	0.000000E+0	0.000000E+0	2.291748E-1	3.035964E-1	3.848273E-1
0.000000E+0	0.000000E+0	0.000000E+0	0.000000E+0	0.000000E+0	2.267180E-1	3.009475E-1	3.821481E-1
0.000000E+0	0.000000E+0	0.000000E+0	0.000000E+0	0.000000E+0	2.242672E-1	2.983284E-1	3.794800E-1
0.000000E+0	0.000000E+0	0.000000E+0	0.000000E+0	0.000000E+0	2.218480E-1	2.957326E-1	3.768298E-1
0.000000E+0	0.000000E+0	0.000000E+0	0.000000E+0	0.000000E+0	2.194651E-1	2.931511E-1	3.742103E-1
0.000000E+0	0.000000E+0	0.000000E+0	0.000000E+0	0.000000E+0	2.171007E-1	2.905999E-1	3.716124E-1
0.000000E+0	0.000000E+0	0.000000E+0	0.000000E+0	0.000000E+0	2.147612E-1	2.880658E-1	3.690194E-1
0.000000E+0	0.000000E+0	0.000000E+0	0.000000E+0	0.000000E+0	2.124359E-1	2.855603E-1	3.664391E-1
0.000000E+0	0.000000E+0	0.000000E+0	0.000000E+0	0.000000E+0	2.101647E-1	2.830715E-1	3.638963E-1
0.000000E+0	0.000000E+0	0.000000E+0	0.000000E+0	0.000000E+0	2.078967E-1	2.806097E-1	3.613572E-1
0.000000E+0	0.000000E+0	0.000000E+0	0.000000E+0	0.000000E+0	2.056606E-1	2.781597E-1	3.588418E-1
0.000000E+0	0.000000E+0	0.000000E+0	0.000000E+0	0.000000E+0	2.034552E-1	2.757384E-1	3.563431E-1
0.000000E+0	0.000000E+0	0.000000E+0	0.000000E+0	0.000000E+0	2.012530E-1	2.733386E-1	3.538620E-1
0.000000E+0	0.000000E+0	0.000000E+0	0.000000E+0	0.000000E+0	1.990941E-1	2.709622E-1	3.513923E-1
0.000000E+0	0.000000E+0	0.000000E+0	0.000000E+0	0.000000E+0	1.969492E-1	2.685976E-1	3.489447E-1
0.000000E+0	0.000000E+0	0.000000E+0	0.000000E+0	0.000000E+0	1.948267E-1	2.662604E-1	3.465195E-1
0.000000E+0	0.000000E+0	0.000000E+0	0.000000E+0	0.000000E+0	1.927370E-1	2.639521E-1	3.441128E-1
0.000000E+0	0.000000E+0	0.000000E+0	0.000000E+0	0.000000E+0	1.906571E-1	2.616480E-1	3.417199E-1
0.000000E+0	0.000000E+0	0.000000E+0	0.000000E+0	0.000000E+0	1.886102E-1	2.593749E-1	3.393343E-1
0.000000E+0	0.000000E+0	0.000000E+0	0.000000E+0	0.000000E+0	1.865822E-1	2.571104E-1	3.369826E-1
0.000000E+0	0.000000E+0	0.000000E+0	0.000000E+0	0.000000E+0	1.845803E-1	2.548798E-1	3.346400E-1
0.000000E+0	0.000000E+0	0.000000E+0	0.000000E+0	0.000000E+0	1.825875E-1	2.526553E-1	3.323136E-1
0.000000E+0	0.000000E+0	0.000000E+0	0.000000E+0	0.000000E+0	1.806212E-1	2.504708E-1	3.300032E-1
0.000000E+0	0.000000E+0	0.000000E+0	0.000000E+0	0.000000E+0	1.786815E-1	2.482851E-1	3.277189E-1
0.000000E+0	0.000000E+0	0.000000E+0	0.000000E+0	0.000000E+0	1.767663E-1	2.461338E-1	3.254318E-1
0.000000E+0	0.000000E+0	0.000000E+0	0.000000E+0	0.000000E+0	1.748695E-1	2.439942E-1	3.231736E-1
0.000000E+0	0.000000E+0	0.000000E+0	0.000000E+0	0.000000E+0	1.729972E-1	2.418731E-1	3.209204E-1
0.000000E+0	0.000000E+0	0.000000E+0	0.000000E+0	0.000000E+0	1.711269E-1	2.397670E-1	3.186900E-1
0.000000E+0	0.000000E+0	0.000000E+0	0.000000E+0	0.000000E+0	1.692911E-1	2.376953E-1	3.164743E-1
0.000000E+0	0.000000E+0	0.000000E+0	0.000000E+0	0.000000E+0	1.674772E-1	2.356154E-1	3.142762E-1
0.000000E+0	0.000000E+0	0.000000E+0	0.000000E+0	0.000000E+0	1.656806E-1	2.335776E-1	3.121001E-1
0.000000E+0	0.000000E+0	0.000000E+0	0.000000E+0	0.000000E+0	1.638876E-1	2.315394E-1	3.099212E-1
0.000000E+0	0.000000E+0	0.000000E+0	0.000000E+0	0.000000E+0	1.621380E-1	2.295363E-1	3.077716E-1
0.000000E+0	0.000000E+0	0.000000E+0	0.000000E+0	0.000000E+0	1.604043E-1	2.275352E-1	3.056327E-1
0.000000E+0	0.000000E+0	0.000000E+0	0.000000E+0	0.000000E+0	1.586788E-1	2.255636E-1	3.035134E-1
0.000000E+0	0.000000E+0	0.000000E+0	0.000000E+0	0.000000E+0	1.569700E-1	2.236078E-1	3.014043E-1
0.000000E+0	0.000000E+0	0.000000E+0	0.000000E+0	0.000000E+0	1.552936E-1	2.216664E-1	2.993172E-1
0.000000E+0	0.000000E+0	0.000000E+0	0.000000E+0	0.000000E+0	1.536363E-1	2.197381E-1	2.972453E-1
0.000000E+0	0.000000E+0	0.000000E+0	0.000000E+0	0.000000E+0	1.519750E-1	2.178399E-1	2.951799E-1
0.000000E+0	0.000000E+0	0.000000E+0	0.000000E+0	0.000000E+0	1.503390E-1	2.159430E-1	2.931382E-1
0.000000E+0	0.000000E+0	0.000000E+0	0.000000E+0	0.000000E+0	1.487361E-1	2.140706E-1	2.910968E-1
0.000000E+0	0.000000E+0	0.000000E+0	0.000000E+0	0.000000E+0	1.471447E-1	2.122117E-1	2.890800E-1
0.000000E+0	0.000000E+0	0.000000E+0	0.000000E+0	0.000000E+0	1.455667E-1	2.103793E-1	2.870763E-1
0.000000E+0	0.000000E+0	0.000000E+0	0.000000E+0	0.000000E+0	1.439917E-1	2.085466E-1	2.850909E-1
0.000000E+0	0.000000E+0	0.000000E+0	0.000000E+0	0.000000E+0	1.424591E-1	2.067457E-1	2.831076E-1
0.000000E+0	0.000000E+0	0.000000E+0	0.000000E+0	0.000000E+0	1.409343E-1	2.049558E-1	2.811442E-1
0.000000E+0	0.000000E+0	0.000000E+0	0.000000E+0	0.000000E+0	1.394316E-1	2.031830E-1	2.791919E-1
0.000000E+0	0.000000E+0	0.000000E+0	0.000000E+0	0.000000E+0	1.379170E-1	2.014087E-1	2.772596E-1
0.000000E+0	0.000000E+0	0.000000E+0	0.000000E+0	0.000000E+0	1.364445E-1	1.996625E-1	2.753323E-1
0.000000E+0	0.000000E+0	0.000000E+0	0.000000E+0	0.000000E+0	1.349847E-1	1.979298E-1	2.734400E-1
0.000000E+0	0.000000E+0	0.000000E+0	0.000000E+0	0.000000E+0	1.335449E-1	1.962188E-1	2.715383E-1
0.000000E+0	0.000000E+0	0.000000E+0	0.000000E+0	0.000000E+0	1.321044E-1	1.945159E-1	2.696583E-1
0.000000E+0	0.000000E+0	0.000000E+0	0.000000E+0	0.000000E+0	1.306973E-1	1.928387E-1	2.677791E-1
0.000000E+0	0.000000E+0	0.000000E+0	0.000000E+0	0.000000E+0	1.293074E-1	1.911689E-1	2.659203E-1
0.000000E+0	0.000000E+0	0.000000E+0	0.000000E+0	0.000000E+0	1.279179E-1	1.895163E-1	2.640852E-1
0.000000E+0	0.000000E+0	0.000000E+0	0.000000E+0	0.000000E+0	1.265505E-1	1.878681E-1	2.622570E-1
0.000000E+0	0.000000E+0	0.000000E+0	0.000000E+0	0.000000E+0	1.252002E-1	1.862392E-1	2.604456E-1
0.000000E+0	0.000000E+0	0.000000E+0	0.000000E+0	0.000000E+0	1.238672E-1	1.846311E-1	2.586477E-1
0.000000E+0	0.000000E+0	0.000000E+0	0.000000E+0	0.000000E+0	1.225402E-1	1.830250E-1	2.568485E-1
0.000000E+0	0.000000E+0	0.000000E+0	0.000000E+0	0.000000E+0	1.212202E-1	1.814434E-1	2.550763E-1
0.000000E+0	0.000000E+0	0.000000E+0	0.000000E+0	0.000000E+0	1.199170E-1	1.798668E-1	2.533126E-1
0.000000E+0	0.000000E+0	0.000000E+0	0.000000E+0	0.000000E+0	1.186473E-1	1.783126E-1	2.515547E-1
0.000000E+0	0.000000E+0	0.000000E+0	0.000000E+0	0.000000E+0	1.173784E-1	1.767702E-1	2.498197E-1
0.000000E+0	0.000000E+0	0.000000E+0	0.000000E+0	0.000000E+0	1.161214E-1	1.752401E-1	2.480854E-1
0.000000E+0	0.000000E+0	0.000000E+0	0.000000E+0	0.000000E+0	1.148749E-1	1.737284E-1	2.463753E-1
0.000000E+0	0.000000E+0	0.000000E+0	0.000000E+0	0.000000E+0	1.136535E-1	1.722248E-1	2.446729E-1
0.000000E+0	0.000000E+0	0.000000E+0	0.000000E+0	0.000000E+0	1.124500E-1	1.707421E-1	2.429721E-1
0.000000E+0	0.000000E+0	0.000000E+0	0.000000E+0	0.000000E+0	1.112314E-1	1.692582E-1	2.412959E-1
0.000000E+0	0.000000E+0	0.000000E+0	0.000000E+0	0.000000E+0	1.100426E-1	1.677922E-1	2.396339E-1
0.000000E+0	0.000000E+0	0.000000E+0	0.000000E+0	0.000000E+0	1.088816E-1	1.663446E-1	2.379756E-1
0.000000E+0	0.000000E+0	0.000000E+0	0.000000E+0	0.000000E+0	1.077211E-1	1.649093E-1	2.363251E-1
0.000000E+0	0.000000E+0	0.000000E+0	0.000000E+0	0.000000E+0	1.065654E-1	1.634772E-1	2.347060E-1
0.000000E+0	0.000000E+0	0.000000E+0	0.000000E+0	0.000000E+0	1.054187E-1	1.620713E-1	2.330734E-1
0.000000E+0	0.000000E+0	0.000000E+0	0.000000E+0	0.000000E+0	1.043048E-1	1.606710E-1	2.314654E-1
0.000000E+0	0.000000E+0	0.000000E+0	0.000000E+0	0.000000E+0	1.031847E-1	1.592855E-1	2.298704E-1
0.000000E+0	0.000000E+0	0.000000E+0	0.000000E+0	0.000000E+0	1.020797E-1	1.579066E-1	2.282705E-1
0.000000E+0	0.000000E+0	0.000000E+0	0.000000E+0	0.000000E+0	1.009866E-1	1.565419E-1	2.266910E-1
0.000000E+0	0.000000E+0	0.000000E+0	0.000000E+0	0.000000E+0	9.991638E-2	1.551842E-1	2.251238E-1
0.000000E+0	0.000000E+0	0.000000E+0	0.000000E+0	0.000000E+0	9.885352E-2	1.538460E-1	2.235627E-1
0.000000E+0	0.000000E+0	0.000000E+0	0.000000E+0	0.000000E+0	9.779393E-2	1.525177E-1	2.220212E-1
0.000000E+0	0.000000E+0	0.000000E+0	0.000000E+0	0.000000E+0	9.674333E-2	1.511980E-1	2.204927E-1
0.000000E+0	0.000000E+0	0.000000E+0	0.000000E+0	0.000000E+0	9.571644E-2	1.499023E-1	2.189692E-1
0.000000E+0	0.000000E+0	0.000000E+0	0.000000E+0	0.000000E+0	9.470509E-2	1.486083E-1	2.174665E-1
0.000000E+0	0.000000E+0	0.000000E+0	0.000000E+0	0.000000E+0	9.370068E-2	1.473245E-1	2.159568E-1
0.000000E+0	0.000000E+0	0.000000E+0	0.000000E+0	0.000000E+0	9.268565E-2	1.460554E-1	2.144737E-1
0.000000E+0	0.000000E+0	0.000000E+0	0.000000E+0	0.000000E+0	9.171436E-2	1.447892E-1	2.129931E-1
0.000000E+0	0.000000E+0	0.000000E+0	0.000000E+0	0.000000E+0	9.072998E-2	1.435422E-1	2.115193E-1
0.000000E+0	0.000000E+0	0.000000E+0	0.000000E+0	0.000000E+0	8.976237E-2	1.422976E-1	2.100763E-1
0.000000E+0	0.000000E+0	0.000000E+0	0.000000E+0	0.000000E+0	8.880457E-2	1.410771E-1	2.086168E-1
0.000000E+0	0.000000E+0	0.000000E+0	0.000000E+0	0.000000E+0	8.786271E-2	1.398599E-1	2.071758E-1
0.000000E+0	0.000000E+0	0.000000E+0	0.000000E+0	0.000000E+0	8.693679E-2	1.386537E-1	2.057494E-1
0.000000E+0	0.000000E+0	0.000000E+0	0.000000E+0	0.000000E+0	8.601128E-2	1.374528E-1	2.043280E-1
0.000000E+0	0.000000E+0	0.000000E+0	0.000000E+0	0.000000E+0	8.508741E-2	1.362683E-1	2.029257E-1
0.000000E+0	0.000000E+0	0.000000E+0	0.000000E+0	0.000000E+0	8.418847E-2	1.350976E-1	2.015251E-1
0.000000E+0	0.000000E+0	0.000000E+0	0.000000E+0	0.000000E+0	8.328790E-2	1.339425E-1	2.001347E-1
0.000000E+0	0.000000E+0	0.000000E+0	0.000000E+0	0.000000E+0	8.239959E-2	1.327796E-1	1.987553E-1
0.000000E+0	0.000000E+0	0.000000E+0	0.000000E+0	0.000000E+0	8.151946E-2	1.316310E-1	1.973902E-1
0.000000E+0	0.000000E+0	0.000000E+0	0.000000E+0	0.000000E+0	8.066263E-2	1.304991E-1	1.960276E-1
0.000000E+0	0.000000E+0	0.000000E+0	0.000000E+0	0.000000E+0	7.980171E-2	1.293754E-1	1.946751E-1
0.000000E+0	0.000000E+0	0.000000E+0	0.000000E+0	0.000000E+0	7.895265E-2	1.282693E-1	1.933366E-1
0.000000E+0	0.000000E+0	0.000000E+0	0.000000E+0	0.000000E+0	7.811544E-2	1.271501E-1	1.920050E-1
0.000000E+0	0.000000E+0	0.000000E+0	0.000000E+0	0.000000E+0	7.728518E-2	1.260661E-1	1.906848E-1
0.000000E+0	0.000000E+0	0.000000E+0	0.000000E+0	0.000000E+0	7.646473E-2	1.249767E-1	1.893658E-1
0.000000E+0	0.000000E+0	0.000000E+0	0.000000E+0	0.000000E+0	7.565369E-2	1.239057E-1	1.880681E-1
0.000000E+0	0.000000E+0	0.000000E+0	0.000000E+0	0.000000E+0	7.484223E-2	1.228429E-1	1.867696E-1
0.000000E+0	0.000000E+0	0.000000E+0	0.000000E+0	0.000000E+0	7.404754E-2	1.217903E-1	1.854776E-1
0.000000E+0	0.000000E+0	0.000000E+0	0.000000E+0	0.000000E+0	7.327288E-2	1.207344E-1	1.841974E-1
0.000000E+0	0.000000E+0	0.000000E+0	0.000000E+0	0.000000E+0	7.248186E-2	1.196941E-1	1.829372E-1
0.000000E+0	0.000000E+0	0.000000E+0	0.000000E+0	0.000000E+0	7.171987E-2	1.186676E-1	1.816836E-1
0.000000E+0	0.000000E+0	0.000000E+0	0.000000E+0	0.000000E+0	7.095911E-2	1.176415E-1	1.804272E-1
0.000000E+0	0.000000E+0	0.000000E+0	0.000000E+0	0.000000E+0	7.021551E-2	1.166384E-1	1.791870E-1
0.000000E+0	0.000000E+0	0.000000E+0	0.000000E+0	0.000000E+0	6.945843E-2	1.156331E-1	1.779591E-1
0.000000E+0	0.000000E+0	0.000000E+0	0.000000E+0	0.000000E+0	6.872628E-2	1.146397E-1	1.767312E-1
0.000000E+0	0.000000E+0	0.000000E+0	0.000000E+0	0.000000E+0	6.798841E-2	1.136509E-1	1.755107E-1
0.000000E+0	0.000000E+0	0.000000E+0	0.000000E+0	0.000000E+0	6.727629E-2	1.126746E-1	1.743069E-1
0.000000E+0	0.000000E+0	0.000000E+0	0.000000E+0	0.000000E+0	6.656213E-2	1.117045E-1	1.731104E-1
0.000000E+0	0.000000E+0	0.000000E+0	0.000000E+0	0.000000E+0	6.586636E-2	1.107577E-1	1.719275E-1
0.000000E+0	0.000000E+0	0.000000E+0	0.000000E+0	0.000000E+0	6.516078E-2	1.097986E-1	1.707388E-1
0.000000E+0	0.000000E+0	0.000000E+0	0.000000E+0	0.000000E+0	6.447646E-2	1.088678E-1	1.695603E-1
0.000000E+0	0.000000E+0	0.000000E+0	0.000000E+0	0.000000E+0	6.379214E-2	1.079173E-1	1.684014E-1
0.000000E+0	0.000000E+0	0.000000E+0	0.000000E+0	0.000000E+0	6.311191E-2	1.069909E-1	1.672466E-1
0.000000E+0	0.000000E+0	0.000000E+0	0.000000E+0	0.000000E+0	6.244313E-2	1.060759E-1	1.660918E-1
0.000000E+0	0.000000E+0	0.000000E+0	0.000000E+0	0.000000E+0	6.178988E-2	1.051667E-1	1.649501E-1
0.000000E+0	0.000000E+0	0.000000E+0	0.000000E+0	0.000000E+0	6.112640E-2	1.042591E-1	1.638259E-1
0.000000E+0	0.000000E+0	0.000000E+0	0.000000E+0	0.000000E+0	6.048337E-2	1.033629E-1	1.626968E-1
0.000000E+0	0.000000E+0	0.000000E+0	0.000000E+0	0.000000E+0	5.983911E-2	1.024855E-1	1.615849E-1
0.000000E+0	0.000000E+0	0.000000E+0	0.000000E+0	0.000000E+0	5.920794E-2	1.015984E-1	1.604542E-1
0.000000E+0	0.000000E+0	0.000000E+0	0.000000E+0	0.000000E+0	5.857390E-2	1.007255E-1	1.593611E-1
0.000000E+0	0.000000E+0	0.000000E+0	0.000000E+0	0.000000E+0	5.796153E-2	9.985707E-2	1.582740E-1
0.000000E+0	0.000000E+0	0.000000E+0	0.000000E+0	0.000000E+0	5.734588E-2	9.900584E-2	1.571891E-1
0.000000E+0	0.000000E+0	0.000000E+0	0.000000E+0	0.000000E+0	5.674659E-2	9.816073E-2	1.561033E-1
0.000000E+0	0.000000E+0	0.000000E+0	0.000000E+0	0.000000E+0	5.613913E-2	9.731684E-2	1.550326E-1
0.000000E+0	0.000000E+0	0.000000E+0	0.000000E+0	0.000000E+0	5.555087E-2	9.648399E-2	1.539652E-1
0.000000E+0	0.000000E+0	0.000000E+0	0.000000E+0	0.000000E+0	5.495853E-2	9.565032E-2	1.529133E-1
0.000000E+0	0.000000E+0	0.000000E+0	0.000000E+0	0.000000E+0	5.437437E-2	9.483789E-2	1.518634E-1
0.000000E+0	0.000000E+0	0.000000E+0	0.000000E+0	0.000000E+0	5.381350E-2	9.402382E-2	1.508295E-1
0.000000E+0	0.000000E+0	0.000000E+0	0.000000E+0	0.000000E+0	5.322975E-2	9.321996E-2	1.497866E-1
0.000000E+0	0.000000E+0	0.000000E+0	0.000000E+0	0.000000E+0	5.268114E-2	9.242019E-2	1.487665E-1
0.000000E+0	0.000000E+0	0.000000E+0	0.000000E+0	0.000000E+0	5.212232E-2	9.163064E-2	1.477441E-1
0.000000E+0	0.000000E+0	0.000000E+0	0.000000E+0	0.000000E+0	5.157291E-2	9.083822E-2	1.467334E-1
0.000000E+0	0.000000E+0	0.000000E+0	0.000000E+0	0.000000E+0	5.102880E-2	9.006010E-2	1.457207E-1
0.000000E+0	0.000000E+0	0.000000E+0	0.000000E+0	0.000000E+0	5.049001E-2	8.929096E-2	1.447317E-1
0.000000E+0	0.000000E+0	0.000000E+0	0.000000E+0	0.000000E+0	4.995695E-2	8.853612E-2	1.437231E-1
0.000000E+0	0.000000E+0	0.000000E+0	0.000000E+0	0.000000E+0	4.942879E-2	8.777597E-2	1.427455E-1
0.000000E+0	0.000000E+0	0.000000E+0	0.000000E+0	0.000000E+0	4.891044E-2	8.701868E-2	1.417692E-1
0.000000E+0	0.000000E+0	0.000000E+0	0.000000E+0	0.000000E+0	4.840108E-2	8.627896E-2	1.407973E-1
0.000000E+0	0.000000E+0	0.000000E+0	0.000000E+0	0.000000E+0	4.788764E-2	8.554046E-2	1.398295E-1
0.000000E+0	0.000000E+0	0.000000E+0	0.000000E+0	0.000000E+0	4.737951E-2	8.480482E-2	1.388630E-1
0.000000E+0	0.000000E+0	0.000000E+0	0.000000E+0	0.000000E+0	4.687301E-2	8.408020E-2	1.379225E-1
0.000000E+0	0.000000E+0	0.000000E+0	0.000000E+0	0.000000E+0	4.637960E-2	8.337152E-2	1.369744E-1
0.000000E+0	0.000000E+0	0.000000E+0	0.000000E+0	0.000000E+0	4.589477E-2	8.265181E-2	1.360380E-1
0.000000E+0	0.000000E+0	0.000000E+0	0.000000E+0	0.000000E+0	4.541444E-2	8.195497E-2	1.351111E-1
0.000000E+0	0.000000E+0	0.000000E+0	0.000000E+0	0.000000E+0	4.494146E-2	8.124833E-2	1.341748E-1
0.000000E+0	0.000000E+0	0.000000E+0	0.000000E+0	0.000000E+0	4.446072E-2	8.055599E-2	1.332707E-1
0.000000E+0	0.000000E+0	0.000000E+0	0.000000E+0	0.000000E+0	4.399265E-2	7.986855E-2	1.323580E-1
0.000000E+0	0.000000E+0	0.000000E+0	0.000000E+0	0.000000E+0	4.353440E-2	7.919172E-2	1.314478E-1
0.000000E+0	0.000000E+0	0.000000E+0	0.000000E+0	0.000000E+0	4.307369E-2	7.850183E-2	1.305503E-1
0.000000E+0	0.000000E+0	0.000000E+0	0.000000E+0	0.000000E+0	4.262483E-2	7.783726E-2	1.296552E-1
0.000000E+0	0.000000E+0	0.000000E+0	0.000000E+0	0.000000E+0	4.217843E-2	7.716861E-2	1.287736E-1
0.000000E+0	0.000000E+0	0.000000E+0	0.000000E+0	0.000000E+0	4.172957E-2	7.650935E-2	1.278973E-1
0.000000E+0	0.000000E+0	0.000000E+0	0.000000E+0	0.000000E+0	4.129625E-2	7.586112E-2	1.270189E-1
0.000000E+0	0.000000E+0	0.000000E+0	0.000000E+0	0.000000E+0	4.086171E-2	7.520308E-2	1.261492E-1
0.000000E+0	0.000000E+0	0.000000E+0	0.000000E+0	0.000000E+0	4.043206E-2	7.456997E-2	1.252900E-1
0.000000E+0	0.000000E+0	0.000000E+0	0.000000E+0	0.000000E+0	4.000569E-2	7.393399E-2	1.244268E-1
0.000000E+0	0.000000E+0	0.000000E+0	0.000000E+0	0.000000E+0	3.958750E-2	7.330414E-2	1.235823E-1
0.000000E+0	0.000000E+0	0.000000E+0	0.000000E+0	0.000000E+0	3.917053E-2	7.267634E-2	1.227374E-1
0.000000E+0	0.000000E+0	0.000000E+0	0.000000E+0	0.000000E+0	3.875847E-2	7.205588E-2	1.218995E-1
0.000000E+0	0.000000E+0	0.000000E+0	0.000000E+0	0.000000E+0	3.835499E-2	7.144564E-2	1.210640E-1
0.000000E+0	0.000000E+0	0.000000E+0	0.000000E+0	0.000000E+0	3.794783E-2	7.082927E-2	1.202388E-1
0.000000E+0	0.000000E+0	0.000000E+0	0.000000E+0	0.000000E+0	3.755661E-2	7.023414E-2	1.194172E-1
0.000000E+0	0.000000E+0	0.000000E+0	0.000000E+0	0.000000E+0	3.716049E-2	6.964268E-2	1.185997E-1
0.000000E+0	0.000000E+0	0.000000E+0	0.000000E+0	0.000000E+0	3.677296E-2	6.904265E-2	1.177875E-1
0.000000E+0	0.000000E+0	0.000000E+0	0.000000E+0	0.000000E+0	3.639155E-2	6.845692E-2	1.169875E-1
0.000000E+0	0.000000E+0	0.000000E+0	0.000000E+0	0.000000E+0	3.601138E-2	6.786791E-2	1.161949E-1
0.000000E+0	0.000000E+0	0.000000E+0	0.000000E+0	0.000000E+0	3.562997E-2	6.728790E-2	1.154007E-1
0.000000E+0	0.000000E+0	0.000000E+0	0.000000E+0	0.000000E+0	3.526206E-2	6.671850E-2	1.146061E-1
0.000000E+0	0.000000E+0	0.000000E+0	0.000000E+0	0.000000E+0	3.489741E-2	6.615482E-2	1.138286E-1
0.000000E+0	0.000000E+0	0.000000E+0	0.000000E+0	0.000000E+0	3.452173E-2	6.559441E-2	1.130507E-1
0.000000E+0	0.000000E+0	0.000000E+0	0.000000E+0	0.000000E+0	3.416077E-2	6.503604E-2	1.122769E-1
0.000000E+0	0.000000E+0	0.000000E+0	0.000000E+0	0.000000E+0	3.380553E-2	6.447971E-2	1.115141E-1
0.000000E+0	0.000000E+0	0.000000E+0	0.000000E+0	0.000000E+0	3.344293E-2	6.393197E-2	1.107570E-1
0.000000E+0	0.000000E+0	0.000000E+0	0.000000E+0	0.000000E+0	3.309668E-2	6.339157E-2	1.100081E-1
0.000000E+0	0.000000E+0	0.000000E+0	0.000000E+0	0.000000E+0	3.275534E-2	6.284137E-2	1.092563E-1
0.000000E+0	0.000000E+0	0.000000E+0	0.000000E+0	0.000000E+0	3.240500E-2	6.231119E-2	1.085127E-1
0.000000E+0	0.000000E+0	0.000000E+0	0.000000E+0	0.000000E+0	3.207674E-2	6.178264E-2	1.077745E-1
0.000000E+0	0.000000E+0	0.000000E+0	0.000000E+0	0.000000E+0	3.173540E-2	6.126593E-2	1.070337E-1
0.000000E+0	0.000000E+0	0.000000E+0	0.000000E+0	0.000000E+0	3.140632E-2	6.074228E-2	1.063081E-1
0.000000E+0	0.000000E+0	0.000000E+0	0.000000E+0	0.000000E+0	3.107479E-2	6.022190E-2	1.055857E-1
0.000000E+0	0.000000E+0	0.000000E+0	0.000000E+0	0.000000E+0	3.076043E-2	5.970805E-2	1.048585E-1
0.000000E+0	0.000000E+0	0.000000E+0	0.000000E+0	0.000000E+0	3.044157E-2	5.920074E-2	1.041508E-1
0.000000E+0	0.000000E+0	0.000000E+0	0.000000E+0	0.000000E+0	3.012312E-2	5.869548E-2	1.034370E-1
0.000000E+0	0.000000E+0	0.000000E+0	0.000000E+0	0.000000E+0	2.980017E-2	5.819307E-2	1.027298E-1
0.000000E+0	0.000000E+0	0.000000E+0	0.000000E+0	0.000000E+0	2.949726E-2	5.770740E-2	1.020335E-1
0.000000E+0	0.000000E+0	0.000000E+0	0.000000E+0	0.000000E+0	2.918494E-2	5.721439E-2	1.013263E-1
0.000000E+0	0.000000E+0	0.000000E+0	0.000000E+0	0.000000E+0	2.887875E-2	5.673281E-2	1.006403E-1
0.000000E+0	0.000000E+0	0.000000E+0	0.000000E+0	0.000000E+0	2.857706E-2	5.624715E-2	9.996242E-2
0.000000E+0	0.000000E+0	0.000000E+0	0.000000E+0	0.000000E+0	2.829295E-2	5.577252E-2	9.927640E-2
0.000000E+0	0.000000E+0	0.000000E+0	0.000000E+0	0.000000E+0	2.799126E-2	5.529502E-2	9.860222E-2
0.000000E+0	0.000000E+0	0.000000E+0	0.000000E+0	0.000000E+0	2.770306E-2	5.483019E-2	9.793539E-2
0.000000E+0	0.000000E+0	0.000000E+0	0.000000E+0	0.000000E+0	2.740301E-2	5.435679E-2	9.726163E-2
0.000000E+0	0.000000E+0	0.000000E+0	0.000000E+0	0.000000E+0	2.712380E-2	5.390829E-2	9.660215E-2
0.000000E+0	0.000000E+0	0.000000E+0	0.000000E+0	0.000000E+0	2.684296E-2	5.344224E-2	9.595451E-2
0.000000E+0	0.000000E+0	0.000000E+0	0.000000E+0	0.000000E+0	2.656048E-2	5.299946E-2	9.529422E-2
0.000000E+0	0.000000E+0	0.000000E+0	0.000000E+0	0.000000E+0	2.627842E-2	5.253545E-2	9.464944E-2
0.000000E+0	0.000000E+0	0.000000E+0	0.000000E+0	0.000000E+0	2.601229E-2	5.209758E-2	9.400753E-2
0.000000E+0	0.000000E+0	0.000000E+0	0.000000E+0	0.000000E+0	2.574412E-2	5.166134E-2	9.337173E-2
0.000000E+0	0.000000E+0	0.000000E+0	0.000000E+0	0.000000E+0	2.548658E-2	5.122592E-2	9.273594E-2
0.000000E+0	0.000000E+0	0.000000E+0	0.000000E+0	0.000000E+0	2.520942E-2	5.079131E-2	9.210668E-2
0.000000E+0	0.000000E+0	0.000000E+0	0.000000E+0	0.000000E+0	2.495066E-2	5.035957E-2	9.147702E-2
0.000000E+0	0.000000E+0	0.000000E+0	0.000000E+0	0.000000E+0	2.470293E-2	4.992537E-2	9.085592E-2
0.000000E+0	0.000000E+0	0.000000E+0	0.000000E+0	0.000000E+0	2.444702E-2	4.951201E-2	9.024790E-2
0.000000E+0	0.000000E+0	0.000000E+0	0.000000E+0	0.000000E+0	2.418090E-2	4.909334E-2	8.962027E-2
0.000000E+0	0.000000E+0	0.000000E+0	0.000000E+0	0.000000E+0	2.392418E-2	4.867875E-2	8.901837E-2
0.000000E+0	0.000000E+0	0.000000E+0	0.000000E+0	0.000000E+0	2.368544E-2	4.826497E-2	8.842301E-2
0.000000E+0	0.000000E+0	0.000000E+0	0.000000E+0	0.000000E+0	2.344098E-2	4.786019E-2	8.781988E-2
0.000000E+0	0.000000E+0	0.000000E+0	0.000000E+0	0.000000E+0	2.319121E-2	4.744233E-2	8.721431E-2
0.000000E+0	0.000000E+0	0.000000E+0	0.000000E+0	0.000000E+0	2.295656E-2	4.705061E-2	8.663037E-2
0.000000E+0	0.000000E+0	0.000000E+0	0.000000E+0	0.000000E+0	2.272478E-2	4.665155E-2	8.603827E-2
0.000000E+0	0.000000E+0	0.000000E+0	0.000000E+0	0.000000E+0	2.249136E-2	4.626187E-2	8.544822E-2
0.000000E+0	0.000000E+0	0.000000E+0	0.000000E+0	0.000000E+0	2.224812E-2	4.586730E-2	8.487408E-2
0.000000E+0	0.000000E+0	0.000000E+0	0.000000E+0	0.000000E+0	2.201307E-2	4.547967E-2	8.429138E-2
0.000000E+0	0.000000E+0	0.000000E+0	0.000000E+0	0.000000E+0	2.179436E-2	4.510347E-2	8.372541E-2
0.000000E+0	0.000000E+0	0.000000E+0	0.000000E+0	0.000000E+0	2.157566E-2	4.472524E-2	8.315781E-2
0.000000E+0	0.000000E+0	0.000000E+0	0.000000E+0	0.000000E+0	2.134469E-2	4.434210E-2	8.259756E-2
0.000000E+0	0.000000E+0	0.000000E+0	0.000000E+0	0.000000E+0	2.112067E-2	4.397121E-2	8.202996E-2
0.000000E+0	0.000000E+0	0.000000E+0	0.000000E+0	0.000000E+0	2.091137E-2	4.360319E-2	8.148360E-2
0.000000E+0	0.000000E+0	0.000000E+0	0.000000E+0	0.000000E+0	2.069798E-2	4.323721E-2	8.092907E-2
0.000000E+0	0.000000E+0	0.000000E+0	0.000000E+0	0.000000E+0	2.047642E-2	4.286510E-2	8.038556E-2
0.000000E+0	0.000000E+0	0.000000E+0	0.000000E+0	0.000000E+0	2.026262E-2	4.249421E-2	7.984736E-2
0.000000E+0	0.000000E+0	0.000000E+0	0.000000E+0	0.000000E+0	2.006108E-2	4.215029E-2	7.929446E-2
0.000000E+0	0.000000E+0	0.000000E+0	0.000000E+0	0.000000E+0	1.985995E-2	4.179329E-2	7.875667E-2
0.000000E+0	0.000000E+0	0.000000E+0	0.000000E+0	0.000000E+0	1.964534E-2	4.143875E-2	7.823358E-2
0.000000E+0	0.000000E+0	0.000000E+0	0.000000E+0	0.000000E+0	1.943317E-2	4.109074E-2	7.770192E-2
0.000000E+0	0.000000E+0	0.000000E+0	0.000000E+0	0.000000E+0	1.923941E-2	4.074803E-2	7.717107E-2
0.000000E+0	0.000000E+0	0.000000E+0	0.000000E+0	0.000000E+0	1.905422E-2	4.040411E-2	7.665002E-2
0.000000E+0	0.000000E+0	0.000000E+0	0.000000E+0	0.000000E+0	1.884737E-2	4.005978E-2	7.613387E-2
0.000000E+0	0.000000E+0	0.000000E+0	0.000000E+0	0.000000E+0	1.864952E-2	3.972565E-2	7.562018E-2
0.000000E+0	0.000000E+0	0.000000E+0	0.000000E+0	0.000000E+0	1.846311E-2	3.939684E-2	7.510852E-2
0.000000E+0	0.000000E+0	0.000000E+0	0.000000E+0	0.000000E+0	1.826484E-2	3.906190E-2	7.460381E-2
0.000000E+0	0.000000E+0	0.000000E+0	0.000000E+0	0.000000E+0	1.808170E-2	3.873227E-2	7.409011E-2
0.000000E+0	0.000000E+0	0.000000E+0	0.000000E+0	0.000000E+0	1.789039E-2	3.840795E-2	7.358866E-2
0.000000E+0	0.000000E+0	0.000000E+0	0.000000E+0	0.000000E+0	1.771338E-2	3.809058E-2	7.310518E-2
0.000000E+0	0.000000E+0	0.000000E+0	0.000000E+0	0.000000E+0	1.752861E-2	3.776136E-2	7.260537E-2
0.000000E+0	0.000000E+0	0.000000E+0	0.000000E+0	0.000000E+0	1.734301E-2	3.744929E-2	7.211576E-2
0.000000E+0	0.000000E+0	0.000000E+0	0.000000E+0	0.000000E+0	1.716682E-2	3.713232E-2	7.162207E-2
0.000000E+0	0.000000E+0	0.000000E+0	0.000000E+0	0.000000E+0	1.699064E-2	3.682761E-2	7.113655E-2
0.000000E+0	0.000000E+0	0.000000E+0	0.000000E+0	0.000000E+0	1.681608E-2	3.650452E-2	7.066083E-2
0.000000E+0	0.000000E+0	0.000000E+0	0.000000E+0	0.000000E+0	1.663458E-2	3.621001E-2	7.018715E-2
0.000000E+0	0.000000E+0	0.000000E+0	0.000000E+0	0.000000E+0	1.645839E-2	3.590244E-2	6.971347E-2
0.000000E+0	0.000000E+0	0.000000E+0	0.000000E+0	0.000000E+0	1.630713E-2	3.560794E-2	6.923857E-2
0.000000E+0	0.000000E+0	0.000000E+0	0.000000E+0	0.000000E+0	1.614116E-2	3.530200E-2	6.877469E-2
0.000000E+0	0.000000E+0	0.000000E+0	0.000000E+0	0.000000E+0	1.597151E-2	3.500423E-2	6.831326E-2
0.000000E+0	0.000000E+0	0.000000E+0	0.000000E+0	0.000000E+0	1.581045E-2	3.471014E-2	6.785550E-2
0.000000E+0	0.000000E+0	0.000000E+0	0.000000E+0	0.000000E+0	1.565429E-2	3.442708E-2	6.739407E-2
0.000000E+0	0.000000E+0	0.000000E+0	0.000000E+0	0.000000E+0	1.549568E-2	3.413135E-2	6.694857E-2
0.000000E+0	0.000000E+0	0.000000E+0	0.000000E+0	0.000000E+0	1.533625E-2	3.383807E-2	6.648796E-2
0.000000E+0	0.000000E+0	0.000000E+0	0.000000E+0	0.000000E+0	1.516701E-2	3.355909E-2	6.604245E-2
0.000000E+0	0.000000E+0	0.000000E+0	0.000000E+0	0.000000E+0	1.502025E-2	3.328175E-2	6.558837E-2
0.000000E+0	0.000000E+0	0.000000E+0	0.000000E+0	0.000000E+0	1.486777E-2	3.299746E-2	6.514940E-2
0.000000E+0	0.000000E+0	0.000000E+0	0.000000E+0	0.000000E+0	1.471366E-2	3.272134E-2	6.470758E-2
0.000000E+0	0.000000E+0	0.000000E+0	0.000000E+0	0.000000E+0	1.456486E-2	3.246033E-2	6.427146E-2
0.000000E+0	0.000000E+0	0.000000E+0	0.000000E+0	0.000000E+0	1.441238E-2	3.217767E-2	6.384393E-2
0.000000E+0	0.000000E+0	0.000000E+0	0.000000E+0	0.000000E+0	1.427502E-2	3.191871E-2	6.341680E-2
0.000000E+0	0.000000E+0	0.000000E+0	0.000000E+0	0.000000E+0	1.412009E-2	3.164504E-2	6.298559E-2
0.000000E+0	0.000000E+0	0.000000E+0	0.000000E+0	0.000000E+0	1.397987E-2	3.138485E-2	6.257071E-2
0.000000E+0	0.000000E+0	0.000000E+0	0.000000E+0	0.000000E+0	1.383107E-2	3.112343E-2	6.214195E-2
0.000000E+0	0.000000E+0	0.000000E+0	0.000000E+0	0.000000E+0	1.369944E-2	3.086691E-2	6.172339E-2
0.000000E+0	0.000000E+0	0.000000E+0	0.000000E+0	0.000000E+0	1.354819E-2	3.060101E-2	6.131382E-2
0.000000E+0	0.000000E+0	0.000000E+0	0.000000E+0	0.000000E+0	1.340429E-2	3.035838E-2	6.090262E-2
0.000000E+0	0.000000E+0	0.000000E+0	0.000000E+0	0.000000E+0	1.328165E-2	3.009778E-2	6.048284E-2
0.000000E+0	0.000000E+0	0.000000E+0	0.000000E+0	0.000000E+0	1.314798E-2	2.984494E-2	6.007654E-2
0.000000E+0	0.000000E+0	0.000000E+0	0.000000E+0	0.000000E+0	1.301062E-2	2.959374E-2	5.967269E-2
0.000000E+0	0.000000E+0	0.000000E+0	0.000000E+0	0.000000E+0	1.287736E-2	2.934784E-2	5.927618E-2
0.000000E+0	0.000000E+0	0.000000E+0	0.000000E+0	0.000000E+0	1.274900E-2	2.910072E-2	5.887151E-2
0.000000E+0	0.000000E+0	0.000000E+0	0.000000E+0	0.000000E+0	1.262104E-2	2.885605E-2	5.846766E-2
0.000000E+0	0.000000E+0	0.000000E+0	0.000000E+0	0.000000E+0	1.249064E-2	2.862405E-2	5.807933E-2
0.000000E+0	0.000000E+0	0.000000E+0	0.000000E+0	0.000000E+0	1.236473E-2	2.838428E-2	5.769099E-2
0.000000E+0	0.000000E+0	0.000000E+0	0.000000E+0	0.000000E+0	1.224291E-2	2.814696E-2	5.730919E-2
0.000000E+0	0.000000E+0	0.000000E+0	0.000000E+0	0.000000E+0	1.211578E-2	2.791169E-2	5.691677E-2
0.000000E+0	0.000000E+0	0.000000E+0	0.000000E+0	0.000000E+0	1.198292E-2	2.768213E-2	5.654068E-2
0.000000E+0	0.000000E+0	0.000000E+0	0.000000E+0	0.000000E+0	1.186232E-2	2.745625E-2	5.615806E-2
0.000000E+0	0.000000E+0	0.000000E+0	0.000000E+0	0.000000E+0	1.174337E-2	2.722874E-2	5.579137E-2
0.000000E+0	0.000000E+0	0.000000E+0	0.000000E+0	0.000000E+0	1.163054E-2	2.700245E-2	5.540140E-2
0.000000E+0	0.000000E+0	0.000000E+0	0.000000E+0	0.000000E+0	1.150954E-2	2.676799E-2	5.503226E-2
0.000000E+0	0.000000E+0	0.000000E+0	0.000000E+0	0.000000E+0	1.138731E-2	2.655314E-2	5.466679E-2
0.000000E+0	0.000000E+0	0.000000E+0	0.000000E+0	0.000000E+0	1.127407E-2	2.632604E-2	5.430132E-2
0.000000E+0	0.000000E+0	0.000000E+0	0.000000E+0	0.000000E+0	1.116860E-2	2.610506E-2	5.393544E-2
0.000000E+0	0.000000E+0	0.000000E+0	0.000000E+0	0.000000E+0	1.105210E-2	2.589102E-2	5.357365E-2
0.000000E+0	0.000000E+0	0.000000E+0	0.000000E+0	0.000000E+0	1.093682E-2	2.568679E-2	5.321308E-2
0.000000E+0	0.000000E+0	0.000000E+0	0.000000E+0	0.000000E+0	1.081867E-2	2.546132E-2	5.285741E-2
0.000000E+0	0.000000E+0	0.000000E+0	0.000000E+0	0.000000E+0	1.071607E-2	2.526199E-2	5.249725E-2
0.000000E+0	0.000000E+0	0.000000E+0	0.000000E+0	0.000000E+0	1.061550E-2	2.504755E-2	5.215425E-2
0.000000E+0	0.000000E+0	0.000000E+0	0.000000E+0	0.000000E+0	1.050104E-2	2.483678E-2	5.180593E-2
0.000000E+0	0.000000E+0	0.000000E+0	0.000000E+0	0.000000E+0	1.040579E-2	2.462152E-2	5.145026E-2
0.000000E+0	0.000000E+0	0.000000E+0	0.000000E+0	0.000000E+0	1.030073E-2	2.442628E-2	5.110643E-2
0.000000E+0	0.000000E+0	0.000000E+0	0.000000E+0	0.000000E+0	1.019363E-2	2.421673E-2	5.077486E-2
0.000000E+0	0.000000E+0	0.000000E+0	0.000000E+0	0.000000E+0	1.008489E-2	2.402680E-2	5.043144E-2
0.000000E+0	0.000000E+0	0.000000E+0	0.000000E+0	0.000000E+0	9.985963E-3	2.382338E-2	5.009170E-2
0.000000E+0	0.000000E+0	0.000000E+0	0.000000E+0	0.000000E+0	9.884582E-3	2.362120E-2	4.974828E-2
0.000000E+0	0.000000E+0	0.000000E+0	0.000000E+0	0.000000E+0	9.783610E-3	2.342595E-2	4.942446E-2
0.000000E+0	0.000000E+0	0.000000E+0	0.000000E+0	0.000000E+0	9.695311E-3	2.323520E-2	4.909534E-2
0.000000E+0	0.000000E+0	0.000000E+0	0.000000E+0	0.000000E+0	9.591477E-3	2.303587E-2	4.877601E-2
0.000000E+0	0.000000E+0	0.000000E+0	0.000000E+0	0.000000E+0	9.500317E-3	2.285410E-2	4.843545E-2
0.000000E+0	0.000000E+0	0.000000E+0	0.000000E+0	0.000000E+0	9.405476E-3	2.266131E-2	4.811449E-2
0.000000E+0	0.000000E+0	0.000000E+0	0.000000E+0	0.000000E+0	9.300825E-3	2.248199E-2	4.779231E-2
0.000000E+0	0.000000E+0	0.000000E+0	0.000000E+0	0.000000E+0	9.207621E-3	2.229328E-2	4.747339E-2
0.000000E+0	0.000000E+0	0.000000E+0	0.000000E+0	0.000000E+0	9.114416E-3	2.210743E-2	4.715897E-2
0.000000E+0	0.000000E+0	0.000000E+0	0.000000E+0	0.000000E+0	9.025708E-3	2.192240E-2	4.684536E-2
0.000000E+0	0.000000E+0	0.000000E+0	0.000000E+0	0.000000E+0	8.941496E-3	2.174390E-2	4.654441E-2
0.000000E+0	0.000000E+0	0.000000E+0	0.000000E+0	0.000000E+0	8.849518E-3	2.156499E-2	4.622467E-2
0.000000E+0	0.000000E+0	0.000000E+0	0.000000E+0	0.000000E+0	8.756722E-3	2.139262E-2	4.591025E-2
0.000000E+0	0.000000E+0	0.000000E+0	0.000000E+0	0.000000E+0	8.656976E-3	2.121045E-2	4.561052E-2
0.000000E+0	0.000000E+0	0.000000E+0	0.000000E+0	0.000000E+0	8.587481E-3	2.103318E-2	4.530386E-2
0.000000E+0	0.000000E+0	0.000000E+0	0.000000E+0	0.000000E+0	8.493050E-3	2.086734E-2	4.499596E-2
0.000000E+0	0.000000E+0	0.000000E+0	0.000000E+0	0.000000E+0	8.408021E-3	2.069497E-2	4.469910E-2
0.000000E+0	0.000000E+0	0.000000E+0	0.000000E+0	0.000000E+0	8.320948E-3	2.051402E-2	4.439815E-2
0.000000E+0	0.000000E+0	0.000000E+0	0.000000E+0	0.000000E+0	8.241233E-3	2.035186E-2	4.410986E-2
0.000000E+0	0.000000E+0	0.000000E+0	0.000000E+0	0.000000E+0	8.161927E-3	2.018929E-2	4.381503E-2
0.000000E+0	0.000000E+0	0.000000E+0	0.000000E+0	0.000000E+0	8.077307E-3	2.002223E-2	4.351735E-2
0.000000E+0	0.000000E+0	0.000000E+0	0.000000E+0	0.000000E+0	7.998819E-3	1.984945E-2	4.323763E-2
0.000000E+0	0.000000E+0	0.000000E+0	0.000000E+0	0.000000E+0	7.925645E-3	1.969178E-2	4.293872E-2
0.000000E+0	0.000000E+0	0.000000E+0	0.000000E+0	0.000000E+0	7.844295E-3	1.952146E-2	4.266309E-2
0.000000E+0	0.000000E+0	0.000000E+0	0.000000E+0	0.000000E+0	7.769077E-3	1.936297E-2	4.237562E-2
0.000000E+0	0.000000E+0	0.000000E+0	0.000000E+0	0.000000E+0	7.683639E-3	1.921143E-2	4.207793E-2
0.000000E+0	0.000000E+0	0.000000E+0	0.000000E+0	0.000000E+0	7.619459E-3	1.904151E-2	4.181782E-2
0.000000E+0	0.000000E+0	0.000000E+0	0.000000E+0	0.000000E+0	7.537700E-3	1.888262E-2	4.153075E-2
0.000000E+0	0.000000E+0	0.000000E+0	0.000000E+0	0.000000E+0	7.462073E-3	1.873680E-2	4.126247E-2
0.000000E+0	0.000000E+0	0.000000E+0	0.000000E+0	0.000000E+0	7.387264E-3	1.857872E-2	4.098357E-2
0.000000E+0	0.000000E+0	0.000000E+0	0.000000E+0	0.000000E+0	7.313273E-3	1.842841E-2	4.070712E-2
0.000000E+0	0.000000E+0	0.000000E+0	0.000000E+0	0.000000E+0	7.243369E-3	1.827564E-2	4.044170E-2
0.000000E+0	0.000000E+0	0.000000E+0	0.000000E+0	0.000000E+0	7.170195E-3	1.812410E-2	4.017505E-2
0.000000E+0	0.000000E+0	0.000000E+0	0.000000E+0	0.000000E+0	7.084348E-3	1.797461E-2	3.991003E-2
0.000000E+0	0.000000E+0	0.000000E+0	0.000000E+0	0.000000E+0	7.028344E-3	1.782143E-2	3.963807E-2
0.000000E+0	0.000000E+0	0.000000E+0	0.000000E+0	0.000000E+0	6.962937E-3	1.767929E-2	3.938776E-2
0.000000E+0	0.000000E+0	0.000000E+0	0.000000E+0	0.000000E+0	6.881996E-3	1.753959E-2	3.911703E-2
0.000000E+0	0.000000E+0	0.000000E+0	0.000000E+0	0.000000E+0	6.818633E-3	1.738846E-2	3.884711E-2
0.000000E+0	0.000000E+0	0.000000E+0	0.000000E+0	0.000000E+0	6.751591E-3	1.724754E-2	3.859720E-2
0.000000E+0	0.000000E+0	0.000000E+0	0.000000E+0	0.000000E+0	6.683731E-3	1.711520E-2	3.834362E-2
0.000000E+0	0.000000E+0	0.000000E+0	0.000000E+0	0.000000E+0	6.622003E-3	1.696080E-2	3.808718E-2
0.000000E+0	0.000000E+0	0.000000E+0	0.000000E+0	0.000000E+0	6.547194E-3	1.682029E-2	3.782788E-2
0.000000E+0	0.000000E+0	0.000000E+0	0.000000E+0	0.000000E+0	6.494869E-3	1.668509E-2	3.757920E-2
0.000000E+0	0.000000E+0	0.000000E+0	0.000000E+0	0.000000E+0	6.422103E-3	1.654295E-2	3.732521E-2
0.000000E+0	0.000000E+0	0.000000E+0	0.000000E+0	0.000000E+0	6.356696E-3	1.641060E-2	3.708960E-2
0.000000E+0	0.000000E+0	0.000000E+0	0.000000E+0	0.000000E+0	6.290881E-3	1.627867E-2	3.683846E-2
0.000000E+0	0.000000E+0	0.000000E+0	0.000000E+0	0.000000E+0	6.231606E-3	1.615531E-2	3.659999E-2
0.000000E+0	0.000000E+0	0.000000E+0	0.000000E+0	0.000000E+0	6.174375E-3	1.601930E-2	3.636152E-2
0.000000E+0	0.000000E+0	0.000000E+0	0.000000E+0	0.000000E+0	6.118370E-3	1.589472E-2	3.611610E-2
0.000000E+0	0.000000E+0	0.000000E+0	0.000000E+0	0.000000E+0	6.049693E-3	1.576442E-2	3.587804E-2
0.000000E+0	0.000000E+0	0.000000E+0	0.000000E+0	0.000000E+0	5.990826E-3	1.564433E-2	3.564161E-2
0.000000E+0	0.000000E+0	0.000000E+0	0.000000E+0	0.000000E+0	5.933187E-3	1.550994E-2	3.540272E-2
0.000000E+0	0.000000E+0	0.000000E+0	0.000000E+0	0.000000E+0	5.878000E-3	1.537924E-2	3.516629E-2
0.000000E+0	0.000000E+0	0.000000E+0	0.000000E+0	0.000000E+0	5.818316E-3	1.525261E-2	3.493925E-2
0.000000E+0	0.000000E+0	0.000000E+0	0.000000E+0	0.000000E+0	5.768852E-3	1.513579E-2	3.470568E-2
0.000000E+0	0.000000E+0	0.000000E+0	0.000000E+0	0.000000E+0	5.712029E-3	1.500059E-2	3.447864E-2
0.000000E+0	0.000000E+0	0.000000E+0	0.000000E+0	0.000000E+0	5.644579E-3	1.489153E-2	3.424507E-2
0.000000E+0	0.000000E+0	0.000000E+0	0.000000E+0	0.000000E+0	5.592253E-3	1.475878E-2	3.402579E-2
0.000000E+0	0.000000E+0	0.000000E+0	0.000000E+0	0.000000E+0	5.539927E-3	1.464890E-2	3.379180E-2
0.000000E+0	0.000000E+0	0.000000E+0	0.000000E+0	0.000000E+0	5.488828E-3	1.451166E-2	3.357048E-2
0.000000E+0	0.000000E+0	0.000000E+0	0.000000E+0	0.000000E+0	5.436912E-3	1.440750E-2	3.334467E-2
0.000000E+0	0.000000E+0	0.000000E+0	0.000000E+0	0.000000E+0	5.374366E-3	1.428741E-2	3.313723E-2
0.000000E+0	0.000000E+0	0.000000E+0	0.000000E+0	0.000000E+0	5.329399E-3	1.417876E-2	3.291386E-2
0.000000E+0	0.000000E+0	0.000000E+0	0.000000E+0	0.000000E+0	5.279935E-3	1.405418E-2	3.269050E-2
0.000000E+0	0.000000E+0	0.000000E+0	0.000000E+0	0.000000E+0	5.222704E-3	1.394717E-2	3.247408E-2
0.000000E+0	0.000000E+0	0.000000E+0	0.000000E+0	0.000000E+0	5.162203E-3	1.382299E-2	3.225439E-2
0.000000E+0	0.000000E+0	0.000000E+0	0.000000E+0	0.000000E+0	5.123367E-3	1.371679E-2	3.205103E-2
0.000000E+0	0.000000E+0	0.000000E+0	0.000000E+0	0.000000E+0	5.076356E-3	1.360447E-2	3.183542E-2
0.000000E+0	0.000000E+0	0.000000E+0	0.000000E+0	0.000000E+0	5.026074E-3	1.349826E-2	3.163534E-2
0.000000E+0	0.000000E+0	0.000000E+0	0.000000E+0	0.000000E+0	4.969661E-3	1.338716E-2	3.142953E-2
0.000000E+0	0.000000E+0	0.000000E+0	0.000000E+0	0.000000E+0	4.927555E-3	1.328382E-2	3.121556E-2
0.000000E+0	0.000000E+0	0.000000E+0	0.000000E+0	0.000000E+0	4.880953E-3	1.316169E-2	3.101465E-2
0.000000E+0	0.000000E+0	0.000000E+0	0.000000E+0	0.000000E+0	4.833942E-3	1.307183E-2	3.081538E-2
0.000000E+0	0.000000E+0	0.000000E+0	0.000000E+0	0.000000E+0	4.784886E-3	1.295011E-2	3.060222E-2
0.000000E+0	0.000000E+0	0.000000E+0	0.000000E+0	0.000000E+0	4.735422E-3	1.285739E-2	3.039315E-2
0.000000E+0	0.000000E+0	0.000000E+0	0.000000E+0	0.000000E+0	4.692908E-3	1.273975E-2	3.020817E-2
0.000000E+0	0.000000E+0	0.000000E+0	0.000000E+0	0.000000E+0	4.652437E-3	1.264825E-2	2.999828E-2
0.000000E+0	0.000000E+0	0.000000E+0	0.000000E+0	0.000000E+0	4.588666E-3	1.254124E-2	2.980677E-2
0.000000E+0	0.000000E+0	0.000000E+0	0.000000E+0	0.000000E+0	4.553918E-3	1.245178E-2	2.961403E-2
0.000000E+0	0.000000E+0	0.000000E+0	0.000000E+0	0.000000E+0	4.516309E-3	1.233946E-2	2.941966E-2
0.000000E+0	0.000000E+0	0.000000E+0	0.000000E+0	0.000000E+0	4.465210E-3	1.224551E-2	2.922039E-2
0.000000E+0	0.000000E+0	0.000000E+0	0.000000E+0	0.000000E+0	4.425148E-3	1.213686E-2	2.903255E-2
0.000000E+0	0.000000E+0	0.000000E+0	0.000000E+0	0.000000E+0	4.376502E-3	1.204577E-2	2.884103E-2
0.000000E+0	0.000000E+0	0.000000E+0	0.000000E+0	0.000000E+0	4.337667E-3	1.194570E-2	2.864911E-2
0.000000E+0	0.000000E+0	0.000000E+0	0.000000E+0	0.000000E+0	4.291473E-3	1.185747E-2	2.846862E-2
0.000000E+0	0.000000E+0	0.000000E+0	0.000000E+0	0.000000E+0	4.246914E-3	1.174800E-2	2.827833E-2
0.000000E+0	0.000000E+0	0.000000E+0	0.000000E+0	0.000000E+0	4.213393E-3	1.165406E-2	2.809458E-2
0.000000E+0	0.000000E+0	0.000000E+0	0.000000E+0	0.000000E+0	4.180281E-3	1.156542E-2	2.790837E-2
0.000000E+0	0.000000E+0	0.000000E+0	0.000000E+0	0.000000E+0	4.133679E-3	1.146943E-2	2.772054E-2
0.000000E+0	0.000000E+0	0.000000E+0	0.000000E+0	0.000000E+0	4.089529E-3	1.137548E-2	2.754862E-2
0.000000E+0	0.000000E+0	0.000000E+0	0.000000E+0	0.000000E+0	4.053555E-3	1.128562E-2	2.736078E-2
0.000000E+0	0.000000E+0	0.000000E+0	0.000000E+0	0.000000E+0	4.012676E-3	1.120965E-2	2.718275E-2
0.000000E+0	0.000000E+0	0.000000E+0	0.000000E+0	0.000000E+0	3.977520E-3	1.111284E-2	2.700512E-2
0.000000E+0	0.000000E+0	0.000000E+0	0.000000E+0	0.000000E+0	3.923968E-3	1.101563E-2	2.682749E-2
0.000000E+0	0.000000E+0	0.000000E+0	0.000000E+0	0.000000E+0	3.896579E-3	1.093149E-2	2.665761E-2
0.000000E+0	0.000000E+0	0.000000E+0	0.000000E+0	0.000000E+0	3.860196E-3	1.085061E-2	2.647713E-2
0.000000E+0	0.000000E+0	0.000000E+0	0.000000E+0	0.000000E+0	3.828310E-3	1.076810E-2	2.630440E-2
0.000000E+0	0.000000E+0	0.000000E+0	0.000000E+0	0.000000E+0	3.787840E-3	1.066762E-2	2.613616E-2
0.000000E+0	0.000000E+0	0.000000E+0	0.000000E+0	0.000000E+0	3.748187E-3	1.058021E-2	2.596261E-2
0.000000E+0	0.000000E+0	0.000000E+0	0.000000E+0	0.000000E+0	3.716710E-3	1.050464E-2	2.580254E-2
0.000000E+0	0.000000E+0	0.000000E+0	0.000000E+0	0.000000E+0	3.676648E-3	1.042050E-2	2.563757E-2
0.000000E+0	0.000000E+0	0.000000E+0	0.000000E+0	0.000000E+0	3.644762E-3	1.033717E-2	2.545872E-2
0.000000E+0	0.000000E+0	0.000000E+0	0.000000E+0	0.000000E+0	3.598977E-3	1.025507E-2	2.529415E-2
0.000000E+0	0.000000E+0	0.000000E+0	0.000000E+0	0.000000E+0	3.575676E-3	1.017624E-2	2.512265E-2
0.000000E+0	0.000000E+0	0.000000E+0	0.000000E+0	0.000000E+0	3.540928E-3	1.008842E-2	2.496625E-2
0.000000E+0	0.000000E+0	0.000000E+0	0.000000E+0	0.000000E+0	3.500049E-3	1.000713E-2	2.480128E-2
0.000000E+0	0.000000E+0	0.000000E+0	0.000000E+0	0.000000E+0	3.462031E-3	9.930752E-3	2.464407E-2
0.000000E+0	0.000000E+0	0.000000E+0	0.000000E+0	0.000000E+0	3.432598E-3	9.851918E-3	2.447705E-2
0.000000E+0	0.000000E+0	0.000000E+0	0.000000E+0	0.000000E+0	3.403983E-3	9.771451E-3	2.431331E-2
0.000000E+0	0.000000E+0	0.000000E+0	0.000000E+0	0.000000E+0	3.367191E-3	9.691801E-3	2.416140E-2
0.000000E+0	0.000000E+0	0.000000E+0	0.000000E+0	0.000000E+0	3.331218E-3	9.622771E-3	2.400011E-2
0.000000E+0	0.000000E+0	0.000000E+0	0.000000E+0	0.000000E+0	3.306281E-3	9.552515E-3	2.383718E-2
0.000000E+0	0.000000E+0	0.000000E+0	0.000000E+0	0.000000E+0	3.274804E-3	9.466330E-3	2.368282E-2
0.000000E+0	0.000000E+0	0.000000E+0	0.000000E+0	0.000000E+0	3.243736E-3	9.394440E-3	2.353950E-2
0.000000E+0	0.000000E+0	0.000000E+0	0.000000E+0	0.000000E+0	3.213076E-3	9.309480E-3	2.338351E-2
0.000000E+0	0.000000E+0	0.000000E+0	0.000000E+0	0.000000E+0	3.176694E-3	9.233097E-3	2.322344E-2
0.000000E+0	0.000000E+0	0.000000E+0	0.000000E+0	0.000000E+0	3.153801E-3	9.164476E-3	2.307725E-2
0.000000E+0	0.000000E+0	0.000000E+0	0.000000E+0	0.000000E+0	3.117827E-3	9.097079E-3	2.292820E-2
0.000000E+0	0.000000E+0	0.000000E+0	0.000000E+0	0.000000E+0	3.089621E-3	9.024373E-3	2.277997E-2
0.000000E+0	0.000000E+0	0.000000E+0	0.000000E+0	0.000000E+0	3.064276E-3	8.948807E-3	2.263460E-2
0.000000E+0	0.000000E+0	0.000000E+0	0.000000E+0	0.000000E+0	3.035251E-3	8.880186E-3	2.248188E-2
0.000000E+0	0.000000E+0	0.000000E+0	0.000000E+0	0.000000E+0	3.007453E-3	8.814832E-3	2.233937E-2
0.000000E+0	0.000000E+0	0.000000E+0	0.000000E+0	0.000000E+0	2.971071E-3	8.741308E-3	2.219482E-2
0.000000E+0	0.000000E+0	0.000000E+0	0.000000E+0	0.000000E+0	2.939185E-3	8.669827E-3	2.204250E-2
0.000000E+0	0.000000E+0	0.000000E+0	0.000000E+0	0.000000E+0	2.923242E-3	8.596304E-3	2.190734E-2
0.000000E+0	0.000000E+0	0.000000E+0	0.000000E+0	0.000000E+0	2.889721E-3	8.530950E-3	2.176646E-2
0.000000E+0	0.000000E+0	0.000000E+0	0.000000E+0	0.000000E+0	2.867646E-3	8.459469E-3	2.162313E-2
0.000000E+0	0.000000E+0	0.000000E+0	0.000000E+0	0.000000E+0	2.827584E-3	8.391256E-3	2.147654E-2
0.000000E+0	0.000000E+0	0.000000E+0	0.000000E+0	0.000000E+0	2.816956E-3	8.334479E-3	2.134423E-2
0.000000E+0	0.000000E+0	0.000000E+0	0.000000E+0	0.000000E+0	2.785887E-3	8.266266E-3	2.120744E-2
0.000000E+0	0.000000E+0	0.000000E+0	0.000000E+0	0.000000E+0	2.755637E-3	8.200095E-3	2.106656E-2
0.000000E+0	0.000000E+0	0.000000E+0	0.000000E+0	0.000000E+0	2.731518E-3	8.141685E-3	2.093303E-2
0.000000E+0	0.000000E+0	0.000000E+0	0.000000E+0	0.000000E+0	2.711487E-3	8.079190E-3	2.080277E-2
0.000000E+0	0.000000E+0	0.000000E+0	0.000000E+0	0.000000E+0	2.680419E-3	8.009343E-3	2.067006E-2
0.000000E+0	0.000000E+0	0.000000E+0	0.000000E+0	0.000000E+0	2.658344E-3	7.935411E-3	2.053571E-2
0.000000E+0	0.000000E+0	0.000000E+0	0.000000E+0	0.000000E+0	2.631363E-3	7.883945E-3	2.040178E-2
0.000000E+0	0.000000E+0	0.000000E+0	0.000000E+0	0.000000E+0	2.608471E-3	7.824718E-3	2.026294E-2
0.000000E+0	0.000000E+0	0.000000E+0	0.000000E+0	0.000000E+0	2.581491E-3	7.756505E-3	2.013594E-2
0.000000E+0	0.000000E+0	0.000000E+0	0.000000E+0	0.000000E+0	2.557372E-3	7.698095E-3	2.000609E-2
0.000000E+0	0.000000E+0	0.000000E+0	0.000000E+0	0.000000E+0	2.532436E-3	7.642544E-3	1.987338E-2
0.000000E+0	0.000000E+0	0.000000E+0	0.000000E+0	0.000000E+0	2.517310E-3	7.581274E-3	1.974638E-2
0.000000E+0	0.000000E+0	0.000000E+0	0.000000E+0	0.000000E+0	2.485424E-3	7.517963E-3	1.961775E-2
0.000000E+0	0.000000E+0	0.000000E+0	0.000000E+0	0.000000E+0	2.466620E-3	7.466905E-3	1.949157E-2
0.000000E+0	0.000000E+0	0.000000E+0	0.000000E+0	0.000000E+0	2.430237E-3	7.397058E-3	1.936376E-2
0.000000E+0	0.000000E+0	0.000000E+0	0.000000E+0	0.000000E+0	2.415521E-3	7.343141E-3	1.924085E-2
0.000000E+0	0.000000E+0	0.000000E+0	0.000000E+0	0.000000E+0	2.404483E-3	7.279420E-3	1.910814E-2
0.000000E+0	0.000000E+0	0.000000E+0	0.000000E+0	0.000000E+0	2.369327E-3	7.230405E-3	1.899462E-2
0.000000E+0	0.000000E+0	0.000000E+0	0.000000E+0	0.000000E+0	2.338259E-3	7.169952E-3	1.886517E-2
0.000000E+0	0.000000E+0	0.000000E+0	0.000000E+0	0.000000E+0	2.336215E-3	7.118078E-3	1.874757E-2
0.000000E+0	0.000000E+0	0.000000E+0	0.000000E+0	0.000000E+0	2.310870E-3	7.054766E-3	1.862507E-2
0.000000E+0	0.000000E+0	0.000000E+0	0.000000E+0	0.000000E+0	2.288386E-3	7.014737E-3	1.851032E-2
0.000000E+0	0.000000E+0	0.000000E+0	0.000000E+0	0.000000E+0	2.258135E-3	6.947749E-3	1.838619E-2
0.000000E+0	0.000000E+0	0.000000E+0	0.000000E+0	0.000000E+0	2.241783E-3	6.904860E-3	1.826205E-2
0.000000E+0	0.000000E+0	0.000000E+0	0.000000E+0	0.000000E+0	2.227067E-3	6.838689E-3	1.814608E-2
0.000000E+0	0.000000E+0	0.000000E+0	0.000000E+0	0.000000E+0	2.202131E-3	6.795392E-3	1.802807E-2
0.000000E+0	0.000000E+0	0.000000E+0	0.000000E+0	0.000000E+0	2.179647E-3	6.737799E-3	1.791536E-2
0.000000E+0	0.000000E+0	0.000000E+0	0.000000E+0	0.000000E+0	2.166157E-3	6.680614E-3	1.779204E-2
0.000000E+0	0.000000E+0	0.000000E+0	0.000000E+0	0.000000E+0	2.137950E-3	6.629556E-3	1.768832E-2
0.000000E+0	0.000000E+0	0.000000E+0	0.000000E+0	0.000000E+0	2.120781E-3	6.578498E-3	1.758134E-2
0.000000E+0	0.000000E+0	0.000000E+0	0.000000E+0	0.000000E+0	2.097479E-3	6.514370E-3	1.745679E-2
0.000000E+0	0.000000E+0	0.000000E+0	0.000000E+0	0.000000E+0	2.084398E-3	6.476791E-3	1.734899E-2
0.000000E+0	0.000000E+0	0.000000E+0	0.000000E+0	0.000000E+0	2.066411E-3	6.417156E-3	1.723384E-2
0.000000E+0	0.000000E+0	0.000000E+0	0.000000E+0	0.000000E+0	2.046789E-3	6.375492E-3	1.712522E-2
0.000000E+0	0.000000E+0	0.000000E+0	0.000000E+0	0.000000E+0	2.023488E-3	6.319125E-3	1.702068E-2
0.000000E+0	0.000000E+0	0.000000E+0	0.000000E+0	0.000000E+0	2.008771E-3	6.280321E-3	1.689899E-2
0.000000E+0	0.000000E+0	0.000000E+0	0.000000E+0	0.000000E+0	1.986288E-3	6.229671E-3	1.678997E-2
0.000000E+0	0.000000E+0	0.000000E+0	0.000000E+0	0.000000E+0	1.969527E-3	6.179839E-3	1.668992E-2
0.000000E+0	0.000000E+0	0.000000E+0	0.000000E+0	0.000000E+0	1.946635E-3	6.123879E-3	1.658049E-2
0.000000E+0	0.000000E+0	0.000000E+0	0.000000E+0	0.000000E+0	1.924151E-3	6.085484E-3	1.646411E-2
0.000000E+0	0.000000E+0	0.000000E+0	0.000000E+0	0.000000E+0	1.913523E-3	6.040961E-3	1.636651E-2
0.000000E+0	0.000000E+0	0.000000E+0	0.000000E+0	0.000000E+0	1.888586E-3	5.983777E-3	1.625994E-2
0.000000E+0	0.000000E+0	0.000000E+0	0.000000E+0	0.000000E+0	1.876322E-3	5.940480E-3	1.616969E-2
0.000000E+0	0.000000E+0	0.000000E+0	0.000000E+0	0.000000E+0	1.863650E-3	5.900450E-3	1.605454E-2
0.000000E+0	0.000000E+0	0.000000E+0	0.000000E+0	0.000000E+0	1.842392E-3	5.851026E-3	1.595449E-2
0.000000E+0	0.000000E+0	0.000000E+0	0.000000E+0	0.000000E+0	1.834217E-3	5.808546E-3	1.585241E-2
0.000000E+0	0.000000E+0	0.000000E+0	0.000000E+0	0.000000E+0	1.808054E-3	5.760756E-3	1.576012E-2
0.000000E+0	0.000000E+0	0.000000E+0	0.000000E+0	0.000000E+0	1.794972E-3	5.716642E-3	1.565559E-2
0.000000E+0	0.000000E+0	0.000000E+0	0.000000E+0	0.000000E+0	1.774124E-3	5.673753E-3	1.555962E-2
0.000000E+0	0.000000E+0	0.000000E+0	0.000000E+0	0.000000E+0	1.761451E-3	5.626372E-3	1.545999E-2
0.000000E+0	0.000000E+0	0.000000E+0	0.000000E+0	0.000000E+0	1.747552E-3	5.588385E-3	1.535831E-2
0.000000E+0	0.000000E+0	0.000000E+0	0.000000E+0	0.000000E+0	1.725069E-3	5.545088E-3	1.526521E-2
0.000000E+0	0.000000E+0	0.000000E+0	0.000000E+0	0.000000E+0	1.704629E-3	5.498115E-3	1.516108E-2
0.000000E+0	0.000000E+0	0.000000E+0	0.000000E+0	0.000000E+0	1.691957E-3	5.459311E-3	1.506226E-2
0.000000E+0	0.000000E+0	0.000000E+0	0.000000E+0	0.000000E+0	1.674787E-3	5.416014E-3	1.497038E-2
0.000000E+0	0.000000E+0	0.000000E+0	0.000000E+0	0.000000E+0	1.667020E-3	5.372308E-3	1.487810E-2
0.000000E+0	0.000000E+0	0.000000E+0	0.000000E+0	0.000000E+0	1.644945E-3	5.339631E-3	1.477887E-2
0.000000E+0	0.000000E+0	0.000000E+0	0.000000E+0	0.000000E+0	1.629820E-3	5.293475E-3	1.468413E-2
0.000000E+0	0.000000E+0	0.000000E+0	0.000000E+0	0.000000E+0	1.617556E-3	5.262840E-3	1.459348E-2
0.000000E+0	0.000000E+0	0.000000E+0	0.000000E+0	0.000000E+0	1.596299E-3	5.215458E-3	1.450405E-2
0.000000E+0	0.000000E+0	0.000000E+0	0.000000E+0	0.000000E+0	1.585262E-3	5.180739E-3	1.440646E-2
0.000000E+0	0.000000E+0	0.000000E+0	0.000000E+0	0.000000E+0	1.576677E-3	5.134174E-3	1.432071E-2
0.000000E+0	0.000000E+0	0.000000E+0	0.000000E+0	0.000000E+0	1.555828E-3	5.103131E-3	1.423046E-2
0.000000E+0	0.000000E+0	0.000000E+0	0.000000E+0	0.000000E+0	1.541112E-3	5.060651E-3	1.413328E-2
0.000000E+0	0.000000E+0	0.000000E+0	0.000000E+0	0.000000E+0	1.525986E-3	5.015720E-3	1.403977E-2
0.000000E+0	0.000000E+0	0.000000E+0	0.000000E+0	0.000000E+0	1.509226E-3	4.974057E-3	1.395279E-2
0.000000E+0	0.000000E+0	0.000000E+0	0.000000E+0	0.000000E+0	1.508817E-3	4.940563E-3	1.386295E-2
0.000000E+0	0.000000E+0	0.000000E+0	0.000000E+0	0.000000E+0	1.483881E-3	4.902984E-3	1.378047E-2
0.000000E+0	0.000000E+0	0.000000E+0	0.000000E+0	0.000000E+0	1.459762E-3	4.865406E-3	1.369104E-2
0.000000E+0	0.000000E+0	0.000000E+0	0.000000E+0	0.000000E+0	1.457309E-3	4.827010E-3	1.360896E-2
0.000000E+0	0.000000E+0	0.000000E+0	0.000000E+0	0.000000E+0	1.447089E-3	4.792291E-3	1.352239E-2
0.000000E+0	0.000000E+0	0.000000E+0	0.000000E+0	0.000000E+0	1.427059E-3	4.761656E-3	1.342888E-2
0.000000E+0	0.000000E+0	0.000000E+0	0.000000E+0	0.000000E+0	1.419291E-3	4.716725E-3	1.334476E-2
0.000000E+0	0.000000E+0	0.000000E+0	0.000000E+0	0.000000E+0	1.406619E-3	4.686908E-3	1.326963E-2
0.000000E+0	0.000000E+0	0.000000E+0	0.000000E+0	0.000000E+0	1.396399E-3	4.649329E-3	1.318347E-2
0.000000E+0	0.000000E+0	0.000000E+0	0.000000E+0	0.000000E+0	1.376777E-3	4.615018E-3	1.309853E-2
0.000000E+0	0.000000E+0	0.000000E+0	0.000000E+0	0.000000E+0	1.364922E-3	4.577848E-3	1.301727E-2
0.000000E+0	0.000000E+0	0.000000E+0	0.000000E+0	0.000000E+0	1.358381E-3	4.549256E-3	1.293601E-2
0.000000E+0	0.000000E+0	0.000000E+0	0.000000E+0	0.000000E+0	1.345709E-3	4.507184E-3	1.285230E-2
0.000000E+0	0.000000E+0	0.000000E+0	0.000000E+0	0.000000E+0	1.333445E-3	4.475732E-3	1.276900E-2
0.000000E+0	0.000000E+0	0.000000E+0	0.000000E+0	0.000000E+0	1.324043E-3	4.441422E-3	1.268079E-2
0.000000E+0	0.000000E+0	0.000000E+0	0.000000E+0	0.000000E+0	1.311370E-3	4.407519E-3	1.262281E-2
0.000000E+0	0.000000E+0	0.000000E+0	0.000000E+0	0.000000E+0	1.290113E-3	4.372391E-3	1.253297E-2
0.000000E+0	0.000000E+0	0.000000E+0	0.000000E+0	0.000000E+0	1.283981E-3	4.334813E-3	1.246029E-2
0.000000E+0	0.000000E+0	0.000000E+0	0.000000E+0	0.000000E+0	1.277031E-3	4.300910E-3	1.237045E-2
0.000000E+0	0.000000E+0	0.000000E+0	0.000000E+0	0.000000E+0	1.259044E-3	4.278445E-3	1.229083E-2
0.000000E+0	0.000000E+0	0.000000E+0	0.000000E+0	0.000000E+0	1.250051E-3	4.243317E-3	1.221691E-2
0.000000E+0	0.000000E+0	0.000000E+0	0.000000E+0	0.000000E+0	1.237378E-3	4.215950E-3	1.214709E-2
0.000000E+0	0.000000E+0	0.000000E+0	0.000000E+0	0.000000E+0	1.223888E-3	4.177555E-3	1.205970E-2
0.000000E+0	0.000000E+0	0.000000E+0	0.000000E+0	0.000000E+0	1.215304E-3	4.144878E-3	1.198947E-2
0.000000E+0	0.000000E+0	0.000000E+0	0.000000E+0	0.000000E+0	1.202631E-3	4.118328E-3	1.191229E-2
0.000000E+0	0.000000E+0	0.000000E+0	0.000000E+0	0.000000E+0	1.192820E-3	4.080749E-3	1.183062E-2
0.000000E+0	0.000000E+0	0.000000E+0	0.000000E+0	0.000000E+0	1.174833E-3	4.050114E-3	1.175875E-2
0.000000E+0	0.000000E+0	0.000000E+0	0.000000E+0	0.000000E+0	1.175651E-3	4.021522E-3	1.169056E-2
0.000000E+0	0.000000E+0	0.000000E+0	0.000000E+0	0.000000E+0	1.161343E-3	3.994563E-3	1.161420E-2
0.000000E+0	0.000000E+0	0.000000E+0	0.000000E+0	0.000000E+0	1.142130E-3	3.965971E-3	1.154478E-2
0.000000E+0	0.000000E+0	0.000000E+0	0.000000E+0	0.000000E+0	1.133545E-3	3.923899E-3	1.147128E-2
0.000000E+0	0.000000E+0	0.000000E+0	0.000000E+0	0.000000E+0	1.135589E-3	3.891222E-3	1.139696E-2
0.000000E+0	0.000000E+0	0.000000E+0	0.000000E+0	0.000000E+0	1.128639E-3	3.875292E-3	1.132264E-2
0.000000E+0	0.000000E+0	0.000000E+0	0.000000E+0	0.000000E+0	1.118011E-3	3.853235E-3	1.125240E-2
0.000000E+0	0.000000E+0	0.000000E+0	0.000000E+0	0.000000E+0	1.086125E-3	3.805854E-3	1.118258E-2
0.000000E+0	0.000000E+0	0.000000E+0	0.000000E+0	0.000000E+0	1.091030E-3	3.787473E-3	1.111602E-2
0.000000E+0	0.000000E+0	0.000000E+0	0.000000E+0	0.000000E+0	1.082037E-3	3.762965E-3	1.104170E-2
0.000000E+0	0.000000E+0	0.000000E+0	0.000000E+0	0.000000E+0	1.067729E-3	3.730288E-3	1.097391E-2
0.000000E+0	0.000000E+0	0.000000E+0	0.000000E+0	0.000000E+0	1.052195E-3	3.693526E-3	1.090735E-2
0.000000E+0	0.000000E+0	0.000000E+0	0.000000E+0	0.000000E+0	1.054239E-3	3.676779E-3	1.083181E-2
0.000000E+0	0.000000E+0	0.000000E+0	0.000000E+0	0.000000E+0	1.038705E-3	3.644919E-3	1.077342E-2
0.000000E+0	0.000000E+0	0.000000E+0	0.000000E+0	0.000000E+0	1.031755E-3	3.628581E-3	1.070849E-2
0.000000E+0	0.000000E+0	0.000000E+0	0.000000E+0	0.000000E+0	1.009272E-3	3.589777E-3	1.063989E-2
0.000000E+0	0.000000E+0	0.000000E+0	0.000000E+0	0.000000E+0	1.004366E-3	3.569354E-3	1.058639E-2
0.000000E+0	0.000000E+0	0.000000E+0	0.000000E+0	0.000000E+0	1.000687E-3	3.542395E-3	1.051575E-2
0.000000E+0	0.000000E+0	0.000000E+0	0.000000E+0	0.000000E+0	9.847442E-4	3.511760E-3	1.044470E-2
0.000000E+0	0.000000E+0	0.000000E+0	0.000000E+0	0.000000E+0	9.704365E-4	3.487253E-3	1.038549E-2
0.000000E+0	0.000000E+0	0.000000E+0	0.000000E+0	0.000000E+0	9.659397E-4	3.466013E-3	1.031485E-2
0.000000E+0	0.000000E+0	0.000000E+0	0.000000E+0	0.000000E+0	9.692101E-4	3.428434E-3	1.024829E-2
0.000000E+0	0.000000E+0	0.000000E+0	0.000000E+0	0.000000E+0	9.561287E-4	3.408828E-3	1.019071E-2
0.000000E+0	0.000000E+0	0.000000E+0	0.000000E+0	0.000000E+0	9.373242E-4	3.376968E-3	1.012456E-2
0.000000E+0	0.000000E+0	0.000000E+0	0.000000E+0	0.000000E+0	9.377330E-4	3.363080E-3	1.006412E-2
0.000000E+0	0.000000E+0	0.000000E+0	0.000000E+0	0.000000E+0	9.258780E-4	3.340206E-3	1.000083E-2
0.000000E+0	0.000000E+0	0.000000E+0	0.000000E+0	0.000000E+0	9.250604E-4	3.313656E-3	9.932635E-3
0.000000E+0	0.000000E+0	0.000000E+0	0.000000E+0	0.000000E+0	8.997152E-4	3.281387E-3	9.884859E-3
0.000000E+0	0.000000E+0	0.000000E+0	0.000000E+0	0.000000E+0	9.009416E-4	3.257697E-3	9.810540E-3
0.000000E+0	0.000000E+0	0.000000E+0	0.000000E+0	0.000000E+0	8.927657E-4	3.233597E-3	9.753780E-3
0.000000E+0	0.000000E+0	0.000000E+0	0.000000E+0	0.000000E+0	8.915394E-4	3.208681E-3	9.692120E-3
0.000000E+0	0.000000E+0	0.000000E+0	0.000000E+0	0.000000E+0	8.694645E-4	3.184990E-3	9.637402E-3
0.000000E+0	0.000000E+0	0.000000E+0	0.000000E+0	0.000000E+0	8.690557E-4	3.170286E-3	9.568800E-3
0.000000E+0	0.000000E+0	0.000000E+0	0.000000E+0	0.000000E+0	8.592447E-4	3.134341E-3	9.512448E-3
0.000000E+0	0.000000E+0	0.000000E+0	0.000000E+0	0.000000E+0	8.510688E-4	3.121270E-3	9.455280E-3
0.000000E+0	0.000000E+0	0.000000E+0	0.000000E+0	0.000000E+0	8.404402E-4	3.089410E-3	9.391987E-3
0.000000E+0	0.000000E+0	0.000000E+0	0.000000E+0	0.000000E+0	8.396226E-4	3.077973E-3	9.340127E-3
0.000000E+0	0.000000E+0	0.000000E+0	0.000000E+0	0.000000E+0	8.249060E-4	3.045704E-3	9.283775E-3
0.000000E+0	0.000000E+0	0.000000E+0	0.000000E+0	0.000000E+0	8.277676E-4	3.028141E-3	9.224974E-3
0.000000E+0	0.000000E+0	0.000000E+0	0.000000E+0	0.000000E+0	8.048752E-4	2.998323E-3	9.166580E-3
0.000000E+0	0.000000E+0	0.000000E+0	0.000000E+0	0.000000E+0	7.966993E-4	2.989745E-3	9.104920E-3
0.000000E+0	0.000000E+0	0.000000E+0	0.000000E+0	0.000000E+0	8.003785E-4	2.964420E-3	9.055511E-3
0.000000E+0	0.000000E+0	0.000000E+0	0.000000E+0	0.000000E+0	7.987433E-4	2.944406E-3	8.997934E-3
0.000000E+0	0.000000E+0	0.000000E+0	0.000000E+0	0.000000E+0	7.836179E-4	2.916630E-3	8.942399E-3
0.000000E+0	0.000000E+0	0.000000E+0	0.000000E+0	0.000000E+0	7.680838E-4	2.895799E-3	8.887273E-3
0.000000E+0	0.000000E+0	0.000000E+0	0.000000E+0	0.000000E+0	7.680838E-4	2.878235E-3	8.831329E-3
0.000000E+0	0.000000E+0	0.000000E+0	0.000000E+0	0.000000E+0	7.660398E-4	2.848825E-3	8.773753E-3
0.000000E+0	0.000000E+0	0.000000E+0	0.000000E+0	0.000000E+0	7.521408E-4	2.833712E-3	8.730468E-3
0.000000E+0	0.000000E+0	0.000000E+0	0.000000E+0	0.000000E+0	7.472353E-4	2.810430E-3	8.666766E-3
0.000000E+0	0.000000E+0	0.000000E+0	0.000000E+0	0.000000E+0	7.329276E-4	2.787148E-3	8.615723E-3
0.000000E+0	0.000000E+0	0.000000E+0	0.000000E+0	0.000000E+0	7.411034E-4	2.772851E-3	8.559780E-3
0.000000E+0	0.000000E+0	0.000000E+0	0.000000E+0	0.000000E+0	7.341539E-4	2.746301E-3	8.510370E-3
0.000000E+0	0.000000E+0	0.000000E+0	0.000000E+0	0.000000E+0	7.128967E-4	2.729554E-3	8.458919E-3
0.000000E+0	0.000000E+0	0.000000E+0	0.000000E+0	0.000000E+0	7.227077E-4	2.710765E-3	8.414409E-3
0.000000E+0	0.000000E+0	0.000000E+0	0.000000E+0	0.000000E+0	7.153495E-4	2.690750E-3	8.358058E-3
0.000000E+0	0.000000E+0	0.000000E+0	0.000000E+0	0.000000E+0	7.055384E-4	2.671961E-3	8.307831E-3
0.000000E+0	0.000000E+0	0.000000E+0	0.000000E+0	0.000000E+0	6.891867E-4	2.649087E-3	8.258830E-3
0.000000E+0	0.000000E+0	0.000000E+0	0.000000E+0	0.000000E+0	6.945010E-4	2.635608E-3	8.207379E-3
0.000000E+0	0.000000E+0	0.000000E+0	0.000000E+0	0.000000E+0	6.850988E-4	2.614776E-3	8.158786E-3
0.000000E+0	0.000000E+0	0.000000E+0	0.000000E+0	0.000000E+0	6.658855E-4	2.595579E-3	8.106109E-3
0.000000E+0	0.000000E+0	0.000000E+0	0.000000E+0	0.000000E+0	6.703822E-4	2.576789E-3	8.064866E-3
0.000000E+0	0.000000E+0	0.000000E+0	0.000000E+0	0.000000E+0	6.703822E-4	2.565761E-3	8.006881E-3
0.000000E+0	0.000000E+0	0.000000E+0	0.000000E+0	0.000000E+0	6.573008E-4	2.546563E-3	7.963189E-3
0.000000E+0	0.000000E+0	0.000000E+0	0.000000E+0	0.000000E+0	6.519865E-4	2.521647E-3	7.908879E-3
0.000000E+0	0.000000E+0	0.000000E+0	0.000000E+0	0.000000E+0	6.450370E-4	2.502041E-3	7.866819E-3
0.000000E+0	0.000000E+0	0.000000E+0	0.000000E+0	0.000000E+0	6.434018E-4	2.488561E-3	7.814551E-3
0.000000E+0	0.000000E+0	0.000000E+0	0.000000E+0	0.000000E+0	6.438106E-4	2.470181E-3	7.777800E-3
0.000000E+0	0.000000E+0	0.000000E+0	0.000000E+0	0.000000E+0	6.258237E-4	2.444039E-3	7.721857E-3
0.000000E+0	0.000000E+0	0.000000E+0	0.000000E+0	0.000000E+0	6.160127E-4	2.439546E-3	7.678981E-3
0.000000E+0	0.000000E+0	0.000000E+0	0.000000E+0	0.000000E+0	6.078368E-4	2.424841E-3	7.630796E-3
0.000000E+0	0.000000E+0	0.000000E+0	0.000000E+0	0.000000E+0	6.127423E-4	2.400333E-3	7.581386E-3
0.000000E+0	0.000000E+0	0.000000E+0	0.000000E+0	0.000000E+0	6.033401E-4	2.384812E-3	7.531977E-3
0.000000E+0	0.000000E+0	0.000000E+0	0.000000E+0	0.000000E+0	6.004785E-4	2.361529E-3	7.491142E-3
0.000000E+0	0.000000E+0	0.000000E+0	0.000000E+0	0.000000E+0	5.992522E-4	2.348867E-3	7.440507E-3
0.000000E+0	0.000000E+0	0.000000E+0	0.000000E+0	0.000000E+0	5.865796E-4	2.334571E-3	7.401306E-3
0.000000E+0	0.000000E+0	0.000000E+0	0.000000E+0	0.000000E+0	5.779949E-4	2.312922E-3	7.355980E-3
0.000000E+0	0.000000E+0	0.000000E+0	0.000000E+0	0.000000E+0	5.718630E-4	2.296992E-3	7.318412E-3
0.000000E+0	0.000000E+0	0.000000E+0	0.000000E+0	0.000000E+0	5.657311E-4	2.283922E-3	7.268186E-3
0.000000E+0	0.000000E+0	0.000000E+0	0.000000E+0	0.000000E+0	5.612344E-4	2.266766E-3	7.219593E-3
0.000000E+0	0.000000E+0	0.000000E+0	0.000000E+0	0.000000E+0	5.657311E-4	2.249611E-3	7.178759E-3
0.000000E+0	0.000000E+0	0.000000E+0	0.000000E+0	0.000000E+0	5.542849E-4	2.234498E-3	7.135882E-3
0.000000E+0	0.000000E+0	0.000000E+0	0.000000E+0	0.000000E+0	5.481530E-4	2.214891E-3	7.090964E-3
0.000000E+0	0.000000E+0	0.000000E+0	0.000000E+0	0.000000E+0	5.465178E-4	2.201821E-3	7.049722E-3
0.000000E+0	0.000000E+0	0.000000E+0	0.000000E+0	0.000000E+0	5.395684E-4	2.178947E-3	7.005212E-3
0.000000E+0	0.000000E+0	0.000000E+0	0.000000E+0	0.000000E+0	5.273046E-4	2.168735E-3	6.963153E-3
0.000000E+0	0.000000E+0	0.000000E+0	0.000000E+0	0.000000E+0	5.268958E-4	2.147903E-3	6.921501E-3
0.000000E+0	0.000000E+0	0.000000E+0	0.000000E+0	0.000000E+0	5.240342E-4	2.134833E-3	6.876992E-3
0.000000E+0	0.000000E+0	0.000000E+0	0.000000E+0	0.000000E+0	5.215814E-4	2.127072E-3	6.839424E-3
0.000000E+0	0.000000E+0	0.000000E+0	0.000000E+0	0.000000E+0	5.129968E-4	2.113184E-3	6.801856E-3
0.000000E+0	0.000000E+0	0.000000E+0	0.000000E+0	0.000000E+0	5.035945E-4	2.095212E-3	6.759797E-3
0.000000E+0	0.000000E+0	0.000000E+0	0.000000E+0	0.000000E+0	5.076825E-4	2.077648E-3	6.711612E-3
0.000000E+0	0.000000E+0	0.000000E+0	0.000000E+0	0.000000E+0	4.990978E-4	2.061309E-3	6.678536E-3
0.000000E+0	0.000000E+0	0.000000E+0	0.000000E+0	0.000000E+0	4.999154E-4	2.056816E-3	6.637702E-3
0.000000E+0	0.000000E+0	0.000000E+0	0.000000E+0	0.000000E+0	4.856076E-4	2.022914E-3	6.594009E-3
0.000000E+0	0.000000E+0	0.000000E+0	0.000000E+0	0.000000E+0	4.880604E-4	2.019238E-3	6.553174E-3
0.000000E+0	0.000000E+0	0.000000E+0	0.000000E+0	0.000000E+0	4.880604E-4	2.000040E-3	6.516832E-3
0.000000E+0	0.000000E+0	0.000000E+0	0.000000E+0	0.000000E+0	4.782494E-4	1.994321E-3	6.480897E-3
0.000000E+0	0.000000E+0	0.000000E+0	0.000000E+0	0.000000E+0	4.643504E-4	1.975124E-3	6.449047E-3
0.000000E+0	0.000000E+0	0.000000E+0	0.000000E+0	0.000000E+0	4.733438E-4	1.957151E-3	6.389020E-3
0.000000E+0	0.000000E+0	0.000000E+0	0.000000E+0	0.000000E+0	4.647592E-4	1.945714E-3	6.362069E-3
0.000000E+0	0.000000E+0	0.000000E+0	0.000000E+0	0.000000E+0	4.602625E-4	1.936320E-3	6.326952E-3
0.000000E+0	0.000000E+0	0.000000E+0	0.000000E+0	0.000000E+0	4.520866E-4	1.914671E-3	6.286117E-3
0.000000E+0	0.000000E+0	0.000000E+0	0.000000E+0	0.000000E+0	4.459547E-4	1.913037E-3	6.242833E-3
0.000000E+0	0.000000E+0	0.000000E+0	0.000000E+0	0.000000E+0	4.471811E-4	1.892206E-3	6.213840E-3
0.000000E+0	0.000000E+0	0.000000E+0	0.000000E+0	0.000000E+0	4.385964E-4	1.882811E-3	6.172597E-3
0.000000E+0	0.000000E+0	0.000000E+0	0.000000E+0	0.000000E+0	4.430931E-4	1.858712E-3	6.140746E-3
0.000000E+0	0.000000E+0	0.000000E+0	0.000000E+0	0.000000E+0	4.279678E-4	1.852585E-3	6.092153E-3
0.000000E+0	0.000000E+0	0.000000E+0	0.000000E+0	0.000000E+0	4.255150E-4	1.832979E-3	6.060302E-3
0.000000E+0	0.000000E+0	0.000000E+0	0.000000E+0	0.000000E+0	4.373700E-4	1.830119E-3	6.026818E-3
0.000000E+0	0.000000E+0	0.000000E+0	0.000000E+0	0.000000E+0	4.214271E-4	1.814598E-3	5.997417E-3
0.000000E+0	0.000000E+0	0.000000E+0	0.000000E+0	0.000000E+0	4.222447E-4	1.803978E-3	5.949233E-3
0.000000E+0	0.000000E+0	0.000000E+0	0.000000E+0	0.000000E+0	4.120249E-4	1.777019E-3	5.921874E-3
0.000000E+0	0.000000E+0	0.000000E+0	0.000000E+0	0.000000E+0	4.046666E-4	1.776202E-3	5.881448E-3
0.000000E+0	0.000000E+0	0.000000E+0	0.000000E+0	0.000000E+0	4.095721E-4	1.770484E-3	5.860214E-3
0.000000E+0	0.000000E+0	0.000000E+0	0.000000E+0	0.000000E+0	3.973083E-4	1.752920E-3	5.811621E-3
0.000000E+0	0.000000E+0	0.000000E+0	0.000000E+0	0.000000E+0	3.924028E-4	1.737398E-3	5.772011E-3
0.000000E+0	0.000000E+0	0.000000E+0	0.000000E+0	0.000000E+0	3.993523E-4	1.730046E-3	5.744652E-3
0.000000E+0	0.000000E+0	0.000000E+0	0.000000E+0	0.000000E+0	3.838181E-4	1.714933E-3	5.716476E-3
0.000000E+0	0.000000E+0	0.000000E+0	0.000000E+0	0.000000E+0	3.830005E-4	1.704313E-3	5.677684E-3
0.000000E+0	0.000000E+0	0.000000E+0	0.000000E+0	0.000000E+0	3.801390E-4	1.686749E-3	5.648283E-3
0.000000E+0	0.000000E+0	0.000000E+0	0.000000E+0	0.000000E+0	3.809566E-4	1.667960E-3	5.613165E-3
0.000000E+0	0.000000E+0	0.000000E+0	0.000000E+0	0.000000E+0	3.727807E-4	1.668777E-3	5.583356E-3
0.000000E+0	0.000000E+0	0.000000E+0	0.000000E+0	0.000000E+0	3.601081E-4	1.648354E-3	5.551097E-3
0.000000E+0	0.000000E+0	0.000000E+0	0.000000E+0	0.000000E+0	3.641960E-4	1.641410E-3	5.515571E-3
0.000000E+0	0.000000E+0	0.000000E+0	0.000000E+0	0.000000E+0	3.633785E-4	1.629156E-3	5.489028E-3
0.000000E+0	0.000000E+0	0.000000E+0	0.000000E+0	0.000000E+0	3.535674E-4	1.616493E-3	5.464119E-3
0.000000E+0	0.000000E+0	0.000000E+0	0.000000E+0	0.000000E+0	3.552026E-4	1.610367E-3	5.422060E-3
0.000000E+0	0.000000E+0	0.000000E+0	0.000000E+0	0.000000E+0	3.511147E-4	1.596479E-3	5.388984E-3
0.000000E+0	0.000000E+0	0.000000E+0	0.000000E+0	0.000000E+0	3.511147E-4	1.581774E-3	5.362033E-3
0.000000E+0	0.000000E+0	0.000000E+0	0.000000E+0	0.000000E+0	3.400772E-4	1.565436E-3	5.332632E-3
0.000000E+0	0.000000E+0	0.000000E+0	0.000000E+0	0.000000E+0	3.347629E-4	1.556041E-3	5.306090E-3
0.000000E+0	0.000000E+0	0.000000E+0	0.000000E+0	0.000000E+0	3.351717E-4	1.556858E-3	5.265255E-3
0.000000E+0	0.000000E+0	0.000000E+0	0.000000E+0	0.000000E+0	3.261783E-4	1.538886E-3	5.232588E-3
0.000000E+0	0.000000E+0	0.000000E+0	0.000000E+0	0.000000E+0	3.302662E-4	1.533576E-3	5.201554E-3
0.000000E+0	0.000000E+0	0.000000E+0	0.000000E+0	0.000000E+0	3.216815E-4	1.524181E-3	5.169294E-3
0.000000E+0	0.000000E+0	0.000000E+0	0.000000E+0	0.000000E+0	3.233167E-4	1.508251E-3	5.140302E-3
0.000000E+0	0.000000E+0	0.000000E+0	0.000000E+0	0.000000E+0	3.208640E-4	1.497222E-3	5.121926E-3
0.000000E+0	0.000000E+0	0.000000E+0	0.000000E+0	0.000000E+0	3.196376E-4	1.488236E-3	5.086809E-3
0.000000E+0	0.000000E+0	0.000000E+0	0.000000E+0	0.000000E+0	3.077826E-4	1.478433E-3	5.050058E-3
0.000000E+0	0.000000E+0	0.000000E+0	0.000000E+0	0.000000E+0	3.036946E-4	1.465771E-3	5.025557E-3
0.000000E+0	0.000000E+0	0.000000E+0	0.000000E+0	0.000000E+0	3.024683E-4	1.453517E-3	4.995748E-3
0.000000E+0	0.000000E+0	0.000000E+0	0.000000E+0	0.000000E+0	2.987891E-4	1.449024E-3	4.973697E-3
0.000000E+0	0.000000E+0	0.000000E+0	0.000000E+0	0.000000E+0	2.991979E-4	1.437995E-3	4.934088E-3
0.000000E+0	0.000000E+0	0.000000E+0	0.000000E+0	0.000000E+0	2.959276E-4	1.420023E-3	4.904687E-3
0.000000E+0	0.000000E+0	0.000000E+0	0.000000E+0	0.000000E+0	2.975627E-4	1.421657E-3	4.886312E-3
0.000000E+0	0.000000E+0	0.000000E+0	0.000000E+0	0.000000E+0	2.967452E-4	1.415938E-3	4.854052E-3
0.000000E+0	0.000000E+0	0.000000E+0	0.000000E+0	0.000000E+0	2.897957E-4	1.401642E-3	4.818526E-3
0.000000E+0	0.000000E+0	0.000000E+0	0.000000E+0	0.000000E+0	2.848901E-4	1.396332E-3	4.793617E-3
0.000000E+0	0.000000E+0	0.000000E+0	0.000000E+0	0.000000E+0	2.865253E-4	1.382853E-3	4.767892E-3
0.000000E+0	0.000000E+0	0.000000E+0	0.000000E+0	0.000000E+0	2.779407E-4	1.372233E-3	4.737674E-3
0.000000E+0	0.000000E+0	0.000000E+0	0.000000E+0	0.000000E+0	2.758967E-4	1.365697E-3	4.722974E-3
0.000000E+0	0.000000E+0	0.000000E+0	0.000000E+0	0.000000E+0	2.709912E-4	1.342415E-3	4.689898E-3
0.000000E+0	0.000000E+0	0.000000E+0	0.000000E+0	0.000000E+0	2.763055E-4	1.338739E-3	4.658455E-3
0.000000E+0	0.000000E+0	0.000000E+0	0.000000E+0	0.000000E+0	2.685384E-4	1.328936E-3	4.635180E-3
0.000000E+0	0.000000E+0	0.000000E+0	0.000000E+0	0.000000E+0	2.636329E-4	1.324443E-3	4.602512E-3
0.000000E+0	0.000000E+0	0.000000E+0	0.000000E+0	0.000000E+0	2.521867E-4	1.315865E-3	4.580053E-3
0.000000E+0	0.000000E+0	0.000000E+0	0.000000E+0	0.000000E+0	2.583186E-4	1.298710E-3	4.556369E-3
0.000000E+0	0.000000E+0	0.000000E+0	0.000000E+0	0.000000E+0	2.587274E-4	1.293808E-3	4.520843E-3
0.000000E+0	0.000000E+0	0.000000E+0	0.000000E+0	0.000000E+0	2.476900E-4	1.284413E-3	4.500834E-3
0.000000E+0	0.000000E+0	0.000000E+0	0.000000E+0	0.000000E+0	2.423756E-4	1.266849E-3	4.477559E-3
0.000000E+0	0.000000E+0	0.000000E+0	0.000000E+0	0.000000E+0	2.501427E-4	1.271343E-3	4.444074E-3
0.000000E+0	0.000000E+0	0.000000E+0	0.000000E+0	0.000000E+0	2.493251E-4	1.262356E-3	4.413857E-3
0.000000E+0	0.000000E+0	0.000000E+0	0.000000E+0	0.000000E+0	2.399229E-4	1.247652E-3	4.397523E-3
0.000000E+0	0.000000E+0	0.000000E+0	0.000000E+0	0.000000E+0	2.333822E-4	1.235806E-3	4.370981E-3
0.000000E+0	0.000000E+0	0.000000E+0	0.000000E+0	0.000000E+0	2.325646E-4	1.236623E-3	4.339130E-3
0.000000E+0	0.000000E+0	0.000000E+0	0.000000E+0	0.000000E+0	2.354262E-4	1.217017E-3	4.318712E-3
0.000000E+0	0.000000E+0	0.000000E+0	0.000000E+0	0.000000E+0	2.329734E-4	1.213341E-3	4.295028E-3
0.000000E+0	0.000000E+0	0.000000E+0	0.000000E+0	0.000000E+0	2.280679E-4	1.205172E-3	4.266444E-3
0.000000E+0	0.000000E+0	0.000000E+0	0.000000E+0	0.000000E+0	2.243887E-4	1.198636E-3	4.246027E-3
0.000000E+0	0.000000E+0	0.000000E+0	0.000000E+0	0.000000E+0	2.239800E-4	1.187199E-3	4.214993E-3
0.000000E+0	0.000000E+0	0.000000E+0	0.000000E+0	0.000000E+0	2.227536E-4	1.188016E-3	4.191309E-3
0.000000E+0	0.000000E+0	0.000000E+0	0.000000E+0	0.000000E+0	2.113074E-4	1.180664E-3	4.177425E-3
0.000000E+0	0.000000E+0	0.000000E+0	0.000000E+0	0.000000E+0	2.133513E-4	1.173720E-3	4.150883E-3
0.000000E+0	0.000000E+0	0.000000E+0	0.000000E+0	0.000000E+0	2.158041E-4	1.161466E-3	4.121890E-3
0.000000E+0	0.000000E+0	0.000000E+0	0.000000E+0	0.000000E+0	2.145777E-4	1.161466E-3	4.099840E-3
0.000000E+0	0.000000E+0	0.000000E+0	0.000000E+0	0.000000E+0	2.080370E-4	1.142677E-3	4.083506E-3
0.000000E+0	0.000000E+0	0.000000E+0	0.000000E+0	0.000000E+0	2.113074E-4	1.142268E-3	4.053288E-3
0.000000E+0	0.000000E+0	0.000000E+0	0.000000E+0	0.000000E+0	2.076282E-4	1.132057E-3	4.036955E-3
0.000000E+0	0.000000E+0	0.000000E+0	0.000000E+0	0.000000E+0	1.990436E-4	1.115718E-3	4.003879E-3
0.000000E+0	0.000000E+0	0.000000E+0	0.000000E+0	0.000000E+0	1.912765E-4	1.109183E-3	3.981011E-3
0.000000E+0	0.000000E+0	0.000000E+0	0.000000E+0	0.000000E+0	1.953644E-4	1.107549E-3	3.962228E-3
0.000000E+0	0.000000E+0	0.000000E+0	0.000000E+0	0.000000E+0	1.937293E-4	1.098154E-3	3.937319E-3
0.000000E+0	0.000000E+0	0.000000E+0	0.000000E+0	0.000000E+0	1.859622E-4	1.084267E-3	3.915676E-3
0.000000E+0	0.000000E+0	0.000000E+0	0.000000E+0	0.000000E+0	1.806479E-4	1.082224E-3	3.894851E-3
0.000000E+0	0.000000E+0	0.000000E+0	0.000000E+0	0.000000E+0	1.835094E-4	1.078957E-3	3.874025E-3
0.000000E+0	0.000000E+0	0.000000E+0	0.000000E+0	0.000000E+0	1.880061E-4	1.072421E-3	3.848708E-3
0.000000E+0	0.000000E+0	0.000000E+0	0.000000E+0	0.000000E+0	1.818742E-4	1.063435E-3	3.829107E-3
0.000000E+0	0.000000E+0	0.000000E+0	0.000000E+0	0.000000E+0	1.765599E-4	1.054449E-3	3.803790E-3
0.000000E+0	0.000000E+0	0.000000E+0	0.000000E+0	0.000000E+0	1.687929E-4	1.048730E-3	3.782556E-3
0.000000E+0	0.000000E+0	0.000000E+0	0.000000E+0	0.000000E+0	1.843270E-4	1.043012E-3	3.760097E-3
0.000000E+0	0.000000E+0	0.000000E+0	0.000000E+0	0.000000E+0	1.781951E-4	1.034434E-3	3.744580E-3
0.000000E+0	0.000000E+0	0.000000E+0	0.000000E+0	0.000000E+0	1.651137E-4	1.023406E-3	3.715587E-3
0.000000E+0	0.000000E+0	0.000000E+0	0.000000E+0	0.000000E+0	1.687929E-4	1.022589E-3	3.688637E-3
0.000000E+0	0.000000E+0	0.000000E+0	0.000000E+0	0.000000E+0	1.675665E-4	1.014419E-3	3.675161E-3
0.000000E+0	0.000000E+0	0.000000E+0	0.000000E+0	0.000000E+0	1.716544E-4	1.006250E-3	3.652294E-3
0.000000E+0	0.000000E+0	0.000000E+0	0.000000E+0	0.000000E+0	1.573466E-4	9.964471E-4	3.637185E-3
0.000000E+0	0.000000E+0	0.000000E+0	0.000000E+0	0.000000E+0	1.516235E-4	9.939963E-4	3.604926E-3
0.000000E+0	0.000000E+0	0.000000E+0	0.000000E+0	0.000000E+0	1.638873E-4	9.927709E-4	3.605334E-3
0.000000E+0	0.000000E+0	0.000000E+0	0.000000E+0	0.000000E+0	1.569379E-4	9.841932E-4	3.576750E-3
0.000000E+0	0.000000E+0	0.000000E+0	0.000000E+0	0.000000E+0	1.487620E-4	9.637701E-4	3.556333E-3
0.000000E+0	0.000000E+0	0.000000E+0	0.000000E+0	0.000000E+0	1.536675E-4	9.707139E-4	3.537141E-3
0.000000E+0	0.000000E+0	0.000000E+0	0.000000E+0	0.000000E+0	1.565291E-4	9.572347E-4	3.518357E-3
0.000000E+0	0.000000E+0	0.000000E+0	0.000000E+0	0.000000E+0	1.540763E-4	9.490654E-4	3.493040E-3
0.000000E+0	0.000000E+0	0.000000E+0	0.000000E+0	0.000000E+0	1.475356E-4	9.462062E-4	3.481606E-3
0.000000E+0	0.000000E+0	0.000000E+0	0.000000E+0	0.000000E+0	1.405861E-4	9.441639E-4	3.454247E-3
0.000000E+0	0.000000E+0	0.000000E+0	0.000000E+0	0.000000E+0	1.377246E-4	9.339523E-4	3.437096E-3
0.000000E+0	0.000000E+0	0.000000E+0	0.000000E+0	0.000000E+0	1.508060E-4	9.355862E-4	3.410554E-3
0.000000E+0	0.000000E+0	0.000000E+0	0.000000E+0	0.000000E+0	1.385422E-4	9.212900E-4	3.401570E-3
0.000000E+0	0.000000E+0	0.000000E+0	0.000000E+0	0.000000E+0	1.360894E-4	9.074022E-4	3.387687E-3
0.000000E+0	0.000000E+0	0.000000E+0	0.000000E+0	0.000000E+0	1.320015E-4	9.041345E-4	3.369311E-3
0.000000E+0	0.000000E+0	0.000000E+0	0.000000E+0	0.000000E+0	1.373158E-4	8.951483E-4	3.344810E-3
0.000000E+0	0.000000E+0	0.000000E+0	0.000000E+0	0.000000E+0	1.360894E-4	8.963737E-4	3.331743E-3
0.000000E+0	0.000000E+0	0.000000E+0	0.000000E+0	0.000000E+0	1.291399E-4	8.857537E-4	3.299076E-3
0.000000E+0	0.000000E+0	0.000000E+0	0.000000E+0	0.000000E+0	1.185113E-4	8.853452E-4	3.291726E-3
0.000000E+0	0.000000E+0	0.000000E+0	0.000000E+0	0.000000E+0	1.385422E-4	8.841199E-4	3.270492E-3
0.000000E+0	0.000000E+0	0.000000E+0	0.000000E+0	0.000000E+0	1.320015E-4	8.759506E-4	3.254566E-3
0.000000E+0	0.000000E+0	0.000000E+0	0.000000E+0	0.000000E+0	1.181025E-4	8.620629E-4	3.229249E-3
0.000000E+0	0.000000E+0	0.000000E+0	0.000000E+0	0.000000E+0	1.270959E-4	8.551190E-4	3.214548E-3
0.000000E+0	0.000000E+0	0.000000E+0	0.000000E+0	0.000000E+0	1.111530E-4	8.559359E-4	3.196173E-3
0.000000E+0	0.000000E+0	0.000000E+0	0.000000E+0	0.000000E+0	1.156497E-4	8.449074E-4	3.176981E-3
0.000000E+0	0.000000E+0	0.000000E+0	0.000000E+0	0.000000E+0	1.123794E-4	8.318366E-4	3.158197E-3
0.000000E+0	0.000000E+0	0.000000E+0	0.000000E+0	0.000000E+0	1.144234E-4	8.383720E-4	3.142680E-3
0.000000E+0	0.000000E+0	0.000000E+0	0.000000E+0	0.000000E+0	1.176937E-4	8.314282E-4	3.132063E-3
0.000000E+0	0.000000E+0	0.000000E+0	0.000000E+0	0.000000E+0	1.029771E-4	8.293859E-4	3.114912E-3
0.000000E+0	0.000000E+0	0.000000E+0	0.000000E+0	0.000000E+0	1.152409E-4	8.179489E-4	3.092453E-3
0.000000E+0	0.000000E+0	0.000000E+0	0.000000E+0	0.000000E+0	9.970680E-5	8.183574E-4	3.072036E-3
0.000000E+0	0.000000E+0	0.000000E+0	0.000000E+0	0.000000E+0	1.074739E-4	8.048781E-4	3.064686E-3
0.000000E+0	0.000000E+0	0.000000E+0	0.000000E+0	0.000000E+0	1.058387E-4	7.991596E-4	3.033652E-3
0.000000E+0	0.000000E+0	0.000000E+0	0.000000E+0	0.000000E+0	9.602766E-5	7.938496E-4	3.025485E-3
0.000000E+0	0.000000E+0	0.000000E+0	0.000000E+0	0.000000E+0	1.013420E-4	7.942581E-4	3.011601E-3
0.000000E+0	0.000000E+0	0.000000E+0	0.000000E+0	0.000000E+0	1.005244E-4	7.958919E-4	2.994859E-3
0.000000E+0	0.000000E+0	0.000000E+0	0.000000E+0	0.000000E+0	9.684525E-5	7.815957E-4	2.977300E-3
0.000000E+0	0.000000E+0	0.000000E+0	0.000000E+0	0.000000E+0	8.866938E-5	7.795534E-4	2.961783E-3
0.000000E+0	0.000000E+0	0.000000E+0	0.000000E+0	0.000000E+0	9.480128E-5	7.750603E-4	2.942999E-3
0.000000E+0	0.000000E+0	0.000000E+0	0.000000E+0	0.000000E+0	9.398369E-5	7.652572E-4	2.928707E-3
0.000000E+0	0.000000E+0	0.000000E+0	0.000000E+0	0.000000E+0	8.826059E-5	7.628064E-4	2.907473E-3
0.000000E+0	0.000000E+0	0.000000E+0	0.000000E+0	0.000000E+0	8.499024E-5	7.619895E-4	2.899715E-3
0.000000E+0	0.000000E+0	0.000000E+0	0.000000E+0	0.000000E+0	8.212869E-5	7.468764E-4	2.882564E-3
0.000000E+0	0.000000E+0	0.000000E+0	0.000000E+0	0.000000E+0	8.580783E-5	7.505526E-4	2.868681E-3
0.000000E+0	0.000000E+0	0.000000E+0	0.000000E+0	0.000000E+0	8.008472E-5	7.342140E-4	2.850305E-3
0.000000E+0	0.000000E+0	0.000000E+0	0.000000E+0	0.000000E+0	7.763196E-5	7.342140E-4	2.830705E-3
0.000000E+0	0.000000E+0	0.000000E+0	0.000000E+0	0.000000E+0	8.090231E-5	7.346225E-4	2.820088E-3
0.000000E+0	0.000000E+0	0.000000E+0	0.000000E+0	0.000000E+0	7.885834E-5	7.289040E-4	2.799670E-3
0.000000E+0	0.000000E+0	0.000000E+0	0.000000E+0	0.000000E+0	7.804076E-5	7.203263E-4	2.784562E-3
0.000000E+0	0.000000E+0	0.000000E+0	0.000000E+0	0.000000E+0	6.863851E-5	7.178755E-4	2.775578E-3
0.000000E+0	0.000000E+0	0.000000E+0	0.000000E+0	0.000000E+0	6.945610E-5	7.109317E-4	2.759244E-3
0.000000E+0	0.000000E+0	0.000000E+0	0.000000E+0	0.000000E+0	6.822972E-5	6.986778E-4	2.740460E-3
0.000000E+0	0.000000E+0	0.000000E+0	0.000000E+0	0.000000E+0	6.577696E-5	6.974524E-4	2.724943E-3
0.000000E+0	0.000000E+0	0.000000E+0	0.000000E+0	0.000000E+0	6.291541E-5	7.027624E-4	2.726168E-3
0.000000E+0	0.000000E+0	0.000000E+0	0.000000E+0	0.000000E+0	6.700334E-5	6.884662E-4	2.697992E-3
0.000000E+0	0.000000E+0	0.000000E+0	0.000000E+0	0.000000E+0	6.373299E-5	6.925508E-4	2.680025E-3
0.000000E+0	0.000000E+0	0.000000E+0	0.000000E+0	0.000000E+0	6.291541E-5	6.819308E-4	2.667367E-3
0.000000E+0	0.000000E+0	0.000000E+0	0.000000E+0	0.000000E+0	6.128023E-5	6.741700E-4	2.657566E-3
0.000000E+0	0.000000E+0	0.000000E+0	0.000000E+0	0.000000E+0	5.351316E-5	6.737616E-4	2.640824E-3
0.000000E+0	0.000000E+0	0.000000E+0	0.000000E+0	0.000000E+0	6.209782E-5	6.672262E-4	2.629391E-3
0.000000E+0	0.000000E+0	0.000000E+0	0.000000E+0	0.000000E+0	5.841868E-5	6.606908E-4	2.611423E-3
0.000000E+0	0.000000E+0	0.000000E+0	0.000000E+0	0.000000E+0	5.065161E-5	6.578315E-4	2.607748E-3
0.000000E+0	0.000000E+0	0.000000E+0	0.000000E+0	0.000000E+0	4.942523E-5	6.488453E-4	2.584473E-3
0.000000E+0	0.000000E+0	0.000000E+0	0.000000E+0	0.000000E+0	5.106040E-5	6.586484E-4	2.566914E-3
0.000000E+0	0.000000E+0	0.000000E+0	0.000000E+0	0.000000E+0	5.351316E-5	6.504792E-4	2.562014E-3
0.000000E+0	0.000000E+0	0.000000E+0	0.000000E+0	0.000000E+0	4.492850E-5	6.423099E-4	2.544863E-3
0.000000E+0	0.000000E+0	0.000000E+0	0.000000E+0	0.000000E+0	4.329333E-5	6.427184E-4	2.540371E-3
0.000000E+0	0.000000E+0	0.000000E+0	0.000000E+0	0.000000E+0	4.329333E-5	6.288307E-4	2.514237E-3
0.000000E+0	0.000000E+0	0.000000E+0	0.000000E+0	0.000000E+0	4.697247E-5	6.304645E-4	2.498312E-3
0.000000E+0	0.000000E+0	0.000000E+0	0.000000E+0	0.000000E+0	4.329333E-5	6.427184E-4	2.490962E-3
0.000000E+0	0.000000E+0	0.000000E+0	0.000000E+0	0.000000E+0	3.184712E-5	6.288307E-4	2.481570E-3
0.000000E+0	0.000000E+0	0.000000E+0	0.000000E+0	0.000000E+0	4.492850E-5	6.235206E-4	2.457886E-3
0.000000E+0	0.000000E+0	0.000000E+0	0.000000E+0	0.000000E+0	4.247574E-5	6.039144E-4	2.457069E-3
0.000000E+0	0.000000E+0	0.000000E+0	0.000000E+0	0.000000E+0	4.615488E-5	6.173937E-4	2.438285E-3
0.000000E+0	0.000000E+0	0.000000E+0	0.000000E+0	0.000000E+0	3.307350E-5	6.035060E-4	2.424810E-3
0.000000E+0	0.000000E+0	0.000000E+0	0.000000E+0	0.000000E+0	3.552626E-5	5.994213E-4	2.406434E-3
0.000000E+0	0.000000E+0	0.000000E+0	0.000000E+0	0.000000E+0	2.735039E-5	5.986044E-4	2.403984E-3
0.000000E+0	0.000000E+0	0.000000E+0	0.000000E+0	0.000000E+0	3.184712E-5	5.969706E-4	2.387242E-3
0.000000E+0	0.000000E+0	0.000000E+0	0.000000E+0	0.000000E+0	2.367125E-5	5.896182E-4	2.375809E-3
0.000000E+0	0.000000E+0	0.000000E+0	0.000000E+0	0.000000E+0	2.326246E-5	5.888013E-4	2.364783E-3
0.000000E+0	0.000000E+0	0.000000E+0	0.000000E+0	0.000000E+0	2.694160E-5	5.789982E-4	2.345591E-3
0.000000E+0	0.000000E+0	0.000000E+0	0.000000E+0	0.000000E+0	3.021194E-5	5.814490E-4	2.339466E-3
0.000000E+0	0.000000E+0	0.000000E+0	0.000000E+0	0.000000E+0	3.470867E-5	5.728713E-4	2.321499E-3
0.000000E+0	0.000000E+0	0.000000E+0	0.000000E+0	0.000000E+0	1.999211E-5	5.740967E-4	2.308432E-3
0.000000E+0	0.000000E+0	0.000000E+0	0.000000E+0	0.000000E+0	2.612401E-5	5.675613E-4	2.302307E-3
0.000000E+0	0.000000E+0	0.000000E+0	0.000000E+0	0.000000E+0	2.326246E-5	5.667443E-4	2.283523E-3
0.000000E+0	0.000000E+0	0.000000E+0	0.000000E+0	0.000000E+0	1.917453E-5	5.528566E-4	2.277806E-3
0.000000E+0	0.000000E+0	0.000000E+0	0.000000E+0	0.000000E+0	1.672177E-5	5.626597E-4	2.260247E-3
0.000000E+0	0.000000E+0	0.000000E+0	0.000000E+0	0.000000E+0	1.835694E-5	5.459127E-4	2.254122E-3
0.000000E+0	0.000000E+0	0.000000E+0	0.000000E+0	0.000000E+0	1.181625E-5	5.430535E-4	2.232480E-3
0.000000E+0	0.000000E+0	0.000000E+0	0.000000E+0	0.000000E+0	1.549539E-5	5.418281E-4	2.230438E-3
0.000000E+0	0.000000E+0	0.000000E+0	0.000000E+0	0.000000E+0	1.263383E-5	5.528566E-4	2.214921E-3
0.000000E+0	0.000000E+0	0.000000E+0	0.000000E+0	0.000000E+0	1.345142E-5	5.344758E-4	2.195320E-3
0.000000E+0	0.000000E+0	0.000000E+0	0.000000E+0	0.000000E+0	1.099866E-5	5.258981E-4	2.187562E-3
0.000000E+0	0.000000E+0	0.000000E+0	0.000000E+0	0.000000E+0	1.222504E-5	5.267150E-4	2.181436E-3
0.000000E+0	0.000000E+0	0.000000E+0	0.000000E+0	0.000000E+0	-1.265137E-6	5.242642E-4	2.168369E-3
0.000000E+0	0.000000E+0	0.000000E+0	0.000000E+0	0.000000E+0	5.684349E-6	5.275319E-4	2.153261E-3
0.000000E+0	0.000000E+0	0.000000E+0	0.000000E+0	0.000000E+0	3.700362E-7	5.173203E-4	2.135702E-3
0.000000E+0	0.000000E+0	0.000000E+0	0.000000E+0	0.000000E+0	2.005209E-6	5.103765E-4	2.137335E-3
0.000000E+0	0.000000E+0	0.000000E+0	0.000000E+0	0.000000E+0	7.788295E-7	5.152780E-4	2.130393E-3
0.000000E+0	0.000000E+0	0.000000E+0	0.000000E+0	0.000000E+0	3.700362E-7	5.062919E-4	2.109976E-3
0.000000E+0	0.000000E+0	0.000000E+0	0.000000E+0	0.000000E+0	6.501935E-6	5.030242E-4	2.098543E-3
0.000000E+0	0.000000E+0	0.000000E+0	0.000000E+0	0.000000E+0	1.596416E-6	5.030242E-4	2.098134E-3
0.000000E+0	0.000000E+0	0.000000E+0	0.000000E+0	0.000000E+0	5.275555E-6	4.993480E-4	2.083842E-3
0.000000E+0	0.000000E+0	0.000000E+0	0.000000E+0	0.000000E+0	5.275555E-6	4.985311E-4	2.065058E-3
0.000000E+0	0.000000E+0	0.000000E+0	0.000000E+0	0.000000E+0	-5.353070E-6	4.985311E-4	2.056075E-3
0.000000E+0	0.000000E+0	0.000000E+0	0.000000E+0	0.000000E+0	-7.805829E-6	4.895449E-4	2.046683E-3
0.000000E+0	0.000000E+0	0.000000E+0	0.000000E+0	0.000000E+0	-1.230256E-5	4.793333E-4	2.034841E-3
0.000000E+0	0.000000E+0	0.000000E+0	0.000000E+0	0.000000E+0	-1.025859E-5	4.875026E-4	2.022590E-3
0.000000E+0	0.000000E+0	0.000000E+0	0.000000E+0	0.000000E+0	-2.082723E-6	4.838264E-4	2.011973E-3
0.000000E+0	0.000000E+0	0.000000E+0	0.000000E+0	0.000000E+0	-8.563436E-7	4.834179E-4	1.996456E-3
0.000000E+0	0.000000E+0	0.000000E+0	0.000000E+0	0.000000E+0	-1.312014E-5	4.666710E-4	2.000540E-3
0.000000E+0	0.000000E+0	0.000000E+0	0.000000E+0	0.000000E+0	-1.107618E-5	4.646287E-4	1.982573E-3
0.000000E+0	0.000000E+0	0.000000E+0	0.000000E+0	0.000000E+0	-1.434652E-5	4.617694E-4	1.974406E-3
0.000000E+0	0.000000E+0	0.000000E+0	0.000000E+0	0.000000E+0	-7.805829E-6	4.646287E-4	1.969506E-3
0.000000E+0	0.000000E+0	0.000000E+0	0.000000E+0	0.000000E+0	-1.639049E-5	4.658540E-4	1.956439E-3
0.000000E+0	0.000000E+0	0.000000E+0	0.000000E+0	0.000000E+0	-1.966083E-5	4.527832E-4	1.948272E-3
0.000000E+0	0.000000E+0	0.000000E+0	0.000000E+0	0.000000E+0	-2.170480E-5	4.560509E-4	1.924588E-3
0.000000E+0	0.000000E+0	0.000000E+0	0.000000E+0	0.000000E+0	-1.148497E-5	4.564594E-4	1.924996E-3
0.000000E+0	0.000000E+0	0.000000E+0	0.000000E+0	0.000000E+0	-2.047842E-5	4.454309E-4	1.918054E-3
0.000000E+0	0.000000E+0	0.000000E+0	0.000000E+0	0.000000E+0	-2.088721E-5	4.413463E-4	1.899270E-3
0.000000E+0	0.000000E+0	0.000000E+0	0.000000E+0	0.000000E+0	-1.925204E-5	4.437971E-4	1.896412E-3
0.000000E+0	0.000000E+0	0.000000E+0	0.000000E+0	0.000000E+0	-2.701911E-5	4.311347E-4	1.885387E-3
0.000000E+0	0.000000E+0	0.000000E+0	0.000000E+0	0.000000E+0	-3.069825E-5	4.323601E-4	1.871095E-3
0.000000E+0	0.000000E+0	0.000000E+0	0.000000E+0	0.000000E+0	-2.865429E-5	4.270501E-4	1.864561E-3
0.000000E+0	0.000000E+0	0.000000E+0	0.000000E+0	0.000000E+0	-3.151584E-5	4.356278E-4	1.863336E-3
0.000000E+0	0.000000E+0	0.000000E+0	0.000000E+0	0.000000E+0	-2.906308E-5	4.274586E-4	1.847411E-3
0.000000E+0	0.000000E+0	0.000000E+0	0.000000E+0	0.000000E+0	-1.557290E-5	4.274586E-4	1.836794E-3
0.000000E+0	0.000000E+0	0.000000E+0	0.000000E+0	0.000000E+0	-3.478618E-5	4.135708E-4	1.820868E-3
0.000000E+0	0.000000E+0	0.000000E+0	0.000000E+0	0.000000E+0	-2.497515E-5	4.123454E-4	1.813926E-3
0.000000E+0	0.000000E+0	0.000000E+0	0.000000E+0	0.000000E+0	-2.783670E-5	4.184724E-4	1.803718E-3
0.000000E+0	0.000000E+0	0.000000E+0	0.000000E+0	0.000000E+0	-3.355980E-5	4.094862E-4	1.795551E-3
0.000000E+0	0.000000E+0	0.000000E+0	0.000000E+0	0.000000E+0	-4.704998E-5	4.074439E-4	1.783300E-3
0.000000E+0	0.000000E+0	0.000000E+0	0.000000E+0	0.000000E+0	-3.683015E-5	4.119370E-4	1.779217E-3
0.000000E+0	0.000000E+0	0.000000E+0	0.000000E+0	0.000000E+0	-3.396860E-5	4.029508E-4	1.764108E-3
0.000000E+0	0.000000E+0	0.000000E+0	0.000000E+0	0.000000E+0	-3.723894E-5	4.000915E-4	1.759616E-3
0.000000E+0	0.000000E+0	0.000000E+0	0.000000E+0	0.000000E+0	-4.623240E-5	3.980492E-4	1.750633E-3
0.000000E+0	0.000000E+0	0.000000E+0	0.000000E+0	0.000000E+0	-3.805653E-5	3.927392E-4	1.741241E-3
0.000000E+0	0.000000E+0	0.000000E+0	0.000000E+0	0.000000E+0	-3.151584E-5	3.894715E-4	1.735524E-3
0.000000E+0	0.000000E+0	0.000000E+0	0.000000E+0	0.000000E+0	-4.255326E-5	3.964154E-4	1.723274E-3
0.000000E+0	0.000000E+0	0.000000E+0	0.000000E+0	0.000000E+0	-5.318188E-5	3.837530E-4	1.724907E-3
0.000000E+0	0.000000E+0	0.000000E+0	0.000000E+0	0.000000E+0	-3.805653E-5	3.808938E-4	1.711432E-3
0.000000E+0	0.000000E+0	0.000000E+0	0.000000E+0	0.000000E+0	-4.050929E-5	3.784430E-4	1.699998E-3
0.000000E+0	0.000000E+0	0.000000E+0	0.000000E+0	0.000000E+0	-4.173567E-5	3.764007E-4	1.701223E-3
0.000000E+0	0.000000E+0	0.000000E+0	0.000000E+0	0.000000E+0	-5.604343E-5	3.739499E-4	1.681214E-3
0.000000E+0	0.000000E+0	0.000000E+0	0.000000E+0	0.000000E+0	-4.827636E-5	3.804853E-4	1.675906E-3
0.000000E+0	0.000000E+0	0.000000E+0	0.000000E+0	0.000000E+0	-5.440826E-5	3.723161E-4	1.663655E-3
0.000000E+0	0.000000E+0	0.000000E+0	0.000000E+0	0.000000E+0	-4.541481E-5	3.751753E-4	1.657939E-3
0.000000E+0	0.000000E+0	0.000000E+0	0.000000E+0	0.000000E+0	-5.481705E-5	3.588368E-4	1.650997E-3
0.000000E+0	0.000000E+0	0.000000E+0	0.000000E+0	0.000000E+0	-4.214446E-5	3.678230E-4	1.638746E-3
0.000000E+0	0.000000E+0	0.000000E+0	0.000000E+0	0.000000E+0	-5.113792E-5	3.535268E-4	1.633030E-3
