This is a C(T) experiment being done in Physics 3600.
It records the decay response of an RC circuit where the capacitance is a strong function of temperature.

11/19/2020
1:35 PM

waveform params		num meas		Index		Temp (C)		Capacitance (F)		Normalized Waveforms

<data below>
1.000000E+2	3.000000E+0	0.000000E+0	3.500000E+1	1.402180E-8	1.000000E+0	1.000000E+0	1.000000E+0
1.000000E+3	0.000000E+0	1.000000E+0	4.000000E+1	1.116780E-8	9.886647E-1	9.907895E-1	9.926125E-1
1.000000E+5	0.000000E+0	2.000000E+0	4.500000E+1	9.036204E-9	9.774763E-1	9.816763E-1	9.852871E-1
0.000000E+0	0.000000E+0	0.000000E+0	0.000000E+0	0.000000E+0	9.664440E-1	9.726717E-1	9.780316E-1
0.000000E+0	0.000000E+0	0.000000E+0	0.000000E+0	0.000000E+0	9.555614E-1	9.637567E-1	9.708504E-1
0.000000E+0	0.000000E+0	0.000000E+0	0.000000E+0	0.000000E+0	9.447880E-1	9.549409E-1	9.637337E-1
0.000000E+0	0.000000E+0	0.000000E+0	0.000000E+0	0.000000E+0	9.341654E-1	9.462064E-1	9.566693E-1
0.000000E+0	0.000000E+0	0.000000E+0	0.000000E+0	0.000000E+0	9.236725E-1	9.375524E-1	9.496695E-1
0.000000E+0	0.000000E+0	0.000000E+0	0.000000E+0	0.000000E+0	9.133116E-1	9.290075E-1	9.427247E-1
0.000000E+0	0.000000E+0	0.000000E+0	0.000000E+0	0.000000E+0	9.030665E-1	9.205337E-1	9.358429E-1
0.000000E+0	0.000000E+0	0.000000E+0	0.000000E+0	0.000000E+0	8.929403E-1	9.121522E-1	9.290028E-1
0.000000E+0	0.000000E+0	0.000000E+0	0.000000E+0	0.000000E+0	8.829516E-1	9.038574E-1	9.222373E-1
0.000000E+0	0.000000E+0	0.000000E+0	0.000000E+0	0.000000E+0	8.730871E-1	8.956275E-1	9.155042E-1
0.000000E+0	0.000000E+0	0.000000E+0	0.000000E+0	0.000000E+0	8.633351E-1	8.874944E-1	9.088527E-1
0.000000E+0	0.000000E+0	0.000000E+0	0.000000E+0	0.000000E+0	8.536775E-1	8.794476E-1	9.022294E-1
0.000000E+0	0.000000E+0	0.000000E+0	0.000000E+0	0.000000E+0	8.441614E-1	8.714644E-1	8.956691E-1
0.000000E+0	0.000000E+0	0.000000E+0	0.000000E+0	0.000000E+0	8.347594E-1	8.635692E-1	8.891569E-1
0.000000E+0	0.000000E+0	0.000000E+0	0.000000E+0	0.000000E+0	8.254539E-1	8.557425E-1	8.827100E-1
0.000000E+0	0.000000E+0	0.000000E+0	0.000000E+0	0.000000E+0	8.162694E-1	8.479997E-1	8.763016E-1
0.000000E+0	0.000000E+0	0.000000E+0	0.000000E+0	0.000000E+0	8.071864E-1	8.403271E-1	8.699646E-1
0.000000E+0	0.000000E+0	0.000000E+0	0.000000E+0	0.000000E+0	7.982186E-1	8.327325E-1	8.636599E-1
0.000000E+0	0.000000E+0	0.000000E+0	0.000000E+0	0.000000E+0	7.893559E-1	8.252111E-1	8.574095E-1
0.000000E+0	0.000000E+0	0.000000E+0	0.000000E+0	0.000000E+0	7.805934E-1	8.177705E-1	8.511996E-1
0.000000E+0	0.000000E+0	0.000000E+0	0.000000E+0	0.000000E+0	7.719331E-1	8.103925E-1	8.450321E-1
0.000000E+0	0.000000E+0	0.000000E+0	0.000000E+0	0.000000E+0	7.633763E-1	8.030799E-1	8.389435E-1
0.000000E+0	0.000000E+0	0.000000E+0	0.000000E+0	0.000000E+0	7.549250E-1	7.958538E-1	8.328781E-1
0.000000E+0	0.000000E+0	0.000000E+0	0.000000E+0	0.000000E+0	7.465558E-1	7.886920E-1	8.268614E-1
0.000000E+0	0.000000E+0	0.000000E+0	0.000000E+0	0.000000E+0	7.383044E-1	7.815864E-1	8.209092E-1
0.000000E+0	0.000000E+0	0.000000E+0	0.000000E+0	0.000000E+0	7.301401E-1	7.745590E-1	8.149912E-1
0.000000E+0	0.000000E+0	0.000000E+0	0.000000E+0	0.000000E+0	7.220674E-1	7.675916E-1	8.091113E-1
0.000000E+0	0.000000E+0	0.000000E+0	0.000000E+0	0.000000E+0	7.140842E-1	7.607001E-1	8.032816E-1
0.000000E+0	0.000000E+0	0.000000E+0	0.000000E+0	0.000000E+0	7.062217E-1	7.538716E-1	7.975111E-1
0.000000E+0	0.000000E+0	0.000000E+0	0.000000E+0	0.000000E+0	6.984147E-1	7.471122E-1	7.917856E-1
0.000000E+0	0.000000E+0	0.000000E+0	0.000000E+0	0.000000E+0	6.907231E-1	7.404108E-1	7.860837E-1
0.000000E+0	0.000000E+0	0.000000E+0	0.000000E+0	0.000000E+0	6.830981E-1	7.337735E-1	7.804530E-1
0.000000E+0	0.000000E+0	0.000000E+0	0.000000E+0	0.000000E+0	6.755770E-1	7.271926E-1	7.748389E-1
0.000000E+0	0.000000E+0	0.000000E+0	0.000000E+0	0.000000E+0	6.681466E-1	7.206836E-1	7.692747E-1
0.000000E+0	0.000000E+0	0.000000E+0	0.000000E+0	0.000000E+0	6.607890E-1	7.142317E-1	7.637542E-1
0.000000E+0	0.000000E+0	0.000000E+0	0.000000E+0	0.000000E+0	6.535091E-1	7.078347E-1	7.582872E-1
0.000000E+0	0.000000E+0	0.000000E+0	0.000000E+0	0.000000E+0	6.463200E-1	7.015112E-1	7.528532E-1
0.000000E+0	0.000000E+0	0.000000E+0	0.000000E+0	0.000000E+0	6.392192E-1	6.952473E-1	7.474614E-1
0.000000E+0	0.000000E+0	0.000000E+0	0.000000E+0	0.000000E+0	6.322079E-1	6.890357E-1	7.421177E-1
0.000000E+0	0.000000E+0	0.000000E+0	0.000000E+0	0.000000E+0	6.252543E-1	6.828781E-1	7.368035E-1
0.000000E+0	0.000000E+0	0.000000E+0	0.000000E+0	0.000000E+0	6.183895E-1	6.767793E-1	7.315382E-1
0.000000E+0	0.000000E+0	0.000000E+0	0.000000E+0	0.000000E+0	6.116100E-1	6.707454E-1	7.263040E-1
0.000000E+0	0.000000E+0	0.000000E+0	0.000000E+0	0.000000E+0	6.048956E-1	6.647676E-1	7.211176E-1
0.000000E+0	0.000000E+0	0.000000E+0	0.000000E+0	0.000000E+0	5.982515E-1	6.588379E-1	7.159671E-1
0.000000E+0	0.000000E+0	0.000000E+0	0.000000E+0	0.000000E+0	5.916908E-1	6.529691E-1	7.108379E-1
0.000000E+0	0.000000E+0	0.000000E+0	0.000000E+0	0.000000E+0	5.852234E-1	6.471526E-1	7.057830E-1
0.000000E+0	0.000000E+0	0.000000E+0	0.000000E+0	0.000000E+0	5.788066E-1	6.413839E-1	7.007493E-1
0.000000E+0	0.000000E+0	0.000000E+0	0.000000E+0	0.000000E+0	5.724667E-1	6.356700E-1	6.957581E-1
0.000000E+0	0.000000E+0	0.000000E+0	0.000000E+0	0.000000E+0	5.662025E-1	6.300255E-1	6.907979E-1
0.000000E+0	0.000000E+0	0.000000E+0	0.000000E+0	0.000000E+0	5.600004E-1	6.244211E-1	6.858762E-1
0.000000E+0	0.000000E+0	0.000000E+0	0.000000E+0	0.000000E+0	5.538727E-1	6.188693E-1	6.809887E-1
0.000000E+0	0.000000E+0	0.000000E+0	0.000000E+0	0.000000E+0	5.478199E-1	6.133654E-1	6.761425E-1
0.000000E+0	0.000000E+0	0.000000E+0	0.000000E+0	0.000000E+0	5.418259E-1	6.079239E-1	6.713269E-1
0.000000E+0	0.000000E+0	0.000000E+0	0.000000E+0	0.000000E+0	5.359014E-1	6.025123E-1	6.665665E-1
0.000000E+0	0.000000E+0	0.000000E+0	0.000000E+0	0.000000E+0	5.300571E-1	5.971648E-1	6.618224E-1
0.000000E+0	0.000000E+0	0.000000E+0	0.000000E+0	0.000000E+0	5.242667E-1	5.918693E-1	6.571126E-1
0.000000E+0	0.000000E+0	0.000000E+0	0.000000E+0	0.000000E+0	5.185263E-1	5.866109E-1	6.524449E-1
0.000000E+0	0.000000E+0	0.000000E+0	0.000000E+0	0.000000E+0	5.128667E-1	5.814092E-1	6.478319E-1
0.000000E+0	0.000000E+0	0.000000E+0	0.000000E+0	0.000000E+0	5.072747E-1	5.762522E-1	6.432160E-1
0.000000E+0	0.000000E+0	0.000000E+0	0.000000E+0	0.000000E+0	5.017354E-1	5.711453E-1	6.386533E-1
0.000000E+0	0.000000E+0	0.000000E+0	0.000000E+0	0.000000E+0	4.962570E-1	5.660834E-1	6.341183E-1
0.000000E+0	0.000000E+0	0.000000E+0	0.000000E+0	0.000000E+0	4.908497E-1	5.610624E-1	6.296250E-1
0.000000E+0	0.000000E+0	0.000000E+0	0.000000E+0	0.000000E+0	4.855010E-1	5.560871E-1	6.251611E-1
0.000000E+0	0.000000E+0	0.000000E+0	0.000000E+0	0.000000E+0	4.802045E-1	5.511597E-1	6.207335E-1
0.000000E+0	0.000000E+0	0.000000E+0	0.000000E+0	0.000000E+0	4.749526E-1	5.462898E-1	6.163349E-1
0.000000E+0	0.000000E+0	0.000000E+0	0.000000E+0	0.000000E+0	4.697842E-1	5.414608E-1	6.119723E-1
0.000000E+0	0.000000E+0	0.000000E+0	0.000000E+0	0.000000E+0	4.646758E-1	5.366689E-1	6.076325E-1
0.000000E+0	0.000000E+0	0.000000E+0	0.000000E+0	0.000000E+0	4.596100E-1	5.319208E-1	6.033328E-1
0.000000E+0	0.000000E+0	0.000000E+0	0.000000E+0	0.000000E+0	4.545977E-1	5.272242E-1	5.990690E-1
0.000000E+0	0.000000E+0	0.000000E+0	0.000000E+0	0.000000E+0	4.496513E-1	5.225533E-1	5.948301E-1
0.000000E+0	0.000000E+0	0.000000E+0	0.000000E+0	0.000000E+0	4.447543E-1	5.179294E-1	5.906259E-1
0.000000E+0	0.000000E+0	0.000000E+0	0.000000E+0	0.000000E+0	4.399219E-1	5.133455E-1	5.864475E-1
0.000000E+0	0.000000E+0	0.000000E+0	0.000000E+0	0.000000E+0	4.351149E-1	5.088147E-1	5.823046E-1
0.000000E+0	0.000000E+0	0.000000E+0	0.000000E+0	0.000000E+0	4.303958E-1	5.043240E-1	5.781968E-1
0.000000E+0	0.000000E+0	0.000000E+0	0.000000E+0	0.000000E+0	4.257122E-1	4.998766E-1	5.741099E-1
0.000000E+0	0.000000E+0	0.000000E+0	0.000000E+0	0.000000E+0	4.210892E-1	4.954545E-1	5.700556E-1
0.000000E+0	0.000000E+0	0.000000E+0	0.000000E+0	0.000000E+0	4.164931E-1	4.910814E-1	5.660295E-1
0.000000E+0	0.000000E+0	0.000000E+0	0.000000E+0	0.000000E+0	4.119752E-1	4.867504E-1	5.620344E-1
0.000000E+0	0.000000E+0	0.000000E+0	0.000000E+0	0.000000E+0	4.074928E-1	4.824619E-1	5.580553E-1
0.000000E+0	0.000000E+0	0.000000E+0	0.000000E+0	0.000000E+0	4.030685E-1	4.781955E-1	5.541297E-1
0.000000E+0	0.000000E+0	0.000000E+0	0.000000E+0	0.000000E+0	3.986801E-1	4.739768E-1	5.502192E-1
0.000000E+0	0.000000E+0	0.000000E+0	0.000000E+0	0.000000E+0	3.943515E-1	4.697950E-1	5.463421E-1
0.000000E+0	0.000000E+0	0.000000E+0	0.000000E+0	0.000000E+0	3.900617E-1	4.656531E-1	5.424990E-1
0.000000E+0	0.000000E+0	0.000000E+0	0.000000E+0	0.000000E+0	3.858275E-1	4.615591E-1	5.386743E-1
0.000000E+0	0.000000E+0	0.000000E+0	0.000000E+0	0.000000E+0	3.816330E-1	4.574806E-1	5.348793E-1
0.000000E+0	0.000000E+0	0.000000E+0	0.000000E+0	0.000000E+0	3.774989E-1	4.534560E-1	5.311028E-1
0.000000E+0	0.000000E+0	0.000000E+0	0.000000E+0	0.000000E+0	3.733960E-1	4.494539E-1	5.273822E-1
0.000000E+0	0.000000E+0	0.000000E+0	0.000000E+0	0.000000E+0	3.693429E-1	4.455098E-1	5.236599E-1
0.000000E+0	0.000000E+0	0.000000E+0	0.000000E+0	0.000000E+0	3.653287E-1	4.415735E-1	5.199598E-1
0.000000E+0	0.000000E+0	0.000000E+0	0.000000E+0	0.000000E+0	3.613680E-1	4.376915E-1	5.163012E-1
0.000000E+0	0.000000E+0	0.000000E+0	0.000000E+0	0.000000E+0	3.574478E-1	4.338328E-1	5.126713E-1
0.000000E+0	0.000000E+0	0.000000E+0	0.000000E+0	0.000000E+0	3.535697E-1	4.300170E-1	5.090712E-1
0.000000E+0	0.000000E+0	0.000000E+0	0.000000E+0	0.000000E+0	3.497309E-1	4.262269E-1	5.054911E-1
0.000000E+0	0.000000E+0	0.000000E+0	0.000000E+0	0.000000E+0	3.459301E-1	4.224786E-1	5.019383E-1
0.000000E+0	0.000000E+0	0.000000E+0	0.000000E+0	0.000000E+0	3.421837E-1	4.187649E-1	4.984138E-1
0.000000E+0	0.000000E+0	0.000000E+0	0.000000E+0	0.000000E+0	3.384802E-1	4.150778E-1	4.949125E-1
0.000000E+0	0.000000E+0	0.000000E+0	0.000000E+0	0.000000E+0	3.348066E-1	4.114311E-1	4.914255E-1
0.000000E+0	0.000000E+0	0.000000E+0	0.000000E+0	0.000000E+0	3.311812E-1	4.078196E-1	4.879745E-1
0.000000E+0	0.000000E+0	0.000000E+0	0.000000E+0	0.000000E+0	3.275942E-1	4.042236E-1	4.845500E-1
0.000000E+0	0.000000E+0	0.000000E+0	0.000000E+0	0.000000E+0	3.240436E-1	4.006815E-1	4.811516E-1
0.000000E+0	0.000000E+0	0.000000E+0	0.000000E+0	0.000000E+0	3.205360E-1	3.971562E-1	4.777643E-1
0.000000E+0	0.000000E+0	0.000000E+0	0.000000E+0	0.000000E+0	3.170615E-1	3.936684E-1	4.744031E-1
0.000000E+0	0.000000E+0	0.000000E+0	0.000000E+0	0.000000E+0	3.136274E-1	3.902003E-1	4.710705E-1
0.000000E+0	0.000000E+0	0.000000E+0	0.000000E+0	0.000000E+0	3.102236E-1	3.867755E-1	4.677803E-1
0.000000E+0	0.000000E+0	0.000000E+0	0.000000E+0	0.000000E+0	3.068591E-1	3.833617E-1	4.644996E-1
0.000000E+0	0.000000E+0	0.000000E+0	0.000000E+0	0.000000E+0	3.035379E-1	3.800063E-1	4.612397E-1
0.000000E+0	0.000000E+0	0.000000E+0	0.000000E+0	0.000000E+0	3.002515E-1	3.766750E-1	4.580104E-1
0.000000E+0	0.000000E+0	0.000000E+0	0.000000E+0	0.000000E+0	2.970124E-1	3.733699E-1	4.547983E-1
0.000000E+0	0.000000E+0	0.000000E+0	0.000000E+0	0.000000E+0	2.937914E-1	3.700885E-1	4.516070E-1
0.000000E+0	0.000000E+0	0.000000E+0	0.000000E+0	0.000000E+0	2.906158E-1	3.668397E-1	4.484410E-1
0.000000E+0	0.000000E+0	0.000000E+0	0.000000E+0	0.000000E+0	2.874696E-1	3.636282E-1	4.452971E-1
0.000000E+0	0.000000E+0	0.000000E+0	0.000000E+0	0.000000E+0	2.843638E-1	3.604326E-1	4.421850E-1
0.000000E+0	0.000000E+0	0.000000E+0	0.000000E+0	0.000000E+0	2.812867E-1	3.572725E-1	4.390856E-1
0.000000E+0	0.000000E+0	0.000000E+0	0.000000E+0	0.000000E+0	2.782464E-1	3.541316E-1	4.360066E-1
0.000000E+0	0.000000E+0	0.000000E+0	0.000000E+0	0.000000E+0	2.752335E-1	3.510246E-1	4.329440E-1
0.000000E+0	0.000000E+0	0.000000E+0	0.000000E+0	0.000000E+0	2.722635E-1	3.479487E-1	4.299063E-1
0.000000E+0	0.000000E+0	0.000000E+0	0.000000E+0	0.000000E+0	2.693144E-1	3.448891E-1	4.269126E-1
0.000000E+0	0.000000E+0	0.000000E+0	0.000000E+0	0.000000E+0	2.663849E-1	3.418745E-1	4.239137E-1
0.000000E+0	0.000000E+0	0.000000E+0	0.000000E+0	0.000000E+0	2.635102E-1	3.388721E-1	4.209397E-1
0.000000E+0	0.000000E+0	0.000000E+0	0.000000E+0	0.000000E+0	2.606669E-1	3.359060E-1	4.180036E-1
0.000000E+0	0.000000E+0	0.000000E+0	0.000000E+0	0.000000E+0	2.578613E-1	3.329609E-1	4.150827E-1
0.000000E+0	0.000000E+0	0.000000E+0	0.000000E+0	0.000000E+0	2.550672E-1	3.300447E-1	4.121879E-1
0.000000E+0	0.000000E+0	0.000000E+0	0.000000E+0	0.000000E+0	2.523094E-1	3.271632E-1	4.092862E-1
0.000000E+0	0.000000E+0	0.000000E+0	0.000000E+0	0.000000E+0	2.495814E-1	3.242867E-1	4.064314E-1
0.000000E+0	0.000000E+0	0.000000E+0	0.000000E+0	0.000000E+0	2.468936E-1	3.214559E-1	4.035905E-1
0.000000E+0	0.000000E+0	0.000000E+0	0.000000E+0	0.000000E+0	2.442200E-1	3.186345E-1	4.007746E-1
0.000000E+0	0.000000E+0	0.000000E+0	0.000000E+0	0.000000E+0	2.415816E-1	3.158449E-1	3.979598E-1
0.000000E+0	0.000000E+0	0.000000E+0	0.000000E+0	0.000000E+0	2.389890E-1	3.130787E-1	3.951806E-1
0.000000E+0	0.000000E+0	0.000000E+0	0.000000E+0	0.000000E+0	2.364042E-1	3.103406E-1	3.924227E-1
0.000000E+0	0.000000E+0	0.000000E+0	0.000000E+0	0.000000E+0	2.338480E-1	3.076136E-1	3.896831E-1
0.000000E+0	0.000000E+0	0.000000E+0	0.000000E+0	0.000000E+0	2.313228E-1	3.049335E-1	3.869549E-1
0.000000E+0	0.000000E+0	0.000000E+0	0.000000E+0	0.000000E+0	2.288333E-1	3.022641E-1	3.842660E-1
0.000000E+0	0.000000E+0	0.000000E+0	0.000000E+0	0.000000E+0	2.263507E-1	2.996119E-1	3.815746E-1
0.000000E+0	0.000000E+0	0.000000E+0	0.000000E+0	0.000000E+0	2.239110E-1	2.969870E-1	3.789126E-1
0.000000E+0	0.000000E+0	0.000000E+0	0.000000E+0	0.000000E+0	2.214962E-1	2.943944E-1	3.762591E-1
0.000000E+0	0.000000E+0	0.000000E+0	0.000000E+0	0.000000E+0	2.191126E-1	2.918222E-1	3.736376E-1
0.000000E+0	0.000000E+0	0.000000E+0	0.000000E+0	0.000000E+0	2.167465E-1	2.892729E-1	3.710295E-1
0.000000E+0	0.000000E+0	0.000000E+0	0.000000E+0	0.000000E+0	2.144123E-1	2.867366E-1	3.684439E-1
0.000000E+0	0.000000E+0	0.000000E+0	0.000000E+0	0.000000E+0	2.120948E-1	2.842343E-1	3.658685E-1
0.000000E+0	0.000000E+0	0.000000E+0	0.000000E+0	0.000000E+0	2.098154E-1	2.817467E-1	3.633167E-1
0.000000E+0	0.000000E+0	0.000000E+0	0.000000E+0	0.000000E+0	2.075466E-1	2.792885E-1	3.607850E-1
0.000000E+0	0.000000E+0	0.000000E+0	0.000000E+0	0.000000E+0	2.053175E-1	2.768454E-1	3.582668E-1
0.000000E+0	0.000000E+0	0.000000E+0	0.000000E+0	0.000000E+0	2.031027E-1	2.744248E-1	3.557637E-1
0.000000E+0	0.000000E+0	0.000000E+0	0.000000E+0	0.000000E+0	2.009165E-1	2.720246E-1	3.532793E-1
0.000000E+0	0.000000E+0	0.000000E+0	0.000000E+0	0.000000E+0	1.987614E-1	2.696505E-1	3.508150E-1
0.000000E+0	0.000000E+0	0.000000E+0	0.000000E+0	0.000000E+0	1.966140E-1	2.672928E-1	3.483637E-1
0.000000E+0	0.000000E+0	0.000000E+0	0.000000E+0	0.000000E+0	1.944839E-1	2.649564E-1	3.459284E-1
0.000000E+0	0.000000E+0	0.000000E+0	0.000000E+0	0.000000E+0	1.924077E-1	2.626473E-1	3.435368E-1
0.000000E+0	0.000000E+0	0.000000E+0	0.000000E+0	0.000000E+0	1.903225E-1	2.603541E-1	3.411341E-1
0.000000E+0	0.000000E+0	0.000000E+0	0.000000E+0	0.000000E+0	1.882728E-1	2.580736E-1	3.387670E-1
0.000000E+0	0.000000E+0	0.000000E+0	0.000000E+0	0.000000E+0	1.862400E-1	2.558246E-1	3.364023E-1
0.000000E+0	0.000000E+0	0.000000E+0	0.000000E+0	0.000000E+0	1.842365E-1	2.535960E-1	3.340581E-1
0.000000E+0	0.000000E+0	0.000000E+0	0.000000E+0	0.000000E+0	1.822572E-1	2.513772E-1	3.317392E-1
0.000000E+0	0.000000E+0	0.000000E+0	0.000000E+0	0.000000E+0	1.802980E-1	2.491805E-1	3.294235E-1
0.000000E+0	0.000000E+0	0.000000E+0	0.000000E+0	0.000000E+0	1.783567E-1	2.470054E-1	3.271344E-1
0.000000E+0	0.000000E+0	0.000000E+0	0.000000E+0	0.000000E+0	1.764358E-1	2.448581E-1	3.248534E-1
0.000000E+0	0.000000E+0	0.000000E+0	0.000000E+0	0.000000E+0	1.745449E-1	2.427222E-1	3.225994E-1
0.000000E+0	0.000000E+0	0.000000E+0	0.000000E+0	0.000000E+0	1.726624E-1	2.406068E-1	3.203418E-1
0.000000E+0	0.000000E+0	0.000000E+0	0.000000E+0	0.000000E+0	1.708050E-1	2.385077E-1	3.181278E-1
0.000000E+0	0.000000E+0	0.000000E+0	0.000000E+0	0.000000E+0	1.689737E-1	2.364225E-1	3.159122E-1
0.000000E+0	0.000000E+0	0.000000E+0	0.000000E+0	0.000000E+0	1.671571E-1	2.343708E-1	3.137166E-1
0.000000E+0	0.000000E+0	0.000000E+0	0.000000E+0	0.000000E+0	1.653487E-1	2.323195E-1	3.115169E-1
0.000000E+0	0.000000E+0	0.000000E+0	0.000000E+0	0.000000E+0	1.635824E-1	2.302944E-1	3.093495E-1
0.000000E+0	0.000000E+0	0.000000E+0	0.000000E+0	0.000000E+0	1.618137E-1	2.282868E-1	3.071874E-1
0.000000E+0	0.000000E+0	0.000000E+0	0.000000E+0	0.000000E+0	1.600789E-1	2.262951E-1	3.050645E-1
0.000000E+0	0.000000E+0	0.000000E+0	0.000000E+0	0.000000E+0	1.583649E-1	2.243260E-1	3.029388E-1
0.000000E+0	0.000000E+0	0.000000E+0	0.000000E+0	0.000000E+0	1.566571E-1	2.223609E-1	3.008375E-1
0.000000E+0	0.000000E+0	0.000000E+0	0.000000E+0	0.000000E+0	1.549767E-1	2.204313E-1	2.987428E-1
0.000000E+0	0.000000E+0	0.000000E+0	0.000000E+0	0.000000E+0	1.533155E-1	2.185079E-1	2.966644E-1
0.000000E+0	0.000000E+0	0.000000E+0	0.000000E+0	0.000000E+0	1.516792E-1	2.166155E-1	2.946138E-1
0.000000E+0	0.000000E+0	0.000000E+0	0.000000E+0	0.000000E+0	1.500335E-1	2.147215E-1	2.925779E-1
0.000000E+0	0.000000E+0	0.000000E+0	0.000000E+0	0.000000E+0	1.484259E-1	2.128545E-1	2.905298E-1
0.000000E+0	0.000000E+0	0.000000E+0	0.000000E+0	0.000000E+0	1.468350E-1	2.110062E-1	2.885102E-1
0.000000E+0	0.000000E+0	0.000000E+0	0.000000E+0	0.000000E+0	1.452674E-1	2.091617E-1	2.865086E-1
0.000000E+0	0.000000E+0	0.000000E+0	0.000000E+0	0.000000E+0	1.437031E-1	2.073498E-1	2.845176E-1
0.000000E+0	0.000000E+0	0.000000E+0	0.000000E+0	0.000000E+0	1.421490E-1	2.055465E-1	2.825360E-1
0.000000E+0	0.000000E+0	0.000000E+0	0.000000E+0	0.000000E+0	1.406313E-1	2.037526E-1	2.805777E-1
0.000000E+0	0.000000E+0	0.000000E+0	0.000000E+0	0.000000E+0	1.391198E-1	2.019917E-1	2.786210E-1
0.000000E+0	0.000000E+0	0.000000E+0	0.000000E+0	0.000000E+0	1.376176E-1	2.002174E-1	2.766983E-1
0.000000E+0	0.000000E+0	0.000000E+0	0.000000E+0	0.000000E+0	1.361473E-1	1.984852E-1	2.747702E-1
0.000000E+0	0.000000E+0	0.000000E+0	0.000000E+0	0.000000E+0	1.346946E-1	1.967669E-1	2.728629E-1
0.000000E+0	0.000000E+0	0.000000E+0	0.000000E+0	0.000000E+0	1.332424E-1	1.950469E-1	2.709798E-1
0.000000E+0	0.000000E+0	0.000000E+0	0.000000E+0	0.000000E+0	1.318240E-1	1.933498E-1	2.690815E-1
0.000000E+0	0.000000E+0	0.000000E+0	0.000000E+0	0.000000E+0	1.304048E-1	1.916740E-1	2.672094E-1
0.000000E+0	0.000000E+0	0.000000E+0	0.000000E+0	0.000000E+0	1.290139E-1	1.899977E-1	2.653613E-1
0.000000E+0	0.000000E+0	0.000000E+0	0.000000E+0	0.000000E+0	1.276283E-1	1.883517E-1	2.635268E-1
0.000000E+0	0.000000E+0	0.000000E+0	0.000000E+0	0.000000E+0	1.262590E-1	1.867171E-1	2.616906E-1
0.000000E+0	0.000000E+0	0.000000E+0	0.000000E+0	0.000000E+0	1.249056E-1	1.850924E-1	2.598834E-1
0.000000E+0	0.000000E+0	0.000000E+0	0.000000E+0	0.000000E+0	1.235740E-1	1.834725E-1	2.580864E-1
0.000000E+0	0.000000E+0	0.000000E+0	0.000000E+0	0.000000E+0	1.222452E-1	1.818869E-1	2.562951E-1
0.000000E+0	0.000000E+0	0.000000E+0	0.000000E+0	0.000000E+0	1.209401E-1	1.803047E-1	2.545198E-1
0.000000E+0	0.000000E+0	0.000000E+0	0.000000E+0	0.000000E+0	1.196448E-1	1.787387E-1	2.527498E-1
0.000000E+0	0.000000E+0	0.000000E+0	0.000000E+0	0.000000E+0	1.183553E-1	1.771834E-1	2.509989E-1
0.000000E+0	0.000000E+0	0.000000E+0	0.000000E+0	0.000000E+0	1.170894E-1	1.756485E-1	2.492583E-1
0.000000E+0	0.000000E+0	0.000000E+0	0.000000E+0	0.000000E+0	1.158457E-1	1.741226E-1	2.475369E-1
0.000000E+0	0.000000E+0	0.000000E+0	0.000000E+0	0.000000E+0	1.145958E-1	1.726036E-1	2.458187E-1
0.000000E+0	0.000000E+0	0.000000E+0	0.000000E+0	0.000000E+0	1.133786E-1	1.711145E-1	2.441095E-1
0.000000E+0	0.000000E+0	0.000000E+0	0.000000E+0	0.000000E+0	1.121704E-1	1.696274E-1	2.424289E-1
0.000000E+0	0.000000E+0	0.000000E+0	0.000000E+0	0.000000E+0	1.109708E-1	1.681456E-1	2.407475E-1
0.000000E+0	0.000000E+0	0.000000E+0	0.000000E+0	0.000000E+0	1.097798E-1	1.666949E-1	2.390755E-1
0.000000E+0	0.000000E+0	0.000000E+0	0.000000E+0	0.000000E+0	1.086080E-1	1.652478E-1	2.374268E-1
0.000000E+0	0.000000E+0	0.000000E+0	0.000000E+0	0.000000E+0	1.074501E-1	1.638053E-1	2.357809E-1
0.000000E+0	0.000000E+0	0.000000E+0	0.000000E+0	0.000000E+0	1.062930E-1	1.624052E-1	2.341444E-1
0.000000E+0	0.000000E+0	0.000000E+0	0.000000E+0	0.000000E+0	1.051621E-1	1.609818E-1	2.325304E-1
0.000000E+0	0.000000E+0	0.000000E+0	0.000000E+0	0.000000E+0	1.040320E-1	1.595875E-1	2.309099E-1
0.000000E+0	0.000000E+0	0.000000E+0	0.000000E+0	0.000000E+0	1.029256E-1	1.582033E-1	2.293220E-1
0.000000E+0	0.000000E+0	0.000000E+0	0.000000E+0	0.000000E+0	1.018229E-1	1.568274E-1	2.277190E-1
0.000000E+0	0.000000E+0	0.000000E+0	0.000000E+0	0.000000E+0	1.007280E-1	1.554767E-1	2.261568E-1
0.000000E+0	0.000000E+0	0.000000E+0	0.000000E+0	0.000000E+0	9.964815E-2	1.541338E-1	2.245857E-1
0.000000E+0	0.000000E+0	0.000000E+0	0.000000E+0	0.000000E+0	9.859369E-2	1.528024E-1	2.230329E-1
0.000000E+0	0.000000E+0	0.000000E+0	0.000000E+0	0.000000E+0	9.754291E-2	1.514750E-1	2.214859E-1
0.000000E+0	0.000000E+0	0.000000E+0	0.000000E+0	0.000000E+0	9.649418E-2	1.501501E-1	2.199617E-1
0.000000E+0	0.000000E+0	0.000000E+0	0.000000E+0	0.000000E+0	9.546303E-2	1.488612E-1	2.184323E-1
0.000000E+0	0.000000E+0	0.000000E+0	0.000000E+0	0.000000E+0	9.445150E-2	1.475694E-1	2.169379E-1
0.000000E+0	0.000000E+0	0.000000E+0	0.000000E+0	0.000000E+0	9.344652E-2	1.462935E-1	2.154272E-1
0.000000E+0	0.000000E+0	0.000000E+0	0.000000E+0	0.000000E+0	9.243785E-2	1.450209E-1	2.139463E-1
0.000000E+0	0.000000E+0	0.000000E+0	0.000000E+0	0.000000E+0	9.145454E-2	1.437630E-1	2.124614E-1
0.000000E+0	0.000000E+0	0.000000E+0	0.000000E+0	0.000000E+0	9.049085E-2	1.425145E-1	2.109895E-1
0.000000E+0	0.000000E+0	0.000000E+0	0.000000E+0	0.000000E+0	8.952348E-2	1.412766E-1	2.095331E-1
0.000000E+0	0.000000E+0	0.000000E+0	0.000000E+0	0.000000E+0	8.856633E-2	1.400624E-1	2.080845E-1
0.000000E+0	0.000000E+0	0.000000E+0	0.000000E+0	0.000000E+0	8.762022E-2	1.388466E-1	2.066449E-1
0.000000E+0	0.000000E+0	0.000000E+0	0.000000E+0	0.000000E+0	8.668679E-2	1.376459E-1	2.052199E-1
0.000000E+0	0.000000E+0	0.000000E+0	0.000000E+0	0.000000E+0	8.576317E-2	1.364562E-1	2.038007E-1
0.000000E+0	0.000000E+0	0.000000E+0	0.000000E+0	0.000000E+0	8.484445E-2	1.352694E-1	2.024003E-1
0.000000E+0	0.000000E+0	0.000000E+0	0.000000E+0	0.000000E+0	8.394209E-2	1.341046E-1	2.009986E-1
0.000000E+0	0.000000E+0	0.000000E+0	0.000000E+0	0.000000E+0	8.305895E-2	1.329431E-1	1.996137E-1
0.000000E+0	0.000000E+0	0.000000E+0	0.000000E+0	0.000000E+0	8.217254E-2	1.318009E-1	1.982386E-1
0.000000E+0	0.000000E+0	0.000000E+0	0.000000E+0	0.000000E+0	8.129675E-2	1.306549E-1	1.968701E-1
0.000000E+0	0.000000E+0	0.000000E+0	0.000000E+0	0.000000E+0	8.042056E-2	1.295265E-1	1.955019E-1
0.000000E+0	0.000000E+0	0.000000E+0	0.000000E+0	0.000000E+0	7.956481E-2	1.284050E-1	1.941550E-1
0.000000E+0	0.000000E+0	0.000000E+0	0.000000E+0	0.000000E+0	7.872542E-2	1.273057E-1	1.928183E-1
0.000000E+0	0.000000E+0	0.000000E+0	0.000000E+0	0.000000E+0	7.788888E-2	1.262046E-1	1.914946E-1
0.000000E+0	0.000000E+0	0.000000E+0	0.000000E+0	0.000000E+0	7.704908E-2	1.251106E-1	1.901714E-1
0.000000E+0	0.000000E+0	0.000000E+0	0.000000E+0	0.000000E+0	7.623054E-2	1.240247E-1	1.888543E-1
0.000000E+0	0.000000E+0	0.000000E+0	0.000000E+0	0.000000E+0	7.542058E-2	1.229596E-1	1.875609E-1
0.000000E+0	0.000000E+0	0.000000E+0	0.000000E+0	0.000000E+0	7.461880E-2	1.218908E-1	1.862548E-1
0.000000E+0	0.000000E+0	0.000000E+0	0.000000E+0	0.000000E+0	7.381988E-2	1.208486E-1	1.849732E-1
0.000000E+0	0.000000E+0	0.000000E+0	0.000000E+0	0.000000E+0	7.304631E-2	1.198011E-1	1.836949E-1
0.000000E+0	0.000000E+0	0.000000E+0	0.000000E+0	0.000000E+0	7.227070E-2	1.187724E-1	1.824338E-1
0.000000E+0	0.000000E+0	0.000000E+0	0.000000E+0	0.000000E+0	7.151267E-2	1.177441E-1	1.811661E-1
0.000000E+0	0.000000E+0	0.000000E+0	0.000000E+0	0.000000E+0	7.074605E-2	1.167211E-1	1.799306E-1
0.000000E+0	0.000000E+0	0.000000E+0	0.000000E+0	0.000000E+0	6.999579E-2	1.157157E-1	1.786723E-1
0.000000E+0	0.000000E+0	0.000000E+0	0.000000E+0	0.000000E+0	6.924553E-2	1.147107E-1	1.774626E-1
0.000000E+0	0.000000E+0	0.000000E+0	0.000000E+0	0.000000E+0	6.850916E-2	1.137327E-1	1.762223E-1
0.000000E+0	0.000000E+0	0.000000E+0	0.000000E+0	0.000000E+0	6.778057E-2	1.127481E-1	1.750192E-1
0.000000E+0	0.000000E+0	0.000000E+0	0.000000E+0	0.000000E+0	6.706588E-2	1.117806E-1	1.737964E-1
0.000000E+0	0.000000E+0	0.000000E+0	0.000000E+0	0.000000E+0	6.635405E-2	1.108181E-1	1.726161E-1
0.000000E+0	0.000000E+0	0.000000E+0	0.000000E+0	0.000000E+0	6.565326E-2	1.098613E-1	1.714244E-1
0.000000E+0	0.000000E+0	0.000000E+0	0.000000E+0	0.000000E+0	6.495819E-2	1.089123E-1	1.702486E-1
0.000000E+0	0.000000E+0	0.000000E+0	0.000000E+0	0.000000E+0	6.427171E-2	1.079763E-1	1.690671E-1
0.000000E+0	0.000000E+0	0.000000E+0	0.000000E+0	0.000000E+0	6.358809E-2	1.070432E-1	1.679019E-1
0.000000E+0	0.000000E+0	0.000000E+0	0.000000E+0	0.000000E+0	6.290856E-2	1.061272E-1	1.667620E-1
0.000000E+0	0.000000E+0	0.000000E+0	0.000000E+0	0.000000E+0	6.223558E-2	1.051913E-1	1.656042E-1
0.000000E+0	0.000000E+0	0.000000E+0	0.000000E+0	0.000000E+0	6.157526E-2	1.042916E-1	1.644643E-1
0.000000E+0	0.000000E+0	0.000000E+0	0.000000E+0	0.000000E+0	6.093089E-2	1.034088E-1	1.633277E-1
0.000000E+0	0.000000E+0	0.000000E+0	0.000000E+0	0.000000E+0	6.027222E-2	1.025096E-1	1.622152E-1
0.000000E+0	0.000000E+0	0.000000E+0	0.000000E+0	0.000000E+0	5.963971E-2	1.016267E-1	1.610954E-1
0.000000E+0	0.000000E+0	0.000000E+0	0.000000E+0	0.000000E+0	5.899575E-2	1.007471E-1	1.599792E-1
0.000000E+0	0.000000E+0	0.000000E+0	0.000000E+0	0.000000E+0	5.838900E-2	9.987939E-2	1.588843E-1
0.000000E+0	0.000000E+0	0.000000E+0	0.000000E+0	0.000000E+0	5.776016E-2	9.902349E-2	1.577881E-1
0.000000E+0	0.000000E+0	0.000000E+0	0.000000E+0	0.000000E+0	5.715014E-2	9.816514E-2	1.567099E-1
0.000000E+0	0.000000E+0	0.000000E+0	0.000000E+0	0.000000E+0	5.654339E-2	9.732068E-2	1.556264E-1
0.000000E+0	0.000000E+0	0.000000E+0	0.000000E+0	0.000000E+0	5.594849E-2	9.648889E-2	1.545556E-1
0.000000E+0	0.000000E+0	0.000000E+0	0.000000E+0	0.000000E+0	5.534992E-2	9.565669E-2	1.534966E-1
0.000000E+0	0.000000E+0	0.000000E+0	0.000000E+0	0.000000E+0	5.476933E-2	9.482694E-2	1.524409E-1
0.000000E+0	0.000000E+0	0.000000E+0	0.000000E+0	0.000000E+0	5.419120E-2	9.402007E-2	1.513994E-1
0.000000E+0	0.000000E+0	0.000000E+0	0.000000E+0	0.000000E+0	5.361798E-2	9.320380E-2	1.503605E-1
0.000000E+0	0.000000E+0	0.000000E+0	0.000000E+0	0.000000E+0	5.305048E-2	9.240183E-2	1.493247E-1
0.000000E+0	0.000000E+0	0.000000E+0	0.000000E+0	0.000000E+0	5.248747E-2	9.160844E-2	1.482992E-1
0.000000E+0	0.000000E+0	0.000000E+0	0.000000E+0	0.000000E+0	5.193837E-2	9.082322E-2	1.472782E-1
0.000000E+0	0.000000E+0	0.000000E+0	0.000000E+0	0.000000E+0	5.139131E-2	9.004168E-2	1.462650E-1
0.000000E+0	0.000000E+0	0.000000E+0	0.000000E+0	0.000000E+0	5.083976E-2	8.927403E-2	1.452685E-1
0.000000E+0	0.000000E+0	0.000000E+0	0.000000E+0	0.000000E+0	5.030415E-2	8.850434E-2	1.442487E-1
0.000000E+0	0.000000E+0	0.000000E+0	0.000000E+0	0.000000E+0	4.976608E-2	8.774853E-2	1.432636E-1
0.000000E+0	0.000000E+0	0.000000E+0	0.000000E+0	0.000000E+0	4.924601E-2	8.698497E-2	1.422732E-1
0.000000E+0	0.000000E+0	0.000000E+0	0.000000E+0	0.000000E+0	4.872471E-2	8.624877E-2	1.413110E-1
0.000000E+0	0.000000E+0	0.000000E+0	0.000000E+0	0.000000E+0	4.821159E-2	8.550972E-2	1.403402E-1
0.000000E+0	0.000000E+0	0.000000E+0	0.000000E+0	0.000000E+0	4.770460E-2	8.477026E-2	1.393760E-1
0.000000E+0	0.000000E+0	0.000000E+0	0.000000E+0	0.000000E+0	4.720456E-2	8.404019E-2	1.384130E-1
0.000000E+0	0.000000E+0	0.000000E+0	0.000000E+0	0.000000E+0	4.670411E-2	8.332810E-2	1.374691E-1
0.000000E+0	0.000000E+0	0.000000E+0	0.000000E+0	0.000000E+0	4.621797E-2	8.260417E-2	1.365233E-1
0.000000E+0	0.000000E+0	0.000000E+0	0.000000E+0	0.000000E+0	4.572447E-2	8.189412E-2	1.355978E-1
0.000000E+0	0.000000E+0	0.000000E+0	0.000000E+0	0.000000E+0	4.524283E-2	8.120450E-2	1.346565E-1
0.000000E+0	0.000000E+0	0.000000E+0	0.000000E+0	0.000000E+0	4.477182E-2	8.050712E-2	1.337363E-1
0.000000E+0	0.000000E+0	0.000000E+0	0.000000E+0	0.000000E+0	4.430163E-2	7.981587E-2	1.328125E-1
0.000000E+0	0.000000E+0	0.000000E+0	0.000000E+0	0.000000E+0	4.382940E-2	7.911522E-2	1.319177E-1
0.000000E+0	0.000000E+0	0.000000E+0	0.000000E+0	0.000000E+0	4.337065E-2	7.844398E-2	1.310016E-1
0.000000E+0	0.000000E+0	0.000000E+0	0.000000E+0	0.000000E+0	4.290455E-2	7.777683E-2	1.301134E-1
0.000000E+0	0.000000E+0	0.000000E+0	0.000000E+0	0.000000E+0	4.245848E-2	7.710478E-2	1.292140E-1
0.000000E+0	0.000000E+0	0.000000E+0	0.000000E+0	0.000000E+0	4.200750E-2	7.644662E-2	1.283364E-1
0.000000E+0	0.000000E+0	0.000000E+0	0.000000E+0	0.000000E+0	4.157452E-2	7.579254E-2	1.274440E-1
0.000000E+0	0.000000E+0	0.000000E+0	0.000000E+0	0.000000E+0	4.113908E-2	7.513805E-2	1.265819E-1
0.000000E+0	0.000000E+0	0.000000E+0	0.000000E+0	0.000000E+0	4.070160E-2	7.449950E-2	1.257058E-1
0.000000E+0	0.000000E+0	0.000000E+0	0.000000E+0	0.000000E+0	4.027229E-2	7.386013E-2	1.248629E-1
0.000000E+0	0.000000E+0	0.000000E+0	0.000000E+0	0.000000E+0	3.985034E-2	7.322526E-2	1.239963E-1
0.000000E+0	0.000000E+0	0.000000E+0	0.000000E+0	0.000000E+0	3.943576E-2	7.260591E-2	1.231525E-1
0.000000E+0	0.000000E+0	0.000000E+0	0.000000E+0	0.000000E+0	3.902362E-2	7.198574E-2	1.223104E-1
0.000000E+0	0.000000E+0	0.000000E+0	0.000000E+0	0.000000E+0	3.860740E-2	7.135985E-2	1.214678E-1
0.000000E+0	0.000000E+0	0.000000E+0	0.000000E+0	0.000000E+0	3.819977E-2	7.075358E-2	1.206428E-1
0.000000E+0	0.000000E+0	0.000000E+0	0.000000E+0	0.000000E+0	3.779499E-2	7.014199E-2	1.198277E-1
0.000000E+0	0.000000E+0	0.000000E+0	0.000000E+0	0.000000E+0	3.740044E-2	6.955410E-2	1.189917E-1
0.000000E+0	0.000000E+0	0.000000E+0	0.000000E+0	0.000000E+0	3.700670E-2	6.895027E-2	1.181777E-1
0.000000E+0	0.000000E+0	0.000000E+0	0.000000E+0	0.000000E+0	3.661542E-2	6.836156E-2	1.173654E-1
0.000000E+0	0.000000E+0	0.000000E+0	0.000000E+0	0.000000E+0	3.623927E-2	6.778020E-2	1.165694E-1
0.000000E+0	0.000000E+0	0.000000E+0	0.000000E+0	0.000000E+0	3.586761E-2	6.719885E-2	1.157649E-1
0.000000E+0	0.000000E+0	0.000000E+0	0.000000E+0	0.000000E+0	3.548574E-2	6.663179E-2	1.149787E-1
0.000000E+0	0.000000E+0	0.000000E+0	0.000000E+0	0.000000E+0	3.510672E-2	6.605575E-2	1.141925E-1
0.000000E+0	0.000000E+0	0.000000E+0	0.000000E+0	0.000000E+0	3.474324E-2	6.549809E-2	1.134124E-1
0.000000E+0	0.000000E+0	0.000000E+0	0.000000E+0	0.000000E+0	3.437649E-2	6.493757E-2	1.126438E-1
0.000000E+0	0.000000E+0	0.000000E+0	0.000000E+0	0.000000E+0	3.402037E-2	6.437868E-2	1.118715E-1
0.000000E+0	0.000000E+0	0.000000E+0	0.000000E+0	0.000000E+0	3.365076E-2	6.383001E-2	1.110923E-1
0.000000E+0	0.000000E+0	0.000000E+0	0.000000E+0	0.000000E+0	3.330568E-2	6.327970E-2	1.103408E-1
0.000000E+0	0.000000E+0	0.000000E+0	0.000000E+0	0.000000E+0	3.295324E-2	6.274451E-2	1.096020E-1
0.000000E+0	0.000000E+0	0.000000E+0	0.000000E+0	0.000000E+0	3.260775E-2	6.220442E-2	1.088514E-1
0.000000E+0	0.000000E+0	0.000000E+0	0.000000E+0	0.000000E+0	3.226431E-2	6.168189E-2	1.080995E-1
0.000000E+0	0.000000E+0	0.000000E+0	0.000000E+0	0.000000E+0	3.193803E-2	6.115610E-2	1.073648E-1
0.000000E+0	0.000000E+0	0.000000E+0	0.000000E+0	0.000000E+0	3.159582E-2	6.063643E-2	1.066284E-1
0.000000E+0	0.000000E+0	0.000000E+0	0.000000E+0	0.000000E+0	3.127690E-2	6.011472E-2	1.059031E-1
0.000000E+0	0.000000E+0	0.000000E+0	0.000000E+0	0.000000E+0	3.094491E-2	5.959669E-2	1.051745E-1
0.000000E+0	0.000000E+0	0.000000E+0	0.000000E+0	0.000000E+0	3.062027E-2	5.908479E-2	1.044590E-1
0.000000E+0	0.000000E+0	0.000000E+0	0.000000E+0	0.000000E+0	3.030340E-2	5.858473E-2	1.037459E-1
0.000000E+0	0.000000E+0	0.000000E+0	0.000000E+0	0.000000E+0	2.998490E-2	5.808386E-2	1.030340E-1
0.000000E+0	0.000000E+0	0.000000E+0	0.000000E+0	0.000000E+0	2.966312E-2	5.758053E-2	1.023369E-1
0.000000E+0	0.000000E+0	0.000000E+0	0.000000E+0	0.000000E+0	2.935198E-2	5.709682E-2	1.016312E-1
0.000000E+0	0.000000E+0	0.000000E+0	0.000000E+0	0.000000E+0	2.905392E-2	5.661637E-2	1.009410E-1
0.000000E+0	0.000000E+0	0.000000E+0	0.000000E+0	0.000000E+0	2.875013E-2	5.613389E-2	1.002569E-1
0.000000E+0	0.000000E+0	0.000000E+0	0.000000E+0	0.000000E+0	2.844676E-2	5.565058E-2	9.956138E-2
0.000000E+0	0.000000E+0	0.000000E+0	0.000000E+0	0.000000E+0	2.814951E-2	5.517422E-2	9.889200E-2
0.000000E+0	0.000000E+0	0.000000E+0	0.000000E+0	0.000000E+0	2.785840E-2	5.471420E-2	9.820343E-2
0.000000E+0	0.000000E+0	0.000000E+0	0.000000E+0	0.000000E+0	2.756974E-2	5.424356E-2	9.755243E-2
0.000000E+0	0.000000E+0	0.000000E+0	0.000000E+0	0.000000E+0	2.728191E-2	5.379089E-2	9.688428E-2
0.000000E+0	0.000000E+0	0.000000E+0	0.000000E+0	0.000000E+0	2.699979E-2	5.332230E-2	9.621940E-2
0.000000E+0	0.000000E+0	0.000000E+0	0.000000E+0	0.000000E+0	2.671645E-2	5.287290E-2	9.556758E-2
0.000000E+0	0.000000E+0	0.000000E+0	0.000000E+0	0.000000E+0	2.643801E-2	5.243127E-2	9.491209E-2
0.000000E+0	0.000000E+0	0.000000E+0	0.000000E+0	0.000000E+0	2.616203E-2	5.197043E-2	9.427743E-2
0.000000E+0	0.000000E+0	0.000000E+0	0.000000E+0	0.000000E+0	2.590036E-2	5.154023E-2	9.362521E-2
0.000000E+0	0.000000E+0	0.000000E+0	0.000000E+0	0.000000E+0	2.563337E-2	5.109737E-2	9.299259E-2
0.000000E+0	0.000000E+0	0.000000E+0	0.000000E+0	0.000000E+0	2.536516E-2	5.067004E-2	9.235384E-2
0.000000E+0	0.000000E+0	0.000000E+0	0.000000E+0	0.000000E+0	2.509735E-2	5.022922E-2	9.173266E-2
0.000000E+0	0.000000E+0	0.000000E+0	0.000000E+0	0.000000E+0	2.483772E-2	4.980720E-2	9.109800E-2
0.000000E+0	0.000000E+0	0.000000E+0	0.000000E+0	0.000000E+0	2.457932E-2	4.938354E-2	9.049601E-2
0.000000E+0	0.000000E+0	0.000000E+0	0.000000E+0	0.000000E+0	2.432051E-2	4.896601E-2	8.985930E-2
0.000000E+0	0.000000E+0	0.000000E+0	0.000000E+0	0.000000E+0	2.405639E-2	4.854072E-2	8.925486E-2
0.000000E+0	0.000000E+0	0.000000E+0	0.000000E+0	0.000000E+0	2.381189E-2	4.813176E-2	8.864961E-2
0.000000E+0	0.000000E+0	0.000000E+0	0.000000E+0	0.000000E+0	2.357107E-2	4.773180E-2	8.805497E-2
0.000000E+0	0.000000E+0	0.000000E+0	0.000000E+0	0.000000E+0	2.332289E-2	4.733020E-2	8.744930E-2
0.000000E+0	0.000000E+0	0.000000E+0	0.000000E+0	0.000000E+0	2.309025E-2	4.692902E-2	8.685140E-2
0.000000E+0	0.000000E+0	0.000000E+0	0.000000E+0	0.000000E+0	2.284493E-2	4.652783E-2	8.625799E-2
0.000000E+0	0.000000E+0	0.000000E+0	0.000000E+0	0.000000E+0	2.260247E-2	4.613603E-2	8.567560E-2
0.000000E+0	0.000000E+0	0.000000E+0	0.000000E+0	0.000000E+0	2.236901E-2	4.574097E-2	8.509526E-2
0.000000E+0	0.000000E+0	0.000000E+0	0.000000E+0	0.000000E+0	2.214332E-2	4.534265E-2	8.450593E-2
0.000000E+0	0.000000E+0	0.000000E+0	0.000000E+0	0.000000E+0	2.190781E-2	4.496965E-2	8.395090E-2
0.000000E+0	0.000000E+0	0.000000E+0	0.000000E+0	0.000000E+0	2.167394E-2	4.458970E-2	8.337628E-2
0.000000E+0	0.000000E+0	0.000000E+0	0.000000E+0	0.000000E+0	2.145847E-2	4.420567E-2	8.280900E-2
0.000000E+0	0.000000E+0	0.000000E+0	0.000000E+0	0.000000E+0	2.123728E-2	4.383308E-2	8.224336E-2
0.000000E+0	0.000000E+0	0.000000E+0	0.000000E+0	0.000000E+0	2.101568E-2	4.347561E-2	8.168630E-2
0.000000E+0	0.000000E+0	0.000000E+0	0.000000E+0	0.000000E+0	2.079693E-2	4.308831E-2	8.113454E-2
0.000000E+0	0.000000E+0	0.000000E+0	0.000000E+0	0.000000E+0	2.059577E-2	4.273124E-2	8.058238E-2
0.000000E+0	0.000000E+0	0.000000E+0	0.000000E+0	0.000000E+0	2.037008E-2	4.236682E-2	8.002981E-2
0.000000E+0	0.000000E+0	0.000000E+0	0.000000E+0	0.000000E+0	2.015993E-2	4.201711E-2	7.948826E-2
0.000000E+0	0.000000E+0	0.000000E+0	0.000000E+0	0.000000E+0	1.995018E-2	4.165637E-2	7.895039E-2
0.000000E+0	0.000000E+0	0.000000E+0	0.000000E+0	0.000000E+0	1.974125E-2	4.131687E-2	7.842273E-2
0.000000E+0	0.000000E+0	0.000000E+0	0.000000E+0	0.000000E+0	1.954173E-2	4.096021E-2	7.788609E-2
0.000000E+0	0.000000E+0	0.000000E+0	0.000000E+0	0.000000E+0	1.933075E-2	4.061336E-2	7.736496E-2
0.000000E+0	0.000000E+0	0.000000E+0	0.000000E+0	0.000000E+0	1.914063E-2	4.026487E-2	7.683199E-2
0.000000E+0	0.000000E+0	0.000000E+0	0.000000E+0	0.000000E+0	1.894192E-2	3.992742E-2	7.631005E-2
0.000000E+0	0.000000E+0	0.000000E+0	0.000000E+0	0.000000E+0	1.874894E-2	3.959364E-2	7.579097E-2
0.000000E+0	0.000000E+0	0.000000E+0	0.000000E+0	0.000000E+0	1.854615E-2	3.925945E-2	7.528986E-2
0.000000E+0	0.000000E+0	0.000000E+0	0.000000E+0	0.000000E+0	1.835357E-2	3.893180E-2	7.476220E-2
0.000000E+0	0.000000E+0	0.000000E+0	0.000000E+0	0.000000E+0	1.817081E-2	3.859843E-2	7.426476E-2
0.000000E+0	0.000000E+0	0.000000E+0	0.000000E+0	0.000000E+0	1.798559E-2	3.826669E-2	7.375548E-2
0.000000E+0	0.000000E+0	0.000000E+0	0.000000E+0	0.000000E+0	1.778689E-2	3.794844E-2	7.327274E-2
0.000000E+0	0.000000E+0	0.000000E+0	0.000000E+0	0.000000E+0	1.761476E-2	3.763345E-2	7.276755E-2
0.000000E+0	0.000000E+0	0.000000E+0	0.000000E+0	0.000000E+0	1.742423E-2	3.731560E-2	7.227174E-2
0.000000E+0	0.000000E+0	0.000000E+0	0.000000E+0	0.000000E+0	1.725332E-2	3.700470E-2	7.177757E-2
0.000000E+0	0.000000E+0	0.000000E+0	0.000000E+0	0.000000E+0	1.706402E-2	3.668155E-2	7.128626E-2
0.000000E+0	0.000000E+0	0.000000E+0	0.000000E+0	0.000000E+0	1.689761E-2	3.637677E-2	7.080843E-2
0.000000E+0	0.000000E+0	0.000000E+0	0.000000E+0	0.000000E+0	1.672589E-2	3.607445E-2	7.034489E-2
0.000000E+0	0.000000E+0	0.000000E+0	0.000000E+0	0.000000E+0	1.655171E-2	3.577254E-2	6.985357E-2
0.000000E+0	0.000000E+0	0.000000E+0	0.000000E+0	0.000000E+0	1.638081E-2	3.546695E-2	6.939126E-2
0.000000E+0	0.000000E+0	0.000000E+0	0.000000E+0	0.000000E+0	1.620745E-2	3.517443E-2	6.891669E-2
0.000000E+0	0.000000E+0	0.000000E+0	0.000000E+0	0.000000E+0	1.604309E-2	3.486966E-2	6.844989E-2
0.000000E+0	0.000000E+0	0.000000E+0	0.000000E+0	0.000000E+0	1.587423E-2	3.458041E-2	6.799533E-2
0.000000E+0	0.000000E+0	0.000000E+0	0.000000E+0	0.000000E+0	1.572090E-2	3.428177E-2	6.753792E-2
0.000000E+0	0.000000E+0	0.000000E+0	0.000000E+0	0.000000E+0	1.555736E-2	3.398843E-2	6.707111E-2
0.000000E+0	0.000000E+0	0.000000E+0	0.000000E+0	0.000000E+0	1.540894E-2	3.371430E-2	6.663044E-2
0.000000E+0	0.000000E+0	0.000000E+0	0.000000E+0	0.000000E+0	1.525521E-2	3.342383E-2	6.616567E-2
0.000000E+0	0.000000E+0	0.000000E+0	0.000000E+0	0.000000E+0	1.509003E-2	3.314520E-2	6.572950E-2
0.000000E+0	0.000000E+0	0.000000E+0	0.000000E+0	0.000000E+0	1.493139E-2	3.287352E-2	6.528025E-2
0.000000E+0	0.000000E+0	0.000000E+0	0.000000E+0	0.000000E+0	1.477152E-2	3.258918E-2	6.484448E-2
0.000000E+0	0.000000E+0	0.000000E+0	0.000000E+0	0.000000E+0	1.462760E-2	3.231995E-2	6.439483E-2
0.000000E+0	0.000000E+0	0.000000E+0	0.000000E+0	0.000000E+0	1.447878E-2	3.204745E-2	6.396070E-2
0.000000E+0	0.000000E+0	0.000000E+0	0.000000E+0	0.000000E+0	1.432014E-2	3.177087E-2	6.352901E-2
0.000000E+0	0.000000E+0	0.000000E+0	0.000000E+0	0.000000E+0	1.417867E-2	3.150368E-2	6.311040E-2
0.000000E+0	0.000000E+0	0.000000E+0	0.000000E+0	0.000000E+0	1.404334E-2	3.124711E-2	6.268484E-2
0.000000E+0	0.000000E+0	0.000000E+0	0.000000E+0	0.000000E+0	1.389288E-2	3.098401E-2	6.226336E-2
0.000000E+0	0.000000E+0	0.000000E+0	0.000000E+0	0.000000E+0	1.374283E-2	3.072500E-2	6.183821E-2
0.000000E+0	0.000000E+0	0.000000E+0	0.000000E+0	0.000000E+0	1.360954E-2	3.047415E-2	6.142899E-2
0.000000E+0	0.000000E+0	0.000000E+0	0.000000E+0	0.000000E+0	1.346521E-2	3.021105E-2	6.100548E-2
0.000000E+0	0.000000E+0	0.000000E+0	0.000000E+0	0.000000E+0	1.333642E-2	2.996266E-2	6.059176E-2
0.000000E+0	0.000000E+0	0.000000E+0	0.000000E+0	0.000000E+0	1.318963E-2	2.971222E-2	6.018050E-2
0.000000E+0	0.000000E+0	0.000000E+0	0.000000E+0	0.000000E+0	1.306084E-2	2.945811E-2	5.977454E-2
0.000000E+0	0.000000E+0	0.000000E+0	0.000000E+0	0.000000E+0	1.293450E-2	2.921298E-2	5.937267E-2
0.000000E+0	0.000000E+0	0.000000E+0	0.000000E+0	0.000000E+0	1.279672E-2	2.897276E-2	5.897039E-2
0.000000E+0	0.000000E+0	0.000000E+0	0.000000E+0	0.000000E+0	1.266629E-2	2.872722E-2	5.857056E-2
0.000000E+0	0.000000E+0	0.000000E+0	0.000000E+0	0.000000E+0	1.253750E-2	2.848128E-2	5.817604E-2
0.000000E+0	0.000000E+0	0.000000E+0	0.000000E+0	0.000000E+0	1.241729E-2	2.824964E-2	5.779255E-2
0.000000E+0	0.000000E+0	0.000000E+0	0.000000E+0	0.000000E+0	1.228768E-2	2.801636E-2	5.740457E-2
0.000000E+0	0.000000E+0	0.000000E+0	0.000000E+0	0.000000E+0	1.214703E-2	2.777695E-2	5.701903E-2
0.000000E+0	0.000000E+0	0.000000E+0	0.000000E+0	0.000000E+0	1.202438E-2	2.755266E-2	5.663391E-2
0.000000E+0	0.000000E+0	0.000000E+0	0.000000E+0	0.000000E+0	1.191194E-2	2.731694E-2	5.625654E-2
0.000000E+0	0.000000E+0	0.000000E+0	0.000000E+0	0.000000E+0	1.179746E-2	2.709755E-2	5.587346E-2
0.000000E+0	0.000000E+0	0.000000E+0	0.000000E+0	0.000000E+0	1.166335E-2	2.686264E-2	5.549731E-2
0.000000E+0	0.000000E+0	0.000000E+0	0.000000E+0	0.000000E+0	1.154233E-2	2.663916E-2	5.511831E-2
0.000000E+0	0.000000E+0	0.000000E+0	0.000000E+0	0.000000E+0	1.142662E-2	2.642141E-2	5.475279E-2
0.000000E+0	0.000000E+0	0.000000E+0	0.000000E+0	0.000000E+0	1.132154E-2	2.619712E-2	5.438073E-2
0.000000E+0	0.000000E+0	0.000000E+0	0.000000E+0	0.000000E+0	1.120011E-2	2.597487E-2	5.401603E-2
0.000000E+0	0.000000E+0	0.000000E+0	0.000000E+0	0.000000E+0	1.108277E-2	2.576488E-2	5.365296E-2
0.000000E+0	0.000000E+0	0.000000E+0	0.000000E+0	0.000000E+0	1.097319E-2	2.554590E-2	5.328662E-2
0.000000E+0	0.000000E+0	0.000000E+0	0.000000E+0	0.000000E+0	1.086280E-2	2.534204E-2	5.293253E-2
0.000000E+0	0.000000E+0	0.000000E+0	0.000000E+0	0.000000E+0	1.075281E-2	2.512470E-2	5.257558E-2
0.000000E+0	0.000000E+0	0.000000E+0	0.000000E+0	0.000000E+0	1.064937E-2	2.492083E-2	5.223211E-2
0.000000E+0	0.000000E+0	0.000000E+0	0.000000E+0	0.000000E+0	1.054102E-2	2.470798E-2	5.187844E-2
0.000000E+0	0.000000E+0	0.000000E+0	0.000000E+0	0.000000E+0	1.043186E-2	2.449922E-2	5.153129E-2
0.000000E+0	0.000000E+0	0.000000E+0	0.000000E+0	0.000000E+0	1.032637E-2	2.429699E-2	5.118333E-2
0.000000E+0	0.000000E+0	0.000000E+0	0.000000E+0	0.000000E+0	1.022579E-2	2.409844E-2	5.082720E-2
0.000000E+0	0.000000E+0	0.000000E+0	0.000000E+0	0.000000E+0	1.012194E-2	2.388886E-2	5.049966E-2
0.000000E+0	0.000000E+0	0.000000E+0	0.000000E+0	0.000000E+0	1.002667E-2	2.369071E-2	5.015497E-2
0.000000E+0	0.000000E+0	0.000000E+0	0.000000E+0	0.000000E+0	9.925684E-3	2.349216E-2	4.982906E-2
0.000000E+0	0.000000E+0	0.000000E+0	0.000000E+0	0.000000E+0	9.817744E-3	2.330464E-2	4.948886E-2
0.000000E+0	0.000000E+0	0.000000E+0	0.000000E+0	0.000000E+0	9.720026E-3	2.310609E-2	4.916622E-2
0.000000E+0	0.000000E+0	0.000000E+0	0.000000E+0	0.000000E+0	9.622308E-3	2.292265E-2	4.883337E-2
0.000000E+0	0.000000E+0	0.000000E+0	0.000000E+0	0.000000E+0	9.529496E-3	2.272574E-2	4.849194E-2
0.000000E+0	0.000000E+0	0.000000E+0	0.000000E+0	0.000000E+0	9.430551E-3	2.253944E-2	4.816562E-2
0.000000E+0	0.000000E+0	0.000000E+0	0.000000E+0	0.000000E+0	9.333242E-3	2.234988E-2	4.785034E-2
0.000000E+0	0.000000E+0	0.000000E+0	0.000000E+0	0.000000E+0	9.237977E-3	2.216603E-2	4.753709E-2
0.000000E+0	0.000000E+0	0.000000E+0	0.000000E+0	0.000000E+0	9.146800E-3	2.198954E-2	4.721241E-2
0.000000E+0	0.000000E+0	0.000000E+0	0.000000E+0	0.000000E+0	9.048673E-3	2.180202E-2	4.691223E-2
0.000000E+0	0.000000E+0	0.000000E+0	0.000000E+0	0.000000E+0	8.962403E-3	2.162308E-2	4.659735E-2
0.000000E+0	0.000000E+0	0.000000E+0	0.000000E+0	0.000000E+0	8.875724E-3	2.143678E-2	4.628410E-2
0.000000E+0	0.000000E+0	0.000000E+0	0.000000E+0	0.000000E+0	8.785775E-3	2.126356E-2	4.596228E-2
0.000000E+0	0.000000E+0	0.000000E+0	0.000000E+0	0.000000E+0	8.685194E-3	2.108544E-2	4.565516E-2
0.000000E+0	0.000000E+0	0.000000E+0	0.000000E+0	0.000000E+0	8.608737E-3	2.091344E-2	4.535049E-2
0.000000E+0	0.000000E+0	0.000000E+0	0.000000E+0	0.000000E+0	8.524102E-3	2.073777E-2	4.505725E-2
0.000000E+0	0.000000E+0	0.000000E+0	0.000000E+0	0.000000E+0	8.432108E-3	2.057190E-2	4.475340E-2
0.000000E+0	0.000000E+0	0.000000E+0	0.000000E+0	0.000000E+0	8.344612E-3	2.039745E-2	4.444301E-2
0.000000E+0	0.000000E+0	0.000000E+0	0.000000E+0	0.000000E+0	8.262839E-3	2.023158E-2	4.415223E-2
0.000000E+0	0.000000E+0	0.000000E+0	0.000000E+0	0.000000E+0	8.186382E-3	2.006776E-2	4.386307E-2
0.000000E+0	0.000000E+0	0.000000E+0	0.000000E+0	0.000000E+0	8.109107E-3	1.989944E-2	4.355963E-2
0.000000E+0	0.000000E+0	0.000000E+0	0.000000E+0	0.000000E+0	8.016295E-3	1.973439E-2	4.326803E-2
0.000000E+0	0.000000E+0	0.000000E+0	0.000000E+0	0.000000E+0	7.943926E-3	1.956688E-2	4.297030E-2
0.000000E+0	0.000000E+0	0.000000E+0	0.000000E+0	0.000000E+0	7.871966E-3	1.939857E-2	4.269218E-2
0.000000E+0	0.000000E+0	0.000000E+0	0.000000E+0	0.000000E+0	7.789376E-3	1.924904E-2	4.240098E-2
0.000000E+0	0.000000E+0	0.000000E+0	0.000000E+0	0.000000E+0	7.703106E-3	1.908603E-2	4.212817E-2
0.000000E+0	0.000000E+0	0.000000E+0	0.000000E+0	0.000000E+0	7.627875E-3	1.892915E-2	4.184882E-2
0.000000E+0	0.000000E+0	0.000000E+0	0.000000E+0	0.000000E+0	7.555916E-3	1.877309E-2	4.157560E-2
0.000000E+0	0.000000E+0	0.000000E+0	0.000000E+0	0.000000E+0	7.479049E-3	1.861702E-2	4.129339E-2
0.000000E+0	0.000000E+0	0.000000E+0	0.000000E+0	0.000000E+0	7.406681E-3	1.846586E-2	4.102098E-2
0.000000E+0	0.000000E+0	0.000000E+0	0.000000E+0	0.000000E+0	7.336765E-3	1.831021E-2	4.074613E-2
0.000000E+0	0.000000E+0	0.000000E+0	0.000000E+0	0.000000E+0	7.265623E-3	1.814638E-2	4.047209E-2
0.000000E+0	0.000000E+0	0.000000E+0	0.000000E+0	0.000000E+0	7.184668E-3	1.801565E-2	4.019846E-2
0.000000E+0	0.000000E+0	0.000000E+0	0.000000E+0	0.000000E+0	7.118841E-3	1.785468E-2	3.993463E-2
0.000000E+0	0.000000E+0	0.000000E+0	0.000000E+0	0.000000E+0	7.039931E-3	1.771905E-2	3.966304E-2
0.000000E+0	0.000000E+0	0.000000E+0	0.000000E+0	0.000000E+0	6.970424E-3	1.756217E-2	3.940778E-2
0.000000E+0	0.000000E+0	0.000000E+0	0.000000E+0	0.000000E+0	6.910321E-3	1.741673E-2	3.914150E-2
0.000000E+0	0.000000E+0	0.000000E+0	0.000000E+0	0.000000E+0	6.839179E-3	1.727946E-2	3.888707E-2
0.000000E+0	0.000000E+0	0.000000E+0	0.000000E+0	0.000000E+0	6.763540E-3	1.713524E-2	3.862201E-2
0.000000E+0	0.000000E+0	0.000000E+0	0.000000E+0	0.000000E+0	6.701801E-3	1.699715E-2	3.837002E-2
0.000000E+0	0.000000E+0	0.000000E+0	0.000000E+0	0.000000E+0	6.634339E-3	1.685335E-2	3.811641E-2
0.000000E+0	0.000000E+0	0.000000E+0	0.000000E+0	0.000000E+0	6.561561E-3	1.671281E-2	3.785788E-2
0.000000E+0	0.000000E+0	0.000000E+0	0.000000E+0	0.000000E+0	6.494917E-3	1.658248E-2	3.760427E-2
0.000000E+0	0.000000E+0	0.000000E+0	0.000000E+0	0.000000E+0	6.434814E-3	1.644113E-2	3.735677E-2
0.000000E+0	0.000000E+0	0.000000E+0	0.000000E+0	0.000000E+0	6.375938E-3	1.630222E-2	3.710152E-2
0.000000E+0	0.000000E+0	0.000000E+0	0.000000E+0	0.000000E+0	6.315426E-3	1.617271E-2	3.685362E-2
0.000000E+0	0.000000E+0	0.000000E+0	0.000000E+0	0.000000E+0	6.241013E-3	1.604198E-2	3.661552E-2
0.000000E+0	0.000000E+0	0.000000E+0	0.000000E+0	0.000000E+0	6.187452E-3	1.590757E-2	3.638436E-2
0.000000E+0	0.000000E+0	0.000000E+0	0.000000E+0	0.000000E+0	6.121216E-3	1.577847E-2	3.614054E-2
0.000000E+0	0.000000E+0	0.000000E+0	0.000000E+0	0.000000E+0	6.065202E-3	1.565264E-2	3.590203E-2
0.000000E+0	0.000000E+0	0.000000E+0	0.000000E+0	0.000000E+0	5.997331E-3	1.551782E-2	3.565985E-2
0.000000E+0	0.000000E+0	0.000000E+0	0.000000E+0	0.000000E+0	5.945405E-3	1.539567E-2	3.542093E-2
0.000000E+0	0.000000E+0	0.000000E+0	0.000000E+0	0.000000E+0	5.879170E-3	1.527637E-2	3.518406E-2
0.000000E+0	0.000000E+0	0.000000E+0	0.000000E+0	0.000000E+0	5.828062E-3	1.514605E-2	3.494105E-2
0.000000E+0	0.000000E+0	0.000000E+0	0.000000E+0	0.000000E+0	5.756920E-3	1.501940E-2	3.471562E-2
0.000000E+0	0.000000E+0	0.000000E+0	0.000000E+0	0.000000E+0	5.712762E-3	1.490827E-2	3.448977E-2
0.000000E+0	0.000000E+0	0.000000E+0	0.000000E+0	0.000000E+0	5.652660E-3	1.478449E-2	3.425493E-2
0.000000E+0	0.000000E+0	0.000000E+0	0.000000E+0	0.000000E+0	5.595419E-3	1.465498E-2	3.402909E-2
0.000000E+0	0.000000E+0	0.000000E+0	0.000000E+0	0.000000E+0	5.542676E-3	1.453977E-2	3.380610E-2
0.000000E+0	0.000000E+0	0.000000E+0	0.000000E+0	0.000000E+0	5.496065E-3	1.441476E-2	3.357576E-2
0.000000E+0	0.000000E+0	0.000000E+0	0.000000E+0	0.000000E+0	5.442095E-3	1.429750E-2	3.335889E-2
0.000000E+0	0.000000E+0	0.000000E+0	0.000000E+0	0.000000E+0	5.394258E-3	1.417780E-2	3.313876E-2
0.000000E+0	0.000000E+0	0.000000E+0	0.000000E+0	0.000000E+0	5.329249E-3	1.406341E-2	3.292272E-2
0.000000E+0	0.000000E+0	0.000000E+0	0.000000E+0	0.000000E+0	5.280186E-3	1.395065E-2	3.269809E-2
0.000000E+0	0.000000E+0	0.000000E+0	0.000000E+0	0.000000E+0	5.239299E-3	1.383953E-2	3.247715E-2
0.000000E+0	0.000000E+0	0.000000E+0	0.000000E+0	0.000000E+0	5.185329E-3	1.373576E-2	3.226763E-2
0.000000E+0	0.000000E+0	0.000000E+0	0.000000E+0	0.000000E+0	5.127271E-3	1.361606E-2	3.205240E-2
0.000000E+0	0.000000E+0	0.000000E+0	0.000000E+0	0.000000E+0	5.076163E-3	1.350166E-2	3.184126E-2
0.000000E+0	0.000000E+0	0.000000E+0	0.000000E+0	0.000000E+0	5.026691E-3	1.340280E-2	3.163583E-2
0.000000E+0	0.000000E+0	0.000000E+0	0.000000E+0	0.000000E+0	4.988667E-3	1.330025E-2	3.143204E-2
0.000000E+0	0.000000E+0	0.000000E+0	0.000000E+0	0.000000E+0	4.929381E-3	1.317973E-2	3.123764E-2
0.000000E+0	0.000000E+0	0.000000E+0	0.000000E+0	0.000000E+0	4.887677E-3	1.307065E-2	3.101669E-2
0.000000E+0	0.000000E+0	0.000000E+0	0.000000E+0	0.000000E+0	4.836570E-3	1.296157E-2	3.081289E-2
0.000000E+0	0.000000E+0	0.000000E+0	0.000000E+0	0.000000E+0	4.791595E-3	1.286352E-2	3.060788E-2
0.000000E+0	0.000000E+0	0.000000E+0	0.000000E+0	0.000000E+0	4.740487E-3	1.275280E-2	3.040571E-2
0.000000E+0	0.000000E+0	0.000000E+0	0.000000E+0	0.000000E+0	4.695921E-3	1.265475E-2	3.020151E-2
0.000000E+0	0.000000E+0	0.000000E+0	0.000000E+0	0.000000E+0	4.653399E-3	1.254486E-2	3.000507E-2
0.000000E+0	0.000000E+0	0.000000E+0	0.000000E+0	0.000000E+0	4.612922E-3	1.244190E-2	2.981108E-2
0.000000E+0	0.000000E+0	0.000000E+0	0.000000E+0	0.000000E+0	4.569173E-3	1.234385E-2	2.960892E-2
0.000000E+0	0.000000E+0	0.000000E+0	0.000000E+0	0.000000E+0	4.515612E-3	1.224989E-2	2.941084E-2
0.000000E+0	0.000000E+0	0.000000E+0	0.000000E+0	0.000000E+0	4.479632E-3	1.215143E-2	2.921358E-2
0.000000E+0	0.000000E+0	0.000000E+0	0.000000E+0	0.000000E+0	4.430569E-3	1.205338E-2	2.902857E-2
0.000000E+0	0.000000E+0	0.000000E+0	0.000000E+0	0.000000E+0	4.384776E-3	1.194389E-2	2.884316E-2
0.000000E+0	0.000000E+0	0.000000E+0	0.000000E+0	0.000000E+0	4.342663E-3	1.184625E-2	2.865325E-2
0.000000E+0	0.000000E+0	0.000000E+0	0.000000E+0	0.000000E+0	4.296871E-3	1.175310E-2	2.846497E-2
0.000000E+0	0.000000E+0	0.000000E+0	0.000000E+0	0.000000E+0	4.264571E-3	1.165995E-2	2.827997E-2
0.000000E+0	0.000000E+0	0.000000E+0	0.000000E+0	0.000000E+0	4.219596E-3	1.156558E-2	2.808761E-2
0.000000E+0	0.000000E+0	0.000000E+0	0.000000E+0	0.000000E+0	4.168897E-3	1.147856E-2	2.790342E-2
0.000000E+0	0.000000E+0	0.000000E+0	0.000000E+0	0.000000E+0	4.132508E-3	1.138419E-2	2.773229E-2
0.000000E+0	0.000000E+0	0.000000E+0	0.000000E+0	0.000000E+0	4.101843E-3	1.129390E-2	2.753871E-2
0.000000E+0	0.000000E+0	0.000000E+0	0.000000E+0	0.000000E+0	4.058504E-3	1.120034E-2	2.735820E-2
0.000000E+0	0.000000E+0	0.000000E+0	0.000000E+0	0.000000E+0	4.011076E-3	1.110597E-2	2.717564E-2
0.000000E+0	0.000000E+0	0.000000E+0	0.000000E+0	0.000000E+0	3.974687E-3	1.102671E-2	2.699839E-2
0.000000E+0	0.000000E+0	0.000000E+0	0.000000E+0	0.000000E+0	3.945658E-3	1.093724E-2	2.682278E-2
0.000000E+0	0.000000E+0	0.000000E+0	0.000000E+0	0.000000E+0	3.901092E-3	1.084328E-2	2.664063E-2
0.000000E+0	0.000000E+0	0.000000E+0	0.000000E+0	0.000000E+0	3.861432E-3	1.076606E-2	2.647114E-2
0.000000E+0	0.000000E+0	0.000000E+0	0.000000E+0	0.000000E+0	3.829541E-3	1.066352E-2	2.630002E-2
0.000000E+0	0.000000E+0	0.000000E+0	0.000000E+0	0.000000E+0	3.783748E-3	1.057691E-2	2.613053E-2
0.000000E+0	0.000000E+0	0.000000E+0	0.000000E+0	0.000000E+0	3.753083E-3	1.049969E-2	2.596104E-2
0.000000E+0	0.000000E+0	0.000000E+0	0.000000E+0	0.000000E+0	3.711379E-3	1.041431E-2	2.578461E-2
0.000000E+0	0.000000E+0	0.000000E+0	0.000000E+0	0.000000E+0	3.682350E-3	1.033342E-2	2.561839E-2
0.000000E+0	0.000000E+0	0.000000E+0	0.000000E+0	0.000000E+0	3.639011E-3	1.025457E-2	2.545094E-2
0.000000E+0	0.000000E+0	0.000000E+0	0.000000E+0	0.000000E+0	3.610390E-3	1.016796E-2	2.527982E-2
0.000000E+0	0.000000E+0	0.000000E+0	0.000000E+0	0.000000E+0	3.561327E-3	1.009156E-2	2.512095E-2
0.000000E+0	0.000000E+0	0.000000E+0	0.000000E+0	0.000000E+0	3.533524E-3	1.001148E-2	2.494901E-2
0.000000E+0	0.000000E+0	0.000000E+0	0.000000E+0	0.000000E+0	3.501224E-3	9.931411E-3	2.478973E-2
0.000000E+0	0.000000E+0	0.000000E+0	0.000000E+0	0.000000E+0	3.466879E-3	9.854196E-3	2.462351E-2
0.000000E+0	0.000000E+0	0.000000E+0	0.000000E+0	0.000000E+0	3.425993E-3	9.761457E-3	2.446628E-2
0.000000E+0	0.000000E+0	0.000000E+0	0.000000E+0	0.000000E+0	3.400235E-3	9.685059E-3	2.429924E-2
0.000000E+0	0.000000E+0	0.000000E+0	0.000000E+0	0.000000E+0	3.364255E-3	9.611522E-3	2.414568E-2
0.000000E+0	0.000000E+0	0.000000E+0	0.000000E+0	0.000000E+0	3.331137E-3	9.532265E-3	2.399008E-2
0.000000E+0	0.000000E+0	0.000000E+0	0.000000E+0	0.000000E+0	3.302926E-3	9.459135E-3	2.383938E-2
0.000000E+0	0.000000E+0	0.000000E+0	0.000000E+0	0.000000E+0	3.279211E-3	9.378653E-3	2.366785E-2
0.000000E+0	0.000000E+0	0.000000E+0	0.000000E+0	0.000000E+0	3.240370E-3	9.304706E-3	2.352490E-2
0.000000E+0	0.000000E+0	0.000000E+0	0.000000E+0	0.000000E+0	3.210114E-3	9.240565E-3	2.336644E-2
0.000000E+0	0.000000E+0	0.000000E+0	0.000000E+0	0.000000E+0	3.178631E-3	9.149460E-3	2.322105E-2
0.000000E+0	0.000000E+0	0.000000E+0	0.000000E+0	0.000000E+0	3.154508E-3	9.079191E-3	2.306055E-2
0.000000E+0	0.000000E+0	0.000000E+0	0.000000E+0	0.000000E+0	3.125479E-3	9.011781E-3	2.291556E-2
0.000000E+0	0.000000E+0	0.000000E+0	0.000000E+0	0.000000E+0	3.101356E-3	8.945189E-3	2.276486E-2
0.000000E+0	0.000000E+0	0.000000E+0	0.000000E+0	0.000000E+0	3.062514E-3	8.867566E-3	2.261416E-2
0.000000E+0	0.000000E+0	0.000000E+0	0.000000E+0	0.000000E+0	3.025717E-3	8.804242E-3	2.246223E-2
0.000000E+0	0.000000E+0	0.000000E+0	0.000000E+0	0.000000E+0	3.007318E-3	8.734790E-3	2.231970E-2
0.000000E+0	0.000000E+0	0.000000E+0	0.000000E+0	0.000000E+0	2.977062E-3	8.663295E-3	2.218207E-2
0.000000E+0	0.000000E+0	0.000000E+0	0.000000E+0	0.000000E+0	2.955801E-3	8.586897E-3	2.203341E-2
0.000000E+0	0.000000E+0	0.000000E+0	0.000000E+0	0.000000E+0	2.911235E-3	8.523573E-3	2.188352E-2
0.000000E+0	0.000000E+0	0.000000E+0	0.000000E+0	0.000000E+0	2.895289E-3	8.450444E-3	2.174752E-2
0.000000E+0	0.000000E+0	0.000000E+0	0.000000E+0	0.000000E+0	2.867487E-3	8.388754E-3	2.160050E-2
0.000000E+0	0.000000E+0	0.000000E+0	0.000000E+0	0.000000E+0	2.841320E-3	8.318076E-3	2.146777E-2
0.000000E+0	0.000000E+0	0.000000E+0	0.000000E+0	0.000000E+0	2.795936E-3	8.255569E-3	2.131870E-2
0.000000E+0	0.000000E+0	0.000000E+0	0.000000E+0	0.000000E+0	2.784488E-3	8.190611E-3	2.119373E-2
0.000000E+0	0.000000E+0	0.000000E+0	0.000000E+0	0.000000E+0	2.755458E-3	8.126878E-3	2.104588E-2
0.000000E+0	0.000000E+0	0.000000E+0	0.000000E+0	0.000000E+0	2.737877E-3	8.058652E-3	2.091764E-2
0.000000E+0	0.000000E+0	0.000000E+0	0.000000E+0	0.000000E+0	2.703124E-3	7.992059E-3	2.078369E-2
0.000000E+0	0.000000E+0	0.000000E+0	0.000000E+0	0.000000E+0	2.675730E-3	7.938540E-3	2.064197E-2
0.000000E+0	0.000000E+0	0.000000E+0	0.000000E+0	0.000000E+0	2.651607E-3	7.874399E-3	2.052067E-2
0.000000E+0	0.000000E+0	0.000000E+0	0.000000E+0	0.000000E+0	2.634435E-3	7.810666E-3	2.036834E-2
0.000000E+0	0.000000E+0	0.000000E+0	0.000000E+0	0.000000E+0	2.593958E-3	7.742440E-3	2.024541E-2
0.000000E+0	0.000000E+0	0.000000E+0	0.000000E+0	0.000000E+0	2.585780E-3	7.685652E-3	2.011349E-2
0.000000E+0	0.000000E+0	0.000000E+0	0.000000E+0	0.000000E+0	2.556751E-3	7.629682E-3	1.997995E-2
0.000000E+0	0.000000E+0	0.000000E+0	0.000000E+0	0.000000E+0	2.537535E-3	7.568809E-3	1.985538E-2
0.000000E+0	0.000000E+0	0.000000E+0	0.000000E+0	0.000000E+0	2.501963E-3	7.509979E-3	1.972714E-2
0.000000E+0	0.000000E+0	0.000000E+0	0.000000E+0	0.000000E+0	2.476205E-3	7.451149E-3	1.959931E-2
0.000000E+0	0.000000E+0	0.000000E+0	0.000000E+0	0.000000E+0	2.462713E-3	7.396813E-3	1.946454E-2
0.000000E+0	0.000000E+0	0.000000E+0	0.000000E+0	0.000000E+0	2.432866E-3	7.337574E-3	1.933752E-2
0.000000E+0	0.000000E+0	0.000000E+0	0.000000E+0	0.000000E+0	2.407925E-3	7.277519E-3	1.921664E-2
0.000000E+0	0.000000E+0	0.000000E+0	0.000000E+0	0.000000E+0	2.390344E-3	7.212969E-3	1.908636E-2
0.000000E+0	0.000000E+0	0.000000E+0	0.000000E+0	0.000000E+0	2.370310E-3	7.165578E-3	1.896547E-2
0.000000E+0	0.000000E+0	0.000000E+0	0.000000E+0	0.000000E+0	2.351911E-3	7.101028E-3	1.884499E-2
0.000000E+0	0.000000E+0	0.000000E+0	0.000000E+0	0.000000E+0	2.327379E-3	7.043424E-3	1.872410E-2
0.000000E+0	0.000000E+0	0.000000E+0	0.000000E+0	0.000000E+0	2.300394E-3	6.990313E-3	1.860566E-2
0.000000E+0	0.000000E+0	0.000000E+0	0.000000E+0	0.000000E+0	2.280360E-3	6.933934E-3	1.847416E-2
0.000000E+0	0.000000E+0	0.000000E+0	0.000000E+0	0.000000E+0	2.261961E-3	6.875104E-3	1.835694E-2
0.000000E+0	0.000000E+0	0.000000E+0	0.000000E+0	0.000000E+0	2.242336E-3	6.820359E-3	1.823973E-2
0.000000E+0	0.000000E+0	0.000000E+0	0.000000E+0	0.000000E+0	2.218622E-3	6.773377E-3	1.812089E-2
0.000000E+0	0.000000E+0	0.000000E+0	0.000000E+0	0.000000E+0	2.203494E-3	6.720675E-3	1.800204E-2
0.000000E+0	0.000000E+0	0.000000E+0	0.000000E+0	0.000000E+0	2.175282E-3	6.670016E-3	1.789014E-2
0.000000E+0	0.000000E+0	0.000000E+0	0.000000E+0	0.000000E+0	2.163834E-3	6.606283E-3	1.777783E-2
0.000000E+0	0.000000E+0	0.000000E+0	0.000000E+0	0.000000E+0	2.133578E-3	6.570331E-3	1.765449E-2
0.000000E+0	0.000000E+0	0.000000E+0	0.000000E+0	0.000000E+0	2.115588E-3	6.508233E-3	1.755606E-2
0.000000E+0	0.000000E+0	0.000000E+0	0.000000E+0	0.000000E+0	2.094327E-3	6.464928E-3	1.742537E-2
0.000000E+0	0.000000E+0	0.000000E+0	0.000000E+0	0.000000E+0	2.077155E-3	6.404463E-3	1.732041E-2
0.000000E+0	0.000000E+0	0.000000E+0	0.000000E+0	0.000000E+0	2.059165E-3	6.360749E-3	1.719952E-2
0.000000E+0	0.000000E+0	0.000000E+0	0.000000E+0	0.000000E+0	2.039131E-3	6.306822E-3	1.709783E-2
0.000000E+0	0.000000E+0	0.000000E+0	0.000000E+0	0.000000E+0	2.021959E-3	6.255754E-3	1.698634E-2
0.000000E+0	0.000000E+0	0.000000E+0	0.000000E+0	0.000000E+0	1.996200E-3	6.208363E-3	1.688056E-2
0.000000E+0	0.000000E+0	0.000000E+0	0.000000E+0	0.000000E+0	1.978619E-3	6.160972E-3	1.676335E-2
0.000000E+0	0.000000E+0	0.000000E+0	0.000000E+0	0.000000E+0	1.960629E-3	6.101733E-3	1.665471E-2
0.000000E+0	0.000000E+0	0.000000E+0	0.000000E+0	0.000000E+0	1.943048E-3	6.068641E-3	1.655465E-2
0.000000E+0	0.000000E+0	0.000000E+0	0.000000E+0	0.000000E+0	1.925467E-3	6.019616E-3	1.644357E-2
0.000000E+0	0.000000E+0	0.000000E+0	0.000000E+0	0.000000E+0	1.896438E-3	5.975494E-3	1.633779E-2
0.000000E+0	0.000000E+0	0.000000E+0	0.000000E+0	0.000000E+0	1.892349E-3	5.924426E-3	1.623977E-2
0.000000E+0	0.000000E+0	0.000000E+0	0.000000E+0	0.000000E+0	1.867000E-3	5.882346E-3	1.613073E-2
0.000000E+0	0.000000E+0	0.000000E+0	0.000000E+0	0.000000E+0	1.855960E-3	5.830053E-3	1.602903E-2
0.000000E+0	0.000000E+0	0.000000E+0	0.000000E+0	0.000000E+0	1.828975E-3	5.787973E-3	1.593143E-2
0.000000E+0	0.000000E+0	0.000000E+0	0.000000E+0	0.000000E+0	1.814665E-3	5.752838E-3	1.582647E-2
0.000000E+0	0.000000E+0	0.000000E+0	0.000000E+0	0.000000E+0	1.806488E-3	5.698502E-3	1.573172E-2
0.000000E+0	0.000000E+0	0.000000E+0	0.000000E+0	0.000000E+0	1.783592E-3	5.659282E-3	1.562675E-2
0.000000E+0	0.000000E+0	0.000000E+0	0.000000E+0	0.000000E+0	1.758242E-3	5.611074E-3	1.553446E-2
0.000000E+0	0.000000E+0	0.000000E+0	0.000000E+0	0.000000E+0	1.750883E-3	5.571037E-3	1.542214E-2
0.000000E+0	0.000000E+0	0.000000E+0	0.000000E+0	0.000000E+0	1.733710E-3	5.534676E-3	1.534128E-2
0.000000E+0	0.000000E+0	0.000000E+0	0.000000E+0	0.000000E+0	1.718582E-3	5.490554E-3	1.524245E-2
0.000000E+0	0.000000E+0	0.000000E+0	0.000000E+0	0.000000E+0	1.697730E-3	5.441937E-3	1.514157E-2
0.000000E+0	0.000000E+0	0.000000E+0	0.000000E+0	0.000000E+0	1.686282E-3	5.395363E-3	1.503661E-2
0.000000E+0	0.000000E+0	0.000000E+0	0.000000E+0	0.000000E+0	1.674016E-3	5.362680E-3	1.494553E-2
0.000000E+0	0.000000E+0	0.000000E+0	0.000000E+0	0.000000E+0	1.651938E-3	5.318149E-3	1.484384E-2
0.000000E+0	0.000000E+0	0.000000E+0	0.000000E+0	0.000000E+0	1.633948E-3	5.284240E-3	1.475726E-2
0.000000E+0	0.000000E+0	0.000000E+0	0.000000E+0	0.000000E+0	1.622091E-3	5.233989E-3	1.465148E-2
0.000000E+0	0.000000E+0	0.000000E+0	0.000000E+0	0.000000E+0	1.611460E-3	5.206617E-3	1.456694E-2
0.000000E+0	0.000000E+0	0.000000E+0	0.000000E+0	0.000000E+0	1.599195E-3	5.164537E-3	1.446770E-2
0.000000E+0	0.000000E+0	0.000000E+0	0.000000E+0	0.000000E+0	1.576298E-3	5.113060E-3	1.437867E-2
0.000000E+0	0.000000E+0	0.000000E+0	0.000000E+0	0.000000E+0	1.571801E-3	5.086914E-3	1.428065E-2
0.000000E+0	0.000000E+0	0.000000E+0	0.000000E+0	0.000000E+0	1.549722E-3	5.044017E-3	1.419203E-2
0.000000E+0	0.000000E+0	0.000000E+0	0.000000E+0	0.000000E+0	1.537047E-3	5.003163E-3	1.410340E-2
0.000000E+0	0.000000E+0	0.000000E+0	0.000000E+0	0.000000E+0	1.523964E-3	4.963125E-3	1.402091E-2
0.000000E+0	0.000000E+0	0.000000E+0	0.000000E+0	0.000000E+0	1.508427E-3	4.933710E-3	1.391349E-2
0.000000E+0	0.000000E+0	0.000000E+0	0.000000E+0	0.000000E+0	1.496979E-3	4.893673E-3	1.384121E-2
0.000000E+0	0.000000E+0	0.000000E+0	0.000000E+0	0.000000E+0	1.478580E-3	4.858130E-3	1.374932E-2
0.000000E+0	0.000000E+0	0.000000E+0	0.000000E+0	0.000000E+0	1.467132E-3	4.811148E-3	1.366069E-2
0.000000E+0	0.000000E+0	0.000000E+0	0.000000E+0	0.000000E+0	1.449142E-3	4.780915E-3	1.357615E-2
0.000000E+0	0.000000E+0	0.000000E+0	0.000000E+0	0.000000E+0	1.438920E-3	4.742104E-3	1.348508E-2
0.000000E+0	0.000000E+0	0.000000E+0	0.000000E+0	0.000000E+0	1.427472E-3	4.703292E-3	1.340544E-2
0.000000E+0	0.000000E+0	0.000000E+0	0.000000E+0	0.000000E+0	1.415206E-3	4.665298E-3	1.332131E-2
0.000000E+0	0.000000E+0	0.000000E+0	0.000000E+0	0.000000E+0	1.394763E-3	4.634657E-3	1.324044E-2
0.000000E+0	0.000000E+0	0.000000E+0	0.000000E+0	0.000000E+0	1.385359E-3	4.601157E-3	1.315304E-2
0.000000E+0	0.000000E+0	0.000000E+0	0.000000E+0	0.000000E+0	1.368596E-3	4.560302E-3	1.306769E-2
0.000000E+0	0.000000E+0	0.000000E+0	0.000000E+0	0.000000E+0	1.362054E-3	4.527211E-3	1.297743E-2
0.000000E+0	0.000000E+0	0.000000E+0	0.000000E+0	0.000000E+0	1.341202E-3	4.493710E-3	1.290024E-2
0.000000E+0	0.000000E+0	0.000000E+0	0.000000E+0	0.000000E+0	1.340793E-3	4.454898E-3	1.282755E-2
0.000000E+0	0.000000E+0	0.000000E+0	0.000000E+0	0.000000E+0	1.324439E-3	4.423032E-3	1.273974E-2
0.000000E+0	0.000000E+0	0.000000E+0	0.000000E+0	0.000000E+0	1.308902E-3	4.390349E-3	1.266377E-2
0.000000E+0	0.000000E+0	0.000000E+0	0.000000E+0	0.000000E+0	1.293365E-3	4.361751E-3	1.258373E-2
0.000000E+0	0.000000E+0	0.000000E+0	0.000000E+0	0.000000E+0	1.292548E-3	4.324165E-3	1.250368E-2
0.000000E+0	0.000000E+0	0.000000E+0	0.000000E+0	0.000000E+0	1.281508E-3	4.288622E-3	1.241873E-2
0.000000E+0	0.000000E+0	0.000000E+0	0.000000E+0	0.000000E+0	1.271287E-3	4.264109E-3	1.233746E-2
0.000000E+0	0.000000E+0	0.000000E+0	0.000000E+0	0.000000E+0	1.249208E-3	4.227749E-3	1.225905E-2
0.000000E+0	0.000000E+0	0.000000E+0	0.000000E+0	0.000000E+0	1.239395E-3	4.190571E-3	1.218227E-2
0.000000E+0	0.000000E+0	0.000000E+0	0.000000E+0	0.000000E+0	1.233262E-3	4.166059E-3	1.210671E-2
0.000000E+0	0.000000E+0	0.000000E+0	0.000000E+0	0.000000E+0	1.228765E-3	4.132967E-3	1.203320E-2
0.000000E+0	0.000000E+0	0.000000E+0	0.000000E+0	0.000000E+0	1.201371E-3	4.097015E-3	1.195968E-2
0.000000E+0	0.000000E+0	0.000000E+0	0.000000E+0	0.000000E+0	1.194012E-3	4.070460E-3	1.188944E-2
0.000000E+0	0.000000E+0	0.000000E+0	0.000000E+0	0.000000E+0	1.190332E-3	4.042679E-3	1.180857E-2
0.000000E+0	0.000000E+0	0.000000E+0	0.000000E+0	0.000000E+0	1.174795E-3	4.005910E-3	1.173016E-2
0.000000E+0	0.000000E+0	0.000000E+0	0.000000E+0	0.000000E+0	1.159667E-3	3.978946E-3	1.165991E-2
0.000000E+0	0.000000E+0	0.000000E+0	0.000000E+0	0.000000E+0	1.151490E-3	3.951166E-3	1.158477E-2
0.000000E+0	0.000000E+0	0.000000E+0	0.000000E+0	0.000000E+0	1.143721E-3	3.919708E-3	1.151248E-2
0.000000E+0	0.000000E+0	0.000000E+0	0.000000E+0	0.000000E+0	1.126958E-3	3.897238E-3	1.142917E-2
0.000000E+0	0.000000E+0	0.000000E+0	0.000000E+0	0.000000E+0	1.114692E-3	3.852298E-3	1.136872E-2
0.000000E+0	0.000000E+0	0.000000E+0	0.000000E+0	0.000000E+0	1.115101E-3	3.831463E-3	1.129888E-2
0.000000E+0	0.000000E+0	0.000000E+0	0.000000E+0	0.000000E+0	1.099973E-3	3.797962E-3	1.122578E-2
0.000000E+0	0.000000E+0	0.000000E+0	0.000000E+0	0.000000E+0	1.088525E-3	3.777944E-3	1.115186E-2
0.000000E+0	0.000000E+0	0.000000E+0	0.000000E+0	0.000000E+0	1.077895E-3	3.741992E-3	1.107875E-2
0.000000E+0	0.000000E+0	0.000000E+0	0.000000E+0	0.000000E+0	1.065629E-3	3.716662E-3	1.102117E-2
0.000000E+0	0.000000E+0	0.000000E+0	0.000000E+0	0.000000E+0	1.061131E-3	3.677034E-3	1.094398E-2
0.000000E+0	0.000000E+0	0.000000E+0	0.000000E+0	0.000000E+0	1.060722E-3	3.658649E-3	1.087537E-2
0.000000E+0	0.000000E+0	0.000000E+0	0.000000E+0	0.000000E+0	1.042324E-3	3.631685E-3	1.081411E-2
0.000000E+0	0.000000E+0	0.000000E+0	0.000000E+0	0.000000E+0	1.024742E-3	3.599411E-3	1.073814E-2
0.000000E+0	0.000000E+0	0.000000E+0	0.000000E+0	0.000000E+0	1.020654E-3	3.580209E-3	1.068546E-2
0.000000E+0	0.000000E+0	0.000000E+0	0.000000E+0	0.000000E+0	1.016565E-3	3.545074E-3	1.062052E-2
0.000000E+0	0.000000E+0	0.000000E+0	0.000000E+0	0.000000E+0	1.007570E-3	3.523830E-3	1.054456E-2
0.000000E+0	0.000000E+0	0.000000E+0	0.000000E+0	0.000000E+0	9.908068E-4	3.494007E-3	1.048779E-2
0.000000E+0	0.000000E+0	0.000000E+0	0.000000E+0	0.000000E+0	9.834473E-4	3.464591E-3	1.042122E-2
0.000000E+0	0.000000E+0	0.000000E+0	0.000000E+0	0.000000E+0	9.711814E-4	3.445390E-3	1.035710E-2
0.000000E+0	0.000000E+0	0.000000E+0	0.000000E+0	0.000000E+0	9.617776E-4	3.419243E-3	1.029584E-2
0.000000E+0	0.000000E+0	0.000000E+0	0.000000E+0	0.000000E+0	9.556446E-4	3.397999E-3	1.021947E-2
0.000000E+0	0.000000E+0	0.000000E+0	0.000000E+0	0.000000E+0	9.437876E-4	3.374304E-3	1.016924E-2
0.000000E+0	0.000000E+0	0.000000E+0	0.000000E+0	0.000000E+0	9.413344E-4	3.346114E-3	1.010103E-2
0.000000E+0	0.000000E+0	0.000000E+0	0.000000E+0	0.000000E+0	9.343838E-4	3.306486E-3	1.003732E-2
0.000000E+0	0.000000E+0	0.000000E+0	0.000000E+0	0.000000E+0	9.176204E-4	3.296681E-3	9.969117E-3
0.000000E+0	0.000000E+0	0.000000E+0	0.000000E+0	0.000000E+0	9.131229E-4	3.273802E-3	9.907856E-3
0.000000E+0	0.000000E+0	0.000000E+0	0.000000E+0	0.000000E+0	9.086254E-4	3.254601E-3	9.851496E-3
0.000000E+0	0.000000E+0	0.000000E+0	0.000000E+0	0.000000E+0	8.947241E-4	3.216198E-3	9.785335E-3
0.000000E+0	0.000000E+0	0.000000E+0	0.000000E+0	0.000000E+0	8.890000E-4	3.194953E-3	9.724891E-3
0.000000E+0	0.000000E+0	0.000000E+0	0.000000E+0	0.000000E+0	8.787784E-4	3.167581E-3	9.668122E-3
0.000000E+0	0.000000E+0	0.000000E+0	0.000000E+0	0.000000E+0	8.755075E-4	3.150831E-3	9.604820E-3
0.000000E+0	0.000000E+0	0.000000E+0	0.000000E+0	0.000000E+0	8.656948E-4	3.121824E-3	9.541925E-3
0.000000E+0	0.000000E+0	0.000000E+0	0.000000E+0	0.000000E+0	8.505669E-4	3.093226E-3	9.485565E-3
0.000000E+0	0.000000E+0	0.000000E+0	0.000000E+0	0.000000E+0	8.383010E-4	3.075250E-3	9.422671E-3
0.000000E+0	0.000000E+0	0.000000E+0	0.000000E+0	0.000000E+0	8.407542E-4	3.055232E-3	9.363860E-3
0.000000E+0	0.000000E+0	0.000000E+0	0.000000E+0	0.000000E+0	8.342124E-4	3.040116E-3	9.305867E-3
0.000000E+0	0.000000E+0	0.000000E+0	0.000000E+0	0.000000E+0	8.162225E-4	3.000896E-3	9.258492E-3
0.000000E+0	0.000000E+0	0.000000E+0	0.000000E+0	0.000000E+0	8.072275E-4	2.989457E-3	9.195189E-3
0.000000E+0	0.000000E+0	0.000000E+0	0.000000E+0	0.000000E+0	8.125427E-4	2.970664E-3	9.143322E-3
0.000000E+0	0.000000E+0	0.000000E+0	0.000000E+0	0.000000E+0	8.010945E-4	2.939614E-3	9.081652E-3
0.000000E+0	0.000000E+0	0.000000E+0	0.000000E+0	0.000000E+0	7.876021E-4	2.918370E-3	9.029377E-3
0.000000E+0	0.000000E+0	0.000000E+0	0.000000E+0	0.000000E+0	7.818780E-4	2.902846E-3	8.968933E-3
0.000000E+0	0.000000E+0	0.000000E+0	0.000000E+0	0.000000E+0	7.826957E-4	2.884461E-3	8.918699E-3
0.000000E+0	0.000000E+0	0.000000E+0	0.000000E+0	0.000000E+0	7.692032E-4	2.858723E-3	8.859072E-3
0.000000E+0	0.000000E+0	0.000000E+0	0.000000E+0	0.000000E+0	7.610260E-4	2.839521E-3	8.801486E-3
0.000000E+0	0.000000E+0	0.000000E+0	0.000000E+0	0.000000E+0	7.602083E-4	2.817052E-3	8.740226E-3
0.000000E+0	0.000000E+0	0.000000E+0	0.000000E+0	0.000000E+0	7.557108E-4	2.797033E-3	8.701019E-3
0.000000E+0	0.000000E+0	0.000000E+0	0.000000E+0	0.000000E+0	7.426272E-4	2.772112E-3	8.634040E-3
0.000000E+0	0.000000E+0	0.000000E+0	0.000000E+0	0.000000E+0	7.283170E-4	2.759856E-3	8.588707E-3
0.000000E+0	0.000000E+0	0.000000E+0	0.000000E+0	0.000000E+0	7.254549E-4	2.728398E-3	8.521729E-3
0.000000E+0	0.000000E+0	0.000000E+0	0.000000E+0	0.000000E+0	7.299524E-4	2.720227E-3	8.484564E-3
0.000000E+0	0.000000E+0	0.000000E+0	0.000000E+0	0.000000E+0	7.131890E-4	2.706745E-3	8.424937E-3
0.000000E+0	0.000000E+0	0.000000E+0	0.000000E+0	0.000000E+0	7.062384E-4	2.676513E-3	8.382463E-3
0.000000E+0	0.000000E+0	0.000000E+0	0.000000E+0	0.000000E+0	7.033763E-4	2.667117E-3	8.320385E-3
0.000000E+0	0.000000E+0	0.000000E+0	0.000000E+0	0.000000E+0	6.984700E-4	2.642604E-3	8.284037E-3
0.000000E+0	0.000000E+0	0.000000E+0	0.000000E+0	0.000000E+0	6.898839E-4	2.620543E-3	8.225227E-3
0.000000E+0	0.000000E+0	0.000000E+0	0.000000E+0	0.000000E+0	6.878396E-4	2.595213E-3	8.178260E-3
0.000000E+0	0.000000E+0	0.000000E+0	0.000000E+0	0.000000E+0	6.731205E-4	2.589085E-3	8.125576E-3
0.000000E+0	0.000000E+0	0.000000E+0	0.000000E+0	0.000000E+0	6.665787E-4	2.561713E-3	8.082285E-3
0.000000E+0	0.000000E+0	0.000000E+0	0.000000E+0	0.000000E+0	6.678053E-4	2.548231E-3	8.038177E-3
0.000000E+0	0.000000E+0	0.000000E+0	0.000000E+0	0.000000E+0	6.600369E-4	2.526578E-3	7.986718E-3
0.000000E+0	0.000000E+0	0.000000E+0	0.000000E+0	0.000000E+0	6.465444E-4	2.512279E-3	7.929541E-3
0.000000E+0	0.000000E+0	0.000000E+0	0.000000E+0	0.000000E+0	6.514508E-4	2.491852E-3	7.883391E-3
0.000000E+0	0.000000E+0	0.000000E+0	0.000000E+0	0.000000E+0	6.489976E-4	2.469382E-3	7.840101E-3
0.000000E+0	0.000000E+0	0.000000E+0	0.000000E+0	0.000000E+0	6.375494E-4	2.459577E-3	7.789050E-3
0.000000E+0	0.000000E+0	0.000000E+0	0.000000E+0	0.000000E+0	6.228304E-4	2.430979E-3	7.738816E-3
0.000000E+0	0.000000E+0	0.000000E+0	0.000000E+0	0.000000E+0	6.252836E-4	2.424034E-3	7.689807E-3
0.000000E+0	0.000000E+0	0.000000E+0	0.000000E+0	0.000000E+0	6.150620E-4	2.402790E-3	7.646925E-3
0.000000E+0	0.000000E+0	0.000000E+0	0.000000E+0	0.000000E+0	6.085202E-4	2.386856E-3	7.602409E-3
0.000000E+0	0.000000E+0	0.000000E+0	0.000000E+0	0.000000E+0	6.023872E-4	2.370515E-3	7.558301E-3
0.000000E+0	0.000000E+0	0.000000E+0	0.000000E+0	0.000000E+0	5.942100E-4	2.341100E-3	7.506433E-3
0.000000E+0	0.000000E+0	0.000000E+0	0.000000E+0	0.000000E+0	5.970720E-4	2.337831E-3	7.462326E-3
0.000000E+0	0.000000E+0	0.000000E+0	0.000000E+0	0.000000E+0	5.958454E-4	2.316996E-3	7.413725E-3
0.000000E+0	0.000000E+0	0.000000E+0	0.000000E+0	0.000000E+0	5.725403E-4	2.305148E-3	7.376152E-3
0.000000E+0	0.000000E+0	0.000000E+0	0.000000E+0	0.000000E+0	5.770378E-4	2.280635E-3	7.328369E-3
0.000000E+0	0.000000E+0	0.000000E+0	0.000000E+0	0.000000E+0	5.717225E-4	2.266745E-3	7.288345E-3
0.000000E+0	0.000000E+0	0.000000E+0	0.000000E+0	0.000000E+0	5.692694E-4	2.246726E-3	7.244237E-3
0.000000E+0	0.000000E+0	0.000000E+0	0.000000E+0	0.000000E+0	5.492351E-4	2.237330E-3	7.196862E-3
0.000000E+0	0.000000E+0	0.000000E+0	0.000000E+0	0.000000E+0	5.533237E-4	2.225482E-3	7.150304E-3
0.000000E+0	0.000000E+0	0.000000E+0	0.000000E+0	0.000000E+0	5.512794E-4	2.207506E-3	7.108647E-3
0.000000E+0	0.000000E+0	0.000000E+0	0.000000E+0	0.000000E+0	5.418756E-4	2.187079E-3	7.069440E-3
0.000000E+0	0.000000E+0	0.000000E+0	0.000000E+0	0.000000E+0	5.365603E-4	2.167878E-3	7.025740E-3
0.000000E+0	0.000000E+0	0.000000E+0	0.000000E+0	0.000000E+0	5.341072E-4	2.151536E-3	6.977549E-3
0.000000E+0	0.000000E+0	0.000000E+0	0.000000E+0	0.000000E+0	5.353338E-4	2.134377E-3	6.937933E-3
0.000000E+0	0.000000E+0	0.000000E+0	0.000000E+0	0.000000E+0	5.263388E-4	2.127432E-3	6.888925E-3
0.000000E+0	0.000000E+0	0.000000E+0	0.000000E+0	0.000000E+0	5.169349E-4	2.107005E-3	6.848084E-3
0.000000E+0	0.000000E+0	0.000000E+0	0.000000E+0	0.000000E+0	5.189793E-4	2.091889E-3	6.807652E-3
0.000000E+0	0.000000E+0	0.000000E+0	0.000000E+0	0.000000E+0	5.087577E-4	2.079224E-3	6.773346E-3
0.000000E+0	0.000000E+0	0.000000E+0	0.000000E+0	0.000000E+0	5.022159E-4	2.065742E-3	6.728421E-3
0.000000E+0	0.000000E+0	0.000000E+0	0.000000E+0	0.000000E+0	5.013982E-4	2.041638E-3	6.689623E-3
0.000000E+0	0.000000E+0	0.000000E+0	0.000000E+0	0.000000E+0	4.944475E-4	2.024479E-3	6.647966E-3
0.000000E+0	0.000000E+0	0.000000E+0	0.000000E+0	0.000000E+0	4.924032E-4	2.016717E-3	6.607125E-3
0.000000E+0	0.000000E+0	0.000000E+0	0.000000E+0	0.000000E+0	4.846348E-4	2.008137E-3	6.563834E-3
0.000000E+0	0.000000E+0	0.000000E+0	0.000000E+0	0.000000E+0	4.813639E-4	1.985259E-3	6.527078E-3
0.000000E+0	0.000000E+0	0.000000E+0	0.000000E+0	0.000000E+0	4.772753E-4	1.979131E-3	6.487871E-3
0.000000E+0	0.000000E+0	0.000000E+0	0.000000E+0	0.000000E+0	4.752309E-4	1.961564E-3	6.447030E-3
0.000000E+0	0.000000E+0	0.000000E+0	0.000000E+0	0.000000E+0	4.658271E-4	1.954210E-3	6.405781E-3
0.000000E+0	0.000000E+0	0.000000E+0	0.000000E+0	0.000000E+0	4.629651E-4	1.938277E-3	6.371067E-3
0.000000E+0	0.000000E+0	0.000000E+0	0.000000E+0	0.000000E+0	4.490637E-4	1.917033E-3	6.330226E-3
0.000000E+0	0.000000E+0	0.000000E+0	0.000000E+0	0.000000E+0	4.572410E-4	1.907227E-3	6.292245E-3
0.000000E+0	0.000000E+0	0.000000E+0	0.000000E+0	0.000000E+0	4.539701E-4	1.893337E-3	6.258347E-3
0.000000E+0	0.000000E+0	0.000000E+0	0.000000E+0	0.000000E+0	4.511080E-4	1.876995E-3	6.221999E-3
0.000000E+0	0.000000E+0	0.000000E+0	0.000000E+0	0.000000E+0	4.445662E-4	1.868416E-3	6.186059E-3
0.000000E+0	0.000000E+0	0.000000E+0	0.000000E+0	0.000000E+0	4.343447E-4	1.850849E-3	6.149711E-3
0.000000E+0	0.000000E+0	0.000000E+0	0.000000E+0	0.000000E+0	4.347535E-4	1.840635E-3	6.106420E-3
0.000000E+0	0.000000E+0	0.000000E+0	0.000000E+0	0.000000E+0	4.306649E-4	1.827153E-3	6.064763E-3
0.000000E+0	0.000000E+0	0.000000E+0	0.000000E+0	0.000000E+0	4.183990E-4	1.810811E-3	6.024331E-3
0.000000E+0	0.000000E+0	0.000000E+0	0.000000E+0	0.000000E+0	4.228965E-4	1.801006E-3	6.001052E-3
0.000000E+0	0.000000E+0	0.000000E+0	0.000000E+0	0.000000E+0	4.069509E-4	1.801006E-3	5.956944E-3
0.000000E+0	0.000000E+0	0.000000E+0	0.000000E+0	0.000000E+0	4.171724E-4	1.773634E-3	5.933256E-3
0.000000E+0	0.000000E+0	0.000000E+0	0.000000E+0	0.000000E+0	4.012268E-4	1.764238E-3	5.889965E-3
0.000000E+0	0.000000E+0	0.000000E+0	0.000000E+0	0.000000E+0	3.938673E-4	1.750756E-3	5.850350E-3
0.000000E+0	0.000000E+0	0.000000E+0	0.000000E+0	0.000000E+0	4.004091E-4	1.734414E-3	5.827479E-3
0.000000E+0	0.000000E+0	0.000000E+0	0.000000E+0	0.000000E+0	3.987736E-4	1.729103E-3	5.792765E-3
0.000000E+0	0.000000E+0	0.000000E+0	0.000000E+0	0.000000E+0	3.885520E-4	1.718889E-3	5.761726E-3
0.000000E+0	0.000000E+0	0.000000E+0	0.000000E+0	0.000000E+0	3.901875E-4	1.708267E-3	5.721294E-3
0.000000E+0	0.000000E+0	0.000000E+0	0.000000E+0	0.000000E+0	3.803748E-4	1.689883E-3	5.688213E-3
0.000000E+0	0.000000E+0	0.000000E+0	0.000000E+0	0.000000E+0	3.791482E-4	1.675992E-3	5.649006E-3
0.000000E+0	0.000000E+0	0.000000E+0	0.000000E+0	0.000000E+0	3.783305E-4	1.671090E-3	5.628586E-3
0.000000E+0	0.000000E+0	0.000000E+0	0.000000E+0	0.000000E+0	3.721975E-4	1.655974E-3	5.586112E-3
0.000000E+0	0.000000E+0	0.000000E+0	0.000000E+0	0.000000E+0	3.668823E-4	1.650663E-3	5.562424E-3
0.000000E+0	0.000000E+0	0.000000E+0	0.000000E+0	0.000000E+0	3.660646E-4	1.634730E-3	5.517908E-3
0.000000E+0	0.000000E+0	0.000000E+0	0.000000E+0	0.000000E+0	3.562519E-4	1.617979E-3	5.498305E-3
0.000000E+0	0.000000E+0	0.000000E+0	0.000000E+0	0.000000E+0	3.550253E-4	1.602455E-3	5.454197E-3
0.000000E+0	0.000000E+0	0.000000E+0	0.000000E+0	0.000000E+0	3.529810E-4	1.604498E-3	5.429284E-3
0.000000E+0	0.000000E+0	0.000000E+0	0.000000E+0	0.000000E+0	3.439860E-4	1.587339E-3	5.397837E-3
0.000000E+0	0.000000E+0	0.000000E+0	0.000000E+0	0.000000E+0	3.460303E-4	1.566503E-3	5.371291E-3
0.000000E+0	0.000000E+0	0.000000E+0	0.000000E+0	0.000000E+0	3.386708E-4	1.562418E-3	5.327591E-3
0.000000E+0	0.000000E+0	0.000000E+0	0.000000E+0	0.000000E+0	3.476658E-4	1.553430E-3	5.304312E-3
0.000000E+0	0.000000E+0	0.000000E+0	0.000000E+0	0.000000E+0	3.403062E-4	1.542399E-3	5.278991E-3
0.000000E+0	0.000000E+0	0.000000E+0	0.000000E+0	0.000000E+0	3.251783E-4	1.520338E-3	5.250811E-3
0.000000E+0	0.000000E+0	0.000000E+0	0.000000E+0	0.000000E+0	3.247695E-4	1.521155E-3	5.200986E-3
0.000000E+0	0.000000E+0	0.000000E+0	0.000000E+0	0.000000E+0	3.198631E-4	1.512575E-3	5.176890E-3
0.000000E+0	0.000000E+0	0.000000E+0	0.000000E+0	0.000000E+0	3.251783E-4	1.504405E-3	5.147893E-3
0.000000E+0	0.000000E+0	0.000000E+0	0.000000E+0	0.000000E+0	3.153656E-4	1.484386E-3	5.115221E-3
0.000000E+0	0.000000E+0	0.000000E+0	0.000000E+0	0.000000E+0	3.104593E-4	1.477441E-3	5.082140E-3
0.000000E+0	0.000000E+0	0.000000E+0	0.000000E+0	0.000000E+0	3.182277E-4	1.471721E-3	5.060494E-3
0.000000E+0	0.000000E+0	0.000000E+0	0.000000E+0	0.000000E+0	3.092327E-4	1.460282E-3	5.024555E-3
0.000000E+0	0.000000E+0	0.000000E+0	0.000000E+0	0.000000E+0	2.969668E-4	1.455788E-3	4.998417E-3
0.000000E+0	0.000000E+0	0.000000E+0	0.000000E+0	0.000000E+0	2.912427E-4	1.434952E-3	4.961252E-3
0.000000E+0	0.000000E+0	0.000000E+0	0.000000E+0	0.000000E+0	2.998288E-4	1.430458E-3	4.935114E-3
0.000000E+0	0.000000E+0	0.000000E+0	0.000000E+0	0.000000E+0	2.961491E-4	1.419836E-3	4.908976E-3
0.000000E+0	0.000000E+0	0.000000E+0	0.000000E+0	0.000000E+0	2.871541E-4	1.403903E-3	4.874670E-3
0.000000E+0	0.000000E+0	0.000000E+0	0.000000E+0	0.000000E+0	2.842920E-4	1.397775E-3	4.841589E-3
0.000000E+0	0.000000E+0	0.000000E+0	0.000000E+0	0.000000E+0	2.879718E-4	1.385927E-3	4.831379E-3
0.000000E+0	0.000000E+0	0.000000E+0	0.000000E+0	0.000000E+0	2.728439E-4	1.385927E-3	4.805241E-3
0.000000E+0	0.000000E+0	0.000000E+0	0.000000E+0	0.000000E+0	2.806123E-4	1.367543E-3	4.776244E-3
0.000000E+0	0.000000E+0	0.000000E+0	0.000000E+0	0.000000E+0	2.658932E-4	1.364275E-3	4.746022E-3
0.000000E+0	0.000000E+0	0.000000E+0	0.000000E+0	0.000000E+0	2.683464E-4	1.347116E-3	4.718659E-3
0.000000E+0	0.000000E+0	0.000000E+0	0.000000E+0	0.000000E+0	2.654844E-4	1.336902E-3	4.689254E-3
0.000000E+0	0.000000E+0	0.000000E+0	0.000000E+0	0.000000E+0	2.663021E-4	1.325054E-3	4.664341E-3
0.000000E+0	0.000000E+0	0.000000E+0	0.000000E+0	0.000000E+0	2.568982E-4	1.324237E-3	4.639020E-3
0.000000E+0	0.000000E+0	0.000000E+0	0.000000E+0	0.000000E+0	2.650755E-4	1.307896E-3	4.602264E-3
0.000000E+0	0.000000E+0	0.000000E+0	0.000000E+0	0.000000E+0	2.646666E-4	1.306670E-3	4.580210E-3
0.000000E+0	0.000000E+0	0.000000E+0	0.000000E+0	0.000000E+0	2.671198E-4	1.298499E-3	4.553255E-3
0.000000E+0	0.000000E+0	0.000000E+0	0.000000E+0	0.000000E+0	2.573071E-4	1.283383E-3	4.527117E-3
0.000000E+0	0.000000E+0	0.000000E+0	0.000000E+0	0.000000E+0	2.528096E-4	1.271944E-3	4.503838E-3
0.000000E+0	0.000000E+0	0.000000E+0	0.000000E+0	0.000000E+0	2.454501E-4	1.267041E-3	4.472391E-3
0.000000E+0	0.000000E+0	0.000000E+0	0.000000E+0	0.000000E+0	2.479033E-4	1.257645E-3	4.453196E-3
0.000000E+0	0.000000E+0	0.000000E+0	0.000000E+0	0.000000E+0	2.466767E-4	1.242937E-3	4.416848E-3
0.000000E+0	0.000000E+0	0.000000E+0	0.000000E+0	0.000000E+0	2.344108E-4	1.239669E-3	4.391118E-3
0.000000E+0	0.000000E+0	0.000000E+0	0.000000E+0	0.000000E+0	2.340019E-4	1.224962E-3	4.365389E-3
0.000000E+0	0.000000E+0	0.000000E+0	0.000000E+0	0.000000E+0	2.380906E-4	1.231498E-3	4.344152E-3
0.000000E+0	0.000000E+0	0.000000E+0	0.000000E+0	0.000000E+0	2.213272E-4	1.211071E-3	4.314746E-3
0.000000E+0	0.000000E+0	0.000000E+0	0.000000E+0	0.000000E+0	2.254158E-4	1.211480E-3	4.287792E-3
0.000000E+0	0.000000E+0	0.000000E+0	0.000000E+0	0.000000E+0	2.233715E-4	1.205351E-3	4.269005E-3
0.000000E+0	0.000000E+0	0.000000E+0	0.000000E+0	0.000000E+0	2.209183E-4	1.189827E-3	4.251444E-3
0.000000E+0	0.000000E+0	0.000000E+0	0.000000E+0	0.000000E+0	2.127411E-4	1.187376E-3	4.220813E-3
0.000000E+0	0.000000E+0	0.000000E+0	0.000000E+0	0.000000E+0	2.119233E-4	1.173894E-3	4.190591E-3
0.000000E+0	0.000000E+0	0.000000E+0	0.000000E+0	0.000000E+0	2.196917E-4	1.171851E-3	4.171805E-3
0.000000E+0	0.000000E+0	0.000000E+0	0.000000E+0	0.000000E+0	2.164208E-4	1.160820E-3	4.149342E-3
0.000000E+0	0.000000E+0	0.000000E+0	0.000000E+0	0.000000E+0	2.115145E-4	1.143662E-3	4.125655E-3
0.000000E+0	0.000000E+0	0.000000E+0	0.000000E+0	0.000000E+0	2.102879E-4	1.139985E-3	4.101967E-3
0.000000E+0	0.000000E+0	0.000000E+0	0.000000E+0	0.000000E+0	2.037461E-4	1.134265E-3	4.082364E-3
0.000000E+0	0.000000E+0	0.000000E+0	0.000000E+0	0.000000E+0	2.045638E-4	1.129363E-3	4.053775E-3
0.000000E+0	0.000000E+0	0.000000E+0	0.000000E+0	0.000000E+0	1.980220E-4	1.117106E-3	4.037848E-3
0.000000E+0	0.000000E+0	0.000000E+0	0.000000E+0	0.000000E+0	1.914802E-4	1.113021E-3	4.012527E-3
0.000000E+0	0.000000E+0	0.000000E+0	0.000000E+0	0.000000E+0	1.963866E-4	1.110161E-3	3.981488E-3
0.000000E+0	0.000000E+0	0.000000E+0	0.000000E+0	0.000000E+0	1.882093E-4	1.093819E-3	3.960251E-3
0.000000E+0	0.000000E+0	0.000000E+0	0.000000E+0	0.000000E+0	1.922979E-4	1.084831E-3	3.937380E-3
0.000000E+0	0.000000E+0	0.000000E+0	0.000000E+0	0.000000E+0	1.869827E-4	1.085240E-3	3.915326E-3
0.000000E+0	0.000000E+0	0.000000E+0	0.000000E+0	0.000000E+0	1.869827E-4	1.077478E-3	3.896131E-3
0.000000E+0	0.000000E+0	0.000000E+0	0.000000E+0	0.000000E+0	1.878004E-4	1.067264E-3	3.869585E-3
0.000000E+0	0.000000E+0	0.000000E+0	0.000000E+0	0.000000E+0	1.820764E-4	1.058276E-3	3.851206E-3
0.000000E+0	0.000000E+0	0.000000E+0	0.000000E+0	0.000000E+0	1.824852E-4	1.059093E-3	3.824252E-3
0.000000E+0	0.000000E+0	0.000000E+0	0.000000E+0	0.000000E+0	1.804409E-4	1.047246E-3	3.811591E-3
0.000000E+0	0.000000E+0	0.000000E+0	0.000000E+0	0.000000E+0	1.759434E-4	1.037032E-3	3.790762E-3
0.000000E+0	0.000000E+0	0.000000E+0	0.000000E+0	0.000000E+0	1.710371E-4	1.028453E-3	3.763808E-3
0.000000E+0	0.000000E+0	0.000000E+0	0.000000E+0	0.000000E+0	1.694016E-4	1.033764E-3	3.733994E-3
0.000000E+0	0.000000E+0	0.000000E+0	0.000000E+0	0.000000E+0	1.730814E-4	1.015788E-3	3.717658E-3
0.000000E+0	0.000000E+0	0.000000E+0	0.000000E+0	0.000000E+0	1.673573E-4	1.010885E-3	3.697238E-3
0.000000E+0	0.000000E+0	0.000000E+0	0.000000E+0	0.000000E+0	1.616332E-4	1.001489E-3	3.673959E-3
0.000000E+0	0.000000E+0	0.000000E+0	0.000000E+0	0.000000E+0	1.550914E-4	1.002714E-3	3.657622E-3
0.000000E+0	0.000000E+0	0.000000E+0	0.000000E+0	0.000000E+0	1.644953E-4	9.900496E-4	3.631076E-3
0.000000E+0	0.000000E+0	0.000000E+0	0.000000E+0	0.000000E+0	1.599978E-4	9.810617E-4	3.613923E-3
0.000000E+0	0.000000E+0	0.000000E+0	0.000000E+0	0.000000E+0	1.591801E-4	9.782019E-4	3.592686E-3
0.000000E+0	0.000000E+0	0.000000E+0	0.000000E+0	0.000000E+0	1.510028E-4	9.679883E-4	3.578800E-3
0.000000E+0	0.000000E+0	0.000000E+0	0.000000E+0	0.000000E+0	1.604066E-4	9.618602E-4	3.552662E-3
0.000000E+0	0.000000E+0	0.000000E+0	0.000000E+0	0.000000E+0	1.477319E-4	9.610431E-4	3.532242E-3
0.000000E+0	0.000000E+0	0.000000E+0	0.000000E+0	0.000000E+0	1.481408E-4	9.447014E-4	3.511822E-3
0.000000E+0	0.000000E+0	0.000000E+0	0.000000E+0	0.000000E+0	1.411901E-4	9.406160E-4	3.495894E-3
0.000000E+0	0.000000E+0	0.000000E+0	0.000000E+0	0.000000E+0	1.387369E-4	9.312195E-4	3.473432E-3
0.000000E+0	0.000000E+0	0.000000E+0	0.000000E+0	0.000000E+0	1.440521E-4	9.451099E-4	3.455870E-3
0.000000E+0	0.000000E+0	0.000000E+0	0.000000E+0	0.000000E+0	1.440521E-4	9.308109E-4	3.439942E-3
0.000000E+0	0.000000E+0	0.000000E+0	0.000000E+0	0.000000E+0	1.289242E-4	9.161034E-4	3.424015E-3
0.000000E+0	0.000000E+0	0.000000E+0	0.000000E+0	0.000000E+0	1.415990E-4	9.091582E-4	3.400327E-3
0.000000E+0	0.000000E+0	0.000000E+0	0.000000E+0	0.000000E+0	1.317862E-4	9.152863E-4	3.379907E-3
0.000000E+0	0.000000E+0	0.000000E+0	0.000000E+0	0.000000E+0	1.338306E-4	9.013959E-4	3.361120E-3
0.000000E+0	0.000000E+0	0.000000E+0	0.000000E+0	0.000000E+0	1.276976E-4	8.924079E-4	3.349276E-3
0.000000E+0	0.000000E+0	0.000000E+0	0.000000E+0	0.000000E+0	1.260622E-4	8.891396E-4	3.318238E-3
0.000000E+0	0.000000E+0	0.000000E+0	0.000000E+0	0.000000E+0	1.338306E-4	8.772919E-4	3.303943E-3
0.000000E+0	0.000000E+0	0.000000E+0	0.000000E+0	0.000000E+0	1.195204E-4	8.752492E-4	3.279031E-3
0.000000E+0	0.000000E+0	0.000000E+0	0.000000E+0	0.000000E+0	1.272888E-4	8.666698E-4	3.271679E-3
0.000000E+0	0.000000E+0	0.000000E+0	0.000000E+0	0.000000E+0	1.211558E-4	8.707552E-4	3.240232E-3
0.000000E+0	0.000000E+0	0.000000E+0	0.000000E+0	0.000000E+0	1.187026E-4	8.540049E-4	3.238190E-3
0.000000E+0	0.000000E+0	0.000000E+0	0.000000E+0	0.000000E+0	1.252444E-4	8.617673E-4	3.218587E-3
0.000000E+0	0.000000E+0	0.000000E+0	0.000000E+0	0.000000E+0	1.174761E-4	8.409316E-4	3.199392E-3
0.000000E+0	0.000000E+0	0.000000E+0	0.000000E+0	0.000000E+0	1.199292E-4	8.433828E-4	3.174071E-3
0.000000E+0	0.000000E+0	0.000000E+0	0.000000E+0	0.000000E+0	1.142052E-4	8.331693E-4	3.157734E-3
0.000000E+0	0.000000E+0	0.000000E+0	0.000000E+0	0.000000E+0	1.113431E-4	8.319436E-4	3.140581E-3
0.000000E+0	0.000000E+0	0.000000E+0	0.000000E+0	0.000000E+0	1.125697E-4	8.274497E-4	3.116485E-3
0.000000E+0	0.000000E+0	0.000000E+0	0.000000E+0	0.000000E+0	1.031659E-4	8.172361E-4	3.110359E-3
0.000000E+0	0.000000E+0	0.000000E+0	0.000000E+0	0.000000E+0	1.101165E-4	8.074311E-4	3.094431E-3
0.000000E+0	0.000000E+0	0.000000E+0	0.000000E+0	0.000000E+0	1.109342E-4	8.151934E-4	3.077687E-3
0.000000E+0	0.000000E+0	0.000000E+0	0.000000E+0	0.000000E+0	1.088899E-4	7.968090E-4	3.055225E-3
0.000000E+0	0.000000E+0	0.000000E+0	0.000000E+0	0.000000E+0	9.089998E-5	7.947663E-4	3.031129E-3
0.000000E+0	0.000000E+0	0.000000E+0	0.000000E+0	0.000000E+0	9.744178E-5	7.870040E-4	3.018468E-3
0.000000E+0	0.000000E+0	0.000000E+0	0.000000E+0	0.000000E+0	9.662405E-5	7.988517E-4	3.000907E-3
0.000000E+0	0.000000E+0	0.000000E+0	0.000000E+0	0.000000E+0	9.294429E-5	7.780160E-4	2.986613E-3
0.000000E+0	0.000000E+0	0.000000E+0	0.000000E+0	0.000000E+0	8.885566E-5	7.870040E-4	2.968234E-3
0.000000E+0	0.000000E+0	0.000000E+0	0.000000E+0	0.000000E+0	9.089998E-5	7.694366E-4	2.959249E-3
0.000000E+0	0.000000E+0	0.000000E+0	0.000000E+0	0.000000E+0	8.394931E-5	7.637171E-4	2.939646E-3
0.000000E+0	0.000000E+0	0.000000E+0	0.000000E+0	0.000000E+0	9.335315E-5	7.600402E-4	2.929027E-3
0.000000E+0	0.000000E+0	0.000000E+0	0.000000E+0	0.000000E+0	7.536319E-5	7.494181E-4	2.910649E-3
0.000000E+0	0.000000E+0	0.000000E+0	0.000000E+0	0.000000E+0	8.926452E-5	7.383874E-4	2.893088E-3
0.000000E+0	0.000000E+0	0.000000E+0	0.000000E+0	0.000000E+0	7.740751E-5	7.441070E-4	2.872667E-3
0.000000E+0	0.000000E+0	0.000000E+0	0.000000E+0	0.000000E+0	8.394931E-5	7.408387E-4	2.861232E-3
0.000000E+0	0.000000E+0	0.000000E+0	0.000000E+0	0.000000E+0	7.822523E-5	7.404301E-4	2.844896E-3
0.000000E+0	0.000000E+0	0.000000E+0	0.000000E+0	0.000000E+0	8.517590E-5	7.314422E-4	2.826109E-3
0.000000E+0	0.000000E+0	0.000000E+0	0.000000E+0	0.000000E+0	7.904296E-5	7.195945E-4	2.806914E-3
0.000000E+0	0.000000E+0	0.000000E+0	0.000000E+0	0.000000E+0	7.986068E-5	7.236799E-4	2.801197E-3
0.000000E+0	0.000000E+0	0.000000E+0	0.000000E+0	0.000000E+0	6.963911E-5	7.097894E-4	2.785269E-3
0.000000E+0	0.000000E+0	0.000000E+0	0.000000E+0	0.000000E+0	6.963911E-5	7.044784E-4	2.767707E-3
0.000000E+0	0.000000E+0	0.000000E+0	0.000000E+0	0.000000E+0	7.740751E-5	7.024357E-4	2.753413E-3
0.000000E+0	0.000000E+0	0.000000E+0	0.000000E+0	0.000000E+0	8.190500E-5	6.967161E-4	2.741161E-3
0.000000E+0	0.000000E+0	0.000000E+0	0.000000E+0	0.000000E+0	5.369347E-5	7.048869E-4	2.728092E-3
0.000000E+0	0.000000E+0	0.000000E+0	0.000000E+0	0.000000E+0	6.432390E-5	6.844598E-4	2.709714E-3
0.000000E+0	0.000000E+0	0.000000E+0	0.000000E+0	0.000000E+0	6.268845E-5	6.828256E-4	2.703179E-3
0.000000E+0	0.000000E+0	0.000000E+0	0.000000E+0	0.000000E+0	6.759480E-5	6.840513E-4	2.675408E-3
0.000000E+0	0.000000E+0	0.000000E+0	0.000000E+0	0.000000E+0	6.268845E-5	6.705694E-4	2.657438E-3
0.000000E+0	0.000000E+0	0.000000E+0	0.000000E+0	0.000000E+0	5.819096E-5	6.734292E-4	2.648861E-3
0.000000E+0	0.000000E+0	0.000000E+0	0.000000E+0	0.000000E+0	5.737323E-5	6.656669E-4	2.637834E-3
0.000000E+0	0.000000E+0	0.000000E+0	0.000000E+0	0.000000E+0	5.124029E-5	6.656669E-4	2.615372E-3
0.000000E+0	0.000000E+0	0.000000E+0	0.000000E+0	0.000000E+0	4.428962E-5	6.574960E-4	2.614964E-3
0.000000E+0	0.000000E+0	0.000000E+0	0.000000E+0	0.000000E+0	5.001370E-5	6.570875E-4	2.591685E-3
0.000000E+0	0.000000E+0	0.000000E+0	0.000000E+0	0.000000E+0	5.941755E-5	6.489166E-4	2.584333E-3
0.000000E+0	0.000000E+0	0.000000E+0	0.000000E+0	0.000000E+0	4.756053E-5	6.448312E-4	2.568406E-3
0.000000E+0	0.000000E+0	0.000000E+0	0.000000E+0	0.000000E+0	3.897441E-5	6.358432E-4	2.557787E-3
0.000000E+0	0.000000E+0	0.000000E+0	0.000000E+0	0.000000E+0	4.020100E-5	6.366603E-4	2.533691E-3
0.000000E+0	0.000000E+0	0.000000E+0	0.000000E+0	0.000000E+0	4.388076E-5	6.305322E-4	2.526340E-3
0.000000E+0	0.000000E+0	0.000000E+0	0.000000E+0	0.000000E+0	4.878711E-5	6.301237E-4	2.514904E-3
0.000000E+0	0.000000E+0	0.000000E+0	0.000000E+0	0.000000E+0	4.224531E-5	6.231784E-4	2.505511E-3
0.000000E+0	0.000000E+0	0.000000E+0	0.000000E+0	0.000000E+0	3.815668E-5	6.235870E-4	2.478556E-3
0.000000E+0	0.000000E+0	0.000000E+0	0.000000E+0	0.000000E+0	4.224531E-5	6.219528E-4	2.468346E-3
0.000000E+0	0.000000E+0	0.000000E+0	0.000000E+0	0.000000E+0	4.306304E-5	6.125563E-4	2.459361E-3
0.000000E+0	0.000000E+0	0.000000E+0	0.000000E+0	0.000000E+0	3.161488E-5	6.060196E-4	2.449151E-3
0.000000E+0	0.000000E+0	0.000000E+0	0.000000E+0	0.000000E+0	3.733896E-5	5.962146E-4	2.429548E-3
0.000000E+0	0.000000E+0	0.000000E+0	0.000000E+0	0.000000E+0	4.183645E-5	6.011171E-4	2.429139E-3
0.000000E+0	0.000000E+0	0.000000E+0	0.000000E+0	0.000000E+0	3.406806E-5	5.958061E-4	2.407494E-3
0.000000E+0	0.000000E+0	0.000000E+0	0.000000E+0	0.000000E+0	3.120602E-5	5.896779E-4	2.398917E-3
0.000000E+0	0.000000E+0	0.000000E+0	0.000000E+0	0.000000E+0	2.711739E-5	5.937634E-4	2.381356E-3
0.000000E+0	0.000000E+0	0.000000E+0	0.000000E+0	0.000000E+0	3.079715E-5	5.810986E-4	2.371554E-3
0.000000E+0	0.000000E+0	0.000000E+0	0.000000E+0	0.000000E+0	2.098445E-5	5.786473E-4	2.353584E-3
0.000000E+0	0.000000E+0	0.000000E+0	0.000000E+0	0.000000E+0	2.466421E-5	5.778302E-4	2.344599E-3
0.000000E+0	0.000000E+0	0.000000E+0	0.000000E+0	0.000000E+0	1.894014E-5	5.729277E-4	2.328672E-3
0.000000E+0	0.000000E+0	0.000000E+0	0.000000E+0	0.000000E+0	1.975786E-5	5.635312E-4	2.319278E-3
0.000000E+0	0.000000E+0	0.000000E+0	0.000000E+0	0.000000E+0	1.934900E-5	5.700679E-4	2.313152E-3
0.000000E+0	0.000000E+0	0.000000E+0	0.000000E+0	0.000000E+0	2.916170E-5	5.623056E-4	2.295999E-3
0.000000E+0	0.000000E+0	0.000000E+0	0.000000E+0	0.000000E+0	1.239833E-5	5.565860E-4	2.293140E-3
0.000000E+0	0.000000E+0	0.000000E+0	0.000000E+0	0.000000E+0	2.057559E-5	5.582202E-4	2.269861E-3
0.000000E+0	0.000000E+0	0.000000E+0	0.000000E+0	0.000000E+0	1.648696E-5	5.529091E-4	2.260060E-3
0.000000E+0	0.000000E+0	0.000000E+0	0.000000E+0	0.000000E+0	2.221104E-5	5.496408E-4	2.249441E-3
0.000000E+0	0.000000E+0	0.000000E+0	0.000000E+0	0.000000E+0	6.674254E-6	5.459639E-4	2.240865E-3
0.000000E+0	0.000000E+0	0.000000E+0	0.000000E+0	0.000000E+0	9.536293E-6	5.410614E-4	2.224937E-3
0.000000E+0	0.000000E+0	0.000000E+0	0.000000E+0	0.000000E+0	5.038803E-6	5.365674E-4	2.209417E-3
0.000000E+0	0.000000E+0	0.000000E+0	0.000000E+0	0.000000E+0	1.812241E-5	5.320735E-4	2.197165E-3
0.000000E+0	0.000000E+0	0.000000E+0	0.000000E+0	0.000000E+0	7.083117E-6	5.251282E-4	2.188997E-3
0.000000E+0	0.000000E+0	0.000000E+0	0.000000E+0	0.000000E+0	7.900842E-6	5.206343E-4	2.172661E-3
0.000000E+0	0.000000E+0	0.000000E+0	0.000000E+0	0.000000E+0	1.117174E-5	5.271709E-4	2.163676E-3
0.000000E+0	0.000000E+0	0.000000E+0	0.000000E+0	0.000000E+0	1.403378E-5	5.251282E-4	2.148973E-3
0.000000E+0	0.000000E+0	0.000000E+0	0.000000E+0	0.000000E+0	-1.911863E-6	5.087865E-4	2.139988E-3
0.000000E+0	0.000000E+0	0.000000E+0	0.000000E+0	0.000000E+0	-5.182765E-6	5.100122E-4	2.129778E-3
0.000000E+0	0.000000E+0	0.000000E+0	0.000000E+0	0.000000E+0	9.945156E-6	5.075609E-4	2.115893E-3
0.000000E+0	0.000000E+0	0.000000E+0	0.000000E+0	0.000000E+0	-1.503001E-6	5.059267E-4	2.108541E-3
0.000000E+0	0.000000E+0	0.000000E+0	0.000000E+0	0.000000E+0	-7.635942E-6	4.981644E-4	2.096697E-3
0.000000E+0	0.000000E+0	0.000000E+0	0.000000E+0	0.000000E+0	4.629940E-6	4.871338E-4	2.081995E-3
0.000000E+0	0.000000E+0	0.000000E+0	0.000000E+0	0.000000E+0	-6.409353E-6	4.936705E-4	2.073827E-3
0.000000E+0	0.000000E+0	0.000000E+0	0.000000E+0	0.000000E+0	4.629940E-6	4.899936E-4	2.073827E-3
0.000000E+0	0.000000E+0	0.000000E+0	0.000000E+0	0.000000E+0	-1.008912E-5	4.871338E-4	2.050139E-3
0.000000E+0	0.000000E+0	0.000000E+0	0.000000E+0	0.000000E+0	-1.254229E-5	4.916277E-4	2.035845E-3
0.000000E+0	0.000000E+0	0.000000E+0	0.000000E+0	0.000000E+0	-1.499547E-5	4.908107E-4	2.020734E-3
0.000000E+0	0.000000E+0	0.000000E+0	0.000000E+0	0.000000E+0	-6.000491E-6	4.818227E-4	2.017058E-3
0.000000E+0	0.000000E+0	0.000000E+0	0.000000E+0	0.000000E+0	-9.680255E-6	4.699750E-4	2.014200E-3
0.000000E+0	0.000000E+0	0.000000E+0	0.000000E+0	0.000000E+0	-1.376888E-5	4.716092E-4	1.997047E-3
0.000000E+0	0.000000E+0	0.000000E+0	0.000000E+0	0.000000E+0	-8.862530E-6	4.642554E-4	1.983569E-3
0.000000E+0	0.000000E+0	0.000000E+0	0.000000E+0	0.000000E+0	-1.540433E-5	4.630298E-4	1.975809E-3
0.000000E+0	0.000000E+0	0.000000E+0	0.000000E+0	0.000000E+0	-1.622206E-5	4.581273E-4	1.966416E-3
0.000000E+0	0.000000E+0	0.000000E+0	0.000000E+0	0.000000E+0	-2.153727E-5	4.585358E-4	1.952530E-3
0.000000E+0	0.000000E+0	0.000000E+0	0.000000E+0	0.000000E+0	-1.213343E-5	4.589443E-4	1.946404E-3
0.000000E+0	0.000000E+0	0.000000E+0	0.000000E+0	0.000000E+0	-1.703978E-5	4.552675E-4	1.948855E-3
0.000000E+0	0.000000E+0	0.000000E+0	0.000000E+0	0.000000E+0	-1.376888E-5	4.475052E-4	1.933335E-3
0.000000E+0	0.000000E+0	0.000000E+0	0.000000E+0	0.000000E+0	-2.521704E-5	4.389258E-4	1.911690E-3
0.000000E+0	0.000000E+0	0.000000E+0	0.000000E+0	0.000000E+0	-1.826637E-5	4.426026E-4	1.914549E-3
0.000000E+0	0.000000E+0	0.000000E+0	0.000000E+0	0.000000E+0	-2.153727E-5	4.421941E-4	1.904747E-3
0.000000E+0	0.000000E+0	0.000000E+0	0.000000E+0	0.000000E+0	-2.644363E-5	4.360660E-4	1.890861E-3
0.000000E+0	0.000000E+0	0.000000E+0	0.000000E+0	0.000000E+0	-2.685249E-5	4.426026E-4	1.875342E-3
0.000000E+0	0.000000E+0	0.000000E+0	0.000000E+0	0.000000E+0	-3.462088E-5	4.266695E-4	1.870441E-3
0.000000E+0	0.000000E+0	0.000000E+0	0.000000E+0	0.000000E+0	-1.581320E-5	4.393343E-4	1.864315E-3
0.000000E+0	0.000000E+0	0.000000E+0	0.000000E+0	0.000000E+0	-2.603476E-5	4.254439E-4	1.848387E-3
0.000000E+0	0.000000E+0	0.000000E+0	0.000000E+0	0.000000E+0	-3.339429E-5	4.238097E-4	1.838177E-3
0.000000E+0	0.000000E+0	0.000000E+0	0.000000E+0	0.000000E+0	-2.031069E-5	4.135961E-4	1.833276E-3
0.000000E+0	0.000000E+0	0.000000E+0	0.000000E+0	0.000000E+0	-3.339429E-5	4.217670E-4	1.816940E-3
0.000000E+0	0.000000E+0	0.000000E+0	0.000000E+0	0.000000E+0	-2.971453E-5	4.127790E-4	1.809180E-3
0.000000E+0	0.000000E+0	0.000000E+0	0.000000E+0	0.000000E+0	-3.421202E-5	4.070595E-4	1.799787E-3
0.000000E+0	0.000000E+0	0.000000E+0	0.000000E+0	0.000000E+0	-3.421202E-5	4.021569E-4	1.794886E-3
0.000000E+0	0.000000E+0	0.000000E+0	0.000000E+0	0.000000E+0	-3.789178E-5	4.082851E-4	1.778141E-3
0.000000E+0	0.000000E+0	0.000000E+0	0.000000E+0	0.000000E+0	-3.053225E-5	4.046082E-4	1.774057E-3
0.000000E+0	0.000000E+0	0.000000E+0	0.000000E+0	0.000000E+0	-4.034496E-5	4.025655E-4	1.762622E-3
0.000000E+0	0.000000E+0	0.000000E+0	0.000000E+0	0.000000E+0	-3.543861E-5	3.903092E-4	1.756087E-3
0.000000E+0	0.000000E+0	0.000000E+0	0.000000E+0	0.000000E+0	-4.279814E-5	3.915348E-4	1.745469E-3
0.000000E+0	0.000000E+0	0.000000E+0	0.000000E+0	0.000000E+0	-4.075382E-5	3.882665E-4	1.734442E-3
0.000000E+0	0.000000E+0	0.000000E+0	0.000000E+0	0.000000E+0	-4.566018E-5	3.866323E-4	1.727091E-3
0.000000E+0	0.000000E+0	0.000000E+0	0.000000E+0	0.000000E+0	-4.034496E-5	3.890836E-4	1.719331E-3
0.000000E+0	0.000000E+0	0.000000E+0	0.000000E+0	0.000000E+0	-4.811335E-5	3.788700E-4	1.714839E-3
0.000000E+0	0.000000E+0	0.000000E+0	0.000000E+0	0.000000E+0	-3.339429E-5	3.764188E-4	1.706262E-3
0.000000E+0	0.000000E+0	0.000000E+0	0.000000E+0	0.000000E+0	-4.770449E-5	3.800956E-4	1.694010E-3
0.000000E+0	0.000000E+0	0.000000E+0	0.000000E+0	0.000000E+0	-4.688676E-5	3.686565E-4	1.685433E-3
0.000000E+0	0.000000E+0	0.000000E+0	0.000000E+0	0.000000E+0	-4.893108E-5	3.711077E-4	1.685842E-3
0.000000E+0	0.000000E+0	0.000000E+0	0.000000E+0	0.000000E+0	-4.525131E-5	3.686565E-4	1.663788E-3
0.000000E+0	0.000000E+0	0.000000E+0	0.000000E+0	0.000000E+0	-5.179312E-5	3.694735E-4	1.658479E-3
0.000000E+0	0.000000E+0	0.000000E+0	0.000000E+0	0.000000E+0	-6.405900E-5	3.637539E-4	1.645410E-3
0.000000E+0	0.000000E+0	0.000000E+0	0.000000E+0	0.000000E+0	-5.506402E-5	3.588514E-4	1.643368E-3
0.000000E+0	0.000000E+0	0.000000E+0	0.000000E+0	0.000000E+0	-4.238927E-5	3.592600E-4	1.631115E-3
0.000000E+0	0.000000E+0	0.000000E+0	0.000000E+0	0.000000E+0	-4.893108E-5	3.502720E-4	1.622131E-3
0.000000E+0	0.000000E+0	0.000000E+0	0.000000E+0	0.000000E+0	-5.220198E-5	3.506806E-4	1.611512E-3
0.000000E+0	0.000000E+0	0.000000E+0	0.000000E+0	0.000000E+0	-5.751719E-5	3.433268E-4	1.602119E-3
