This is a log file of a temperature control run being done in Physics 3600 for the bug experiment. It records the time, temperature, power, and control setting for each PID update. It does so by accumulating the data and periodically saving it.

11/29/2021
1:00 PM

Time (ms)	Temp (C)	Power	Setpoint	CB	Itime	Ion	Dtime	Don	SB	Stime	Time in SB	Settled	Man Pow	Man on

<data below>
11.351	32.309	0.938	45.000	1.000	10.000	1.000	0.100	1.000	0.200	60.000	0.000	0.000	0.000	0.000
11.579	32.455	0.939	45.000	1.000	10.000	1.000	0.100	1.000	0.200	60.000	0.000	0.000	0.000	0.000
11.811	32.603	0.937	45.000	1.000	10.000	1.000	0.100	1.000	0.200	60.000	0.000	0.000	0.000	0.000
12.042	32.748	0.936	45.000	1.000	10.000	1.000	0.100	1.000	0.200	60.000	0.000	0.000	0.000	0.000
12.279	32.897	0.938	45.000	1.000	10.000	1.000	0.100	1.000	0.200	60.000	0.000	0.000	0.000	0.000
12.511	33.046	0.938	45.000	1.000	10.000	1.000	0.100	1.000	0.200	60.000	0.000	0.000	0.000	0.000
12.753	33.202	0.936	45.000	1.000	10.000	1.000	0.100	1.000	0.200	60.000	0.000	0.000	0.000	0.000
12.991	33.353	0.936	45.000	1.000	10.000	1.000	0.100	1.000	0.200	60.000	0.000	0.000	0.000	0.000
13.228	33.504	0.937	45.000	1.000	10.000	1.000	0.100	1.000	0.200	60.000	0.000	0.000	0.000	0.000
13.467	33.660	0.937	45.000	1.000	10.000	1.000	0.100	1.000	0.200	60.000	0.000	0.000	0.000	0.000
13.700	33.812	0.935	45.000	1.000	10.000	1.000	0.100	1.000	0.200	60.000	0.000	0.000	0.000	0.000
13.938	33.961	0.935	45.000	1.000	10.000	1.000	0.100	1.000	0.200	60.000	0.000	0.000	0.000	0.000
14.176	34.126	0.938	45.000	1.000	10.000	1.000	0.100	1.000	0.200	60.000	0.000	0.000	0.000	0.000
14.413	34.275	0.931	45.000	1.000	10.000	1.000	0.100	1.000	0.200	60.000	0.000	0.000	0.000	0.000
14.656	34.432	0.938	45.000	1.000	10.000	1.000	0.100	1.000	0.200	60.000	0.000	0.000	0.000	0.000
14.894	34.587	0.936	45.000	1.000	10.000	1.000	0.100	1.000	0.200	60.000	0.000	0.000	0.000	0.000
15.131	34.742	0.935	45.000	1.000	10.000	1.000	0.100	1.000	0.200	60.000	0.000	0.000	0.000	0.000
15.369	34.902	0.935	45.000	1.000	10.000	1.000	0.100	1.000	0.200	60.000	0.000	0.000	0.000	0.000
15.611	35.057	0.933	45.000	1.000	10.000	1.000	0.100	1.000	0.200	60.000	0.000	0.000	0.000	0.000
15.849	35.215	0.937	45.000	1.000	10.000	1.000	0.100	1.000	0.200	60.000	0.000	0.000	0.000	0.000
16.085	35.374	0.934	45.000	1.000	10.000	1.000	0.100	1.000	0.200	60.000	0.000	0.000	0.000	0.000
16.326	35.531	0.933	45.000	1.000	10.000	1.000	0.100	1.000	0.200	60.000	0.000	0.000	0.000	0.000
16.571	35.688	0.935	45.000	1.000	10.000	1.000	0.100	1.000	0.200	60.000	0.000	0.000	0.000	0.000
16.813	35.856	0.937	45.000	1.000	10.000	1.000	0.100	1.000	0.200	60.000	0.000	0.000	0.000	0.000
17.047	36.009	0.931	45.000	1.000	10.000	1.000	0.100	1.000	0.200	60.000	0.000	0.000	0.000	0.000
17.289	36.166	0.935	45.000	1.000	10.000	1.000	0.100	1.000	0.200	60.000	0.000	0.000	0.000	0.000
17.525	36.327	0.935	45.000	1.000	10.000	1.000	0.100	1.000	0.200	60.000	0.000	0.000	0.000	0.000
17.761	36.481	0.932	45.000	1.000	10.000	1.000	0.100	1.000	0.200	60.000	0.000	0.000	0.000	0.000
17.994	36.636	0.935	45.000	1.000	10.000	1.000	0.100	1.000	0.200	60.000	0.000	0.000	0.000	0.000
18.233	36.792	0.934	45.000	1.000	10.000	1.000	0.100	1.000	0.200	60.000	0.000	0.000	0.000	0.000
18.477	36.955	0.935	45.000	1.000	10.000	1.000	0.100	1.000	0.200	60.000	0.000	0.000	0.000	0.000
18.720	37.114	0.934	45.000	1.000	10.000	1.000	0.100	1.000	0.200	60.000	0.000	0.000	0.000	0.000
18.956	37.274	0.935	45.000	1.000	10.000	1.000	0.100	1.000	0.200	60.000	0.000	0.000	0.000	0.000
19.195	37.429	0.933	45.000	1.000	10.000	1.000	0.100	1.000	0.200	60.000	0.000	0.000	0.000	0.000
19.434	37.591	0.935	45.000	1.000	10.000	1.000	0.100	1.000	0.200	60.000	0.000	0.000	0.000	0.000
19.667	37.743	0.933	45.000	1.000	10.000	1.000	0.100	1.000	0.200	60.000	0.000	0.000	0.000	0.000
19.908	37.899	0.935	45.000	1.000	10.000	1.000	0.100	1.000	0.200	60.000	0.000	0.000	0.000	0.000
20.143	38.056	0.936	45.000	1.000	10.000	1.000	0.100	1.000	0.200	60.000	0.000	0.000	0.000	0.000
20.377	38.208	0.934	45.000	1.000	10.000	1.000	0.100	1.000	0.200	60.000	0.000	0.000	0.000	0.000
20.611	38.367	0.935	45.000	1.000	10.000	1.000	0.100	1.000	0.200	60.000	0.000	0.000	0.000	0.000
20.850	38.519	0.932	45.000	1.000	10.000	1.000	0.100	1.000	0.200	60.000	0.000	0.000	0.000	0.000
21.086	38.674	0.937	45.000	1.000	10.000	1.000	0.100	1.000	0.200	60.000	0.000	0.000	0.000	0.000
21.327	38.837	0.934	45.000	1.000	10.000	1.000	0.100	1.000	0.200	60.000	0.000	0.000	0.000	0.000
21.570	38.986	0.933	45.000	1.000	10.000	1.000	0.100	1.000	0.200	60.000	0.000	0.000	0.000	0.000
21.809	39.141	0.939	45.000	1.000	10.000	1.000	0.100	1.000	0.200	60.000	0.000	0.000	0.000	0.000
22.053	39.305	0.935	45.000	1.000	10.000	1.000	0.100	1.000	0.200	60.000	0.000	0.000	0.000	0.000
22.295	39.457	0.934	45.000	1.000	10.000	1.000	0.100	1.000	0.200	60.000	0.000	0.000	0.000	0.000
22.535	39.619	0.938	45.000	1.000	10.000	1.000	0.100	1.000	0.200	60.000	0.000	0.000	0.000	0.000
22.779	39.773	0.933	45.000	1.000	10.000	1.000	0.100	1.000	0.200	60.000	0.000	0.000	0.000	0.000
23.013	39.928	0.937	45.000	1.000	10.000	1.000	0.100	1.000	0.200	60.000	0.000	0.000	0.000	0.000
23.248	40.075	0.934	40.000	1.000	10.000	1.000	0.100	1.000	0.200	60.000	0.000	0.000	0.000	0.000
23.489	40.239	0.361	40.000	1.000	10.000	1.000	0.100	1.000	0.200	60.000	0.235	0.000	0.000	0.000
23.729	40.394	0.186	40.000	1.000	10.000	1.000	0.100	1.000	0.200	60.000	0.000	0.000	0.000	0.000
23.968	40.534	0.024	40.000	1.000	10.000	1.000	0.100	1.000	0.200	60.000	0.000	0.000	0.000	0.000
24.208	40.682	0.000	40.000	1.000	10.000	1.000	0.100	1.000	0.200	60.000	0.000	0.000	0.000	0.000
24.448	40.814	0.000	40.000	1.000	10.000	1.000	0.100	1.000	0.200	60.000	0.000	0.000	0.000	0.000
24.690	40.937	0.000	40.000	1.000	10.000	1.000	0.100	1.000	0.200	60.000	0.000	0.000	0.000	0.000
24.923	41.040	0.000	40.000	1.000	10.000	1.000	0.100	1.000	0.200	60.000	0.000	0.000	0.000	0.000
25.156	41.144	0.000	40.000	1.000	10.000	1.000	0.100	1.000	0.200	60.000	0.000	0.000	0.000	0.000
25.395	41.235	0.000	40.000	1.000	10.000	1.000	0.100	1.000	0.200	60.000	0.000	0.000	0.000	0.000
25.629	41.330	0.000	40.000	1.000	10.000	1.000	0.100	1.000	0.200	60.000	0.000	0.000	0.000	0.000
25.862	41.401	0.000	40.000	1.000	10.000	1.000	0.100	1.000	0.200	60.000	0.000	0.000	0.000	0.000
26.099	41.483	0.000	40.000	1.000	10.000	1.000	0.100	1.000	0.200	60.000	0.000	0.000	0.000	0.000
26.334	41.551	0.000	40.000	1.000	10.000	1.000	0.100	1.000	0.200	60.000	0.000	0.000	0.000	0.000
26.568	41.606	0.000	40.000	1.000	10.000	1.000	0.100	1.000	0.200	60.000	0.000	0.000	0.000	0.000
26.805	41.678	0.000	40.000	1.000	10.000	1.000	0.100	1.000	0.200	60.000	0.000	0.000	0.000	0.000
27.039	41.723	0.000	40.000	1.000	10.000	1.000	0.100	1.000	0.200	60.000	0.000	0.000	0.000	0.000
27.276	41.775	0.000	40.000	1.000	10.000	1.000	0.100	1.000	0.200	60.000	0.000	0.000	0.000	0.000
27.509	41.820	0.000	40.000	1.000	10.000	1.000	0.100	1.000	0.200	60.000	0.000	0.000	0.000	0.000
27.742	41.858	0.000	40.000	1.000	10.000	1.000	0.100	1.000	0.200	60.000	0.000	0.000	0.000	0.000
27.980	41.903	0.000	40.000	1.000	10.000	1.000	0.100	1.000	0.200	60.000	0.000	0.000	0.000	0.000
28.216	41.938	0.000	40.000	1.000	10.000	1.000	0.100	1.000	0.200	60.000	0.000	0.000	0.000	0.000
28.448	41.973	0.000	40.000	1.000	10.000	1.000	0.100	1.000	0.200	60.000	0.000	0.000	0.000	0.000
28.680	41.994	0.000	40.000	1.000	10.000	1.000	0.100	1.000	0.200	60.000	0.000	0.000	0.000	0.000
28.919	42.022	0.000	40.000	1.000	10.000	1.000	0.100	1.000	0.200	60.000	0.000	0.000	0.000	0.000
29.158	42.046	0.000	40.000	1.000	10.000	1.000	0.100	1.000	0.200	60.000	0.000	0.000	0.000	0.000
29.398	42.067	0.000	40.000	1.000	10.000	1.000	0.100	1.000	0.200	60.000	0.000	0.000	0.000	0.000
29.633	42.081	0.000	40.000	1.000	10.000	1.000	0.100	1.000	0.200	60.000	0.000	0.000	0.000	0.000
29.868	42.099	0.000	40.000	1.000	10.000	1.000	0.100	1.000	0.200	60.000	0.000	0.000	0.000	0.000
30.100	42.109	0.000	40.000	1.000	10.000	1.000	0.100	1.000	0.200	60.000	0.000	0.000	0.000	0.000
30.340	42.116	0.000	40.000	1.000	10.000	1.000	0.100	1.000	0.200	60.000	0.000	0.000	0.000	0.000
30.579	42.120	0.000	40.000	1.000	10.000	1.000	0.100	1.000	0.200	60.000	0.000	0.000	0.000	0.000
30.822	42.130	0.000	40.000	1.000	10.000	1.000	0.100	1.000	0.200	60.000	0.000	0.000	0.000	0.000
31.059	42.134	0.000	40.000	1.000	10.000	1.000	0.100	1.000	0.200	60.000	0.000	0.000	0.000	0.000
31.297	42.130	0.000	40.000	1.000	10.000	1.000	0.100	1.000	0.200	60.000	0.000	0.000	0.000	0.000
31.538	42.123	0.001	40.000	1.000	10.000	1.000	0.100	1.000	0.200	60.000	0.000	0.000	0.000	0.000
31.781	42.120	0.003	40.000	1.000	10.000	1.000	0.100	1.000	0.200	60.000	0.000	0.000	0.000	0.000
32.023	42.109	0.001	40.000	1.000	10.000	1.000	0.100	1.000	0.200	60.000	0.000	0.000	0.000	0.000
32.260	42.109	0.004	40.000	1.000	10.000	1.000	0.100	1.000	0.200	60.000	0.000	0.000	0.000	0.000
32.495	42.099	0.000	40.000	1.000	10.000	1.000	0.100	1.000	0.200	60.000	0.000	0.000	0.000	0.000
32.734	42.092	0.004	40.000	1.000	10.000	1.000	0.100	1.000	0.200	60.000	0.000	0.000	0.000	0.000
32.971	42.071	0.003	40.000	1.000	10.000	1.000	0.100	1.000	0.200	60.000	0.000	0.000	0.000	0.000
33.200	42.060	0.009	40.000	1.000	10.000	1.000	0.100	1.000	0.200	60.000	0.000	0.000	0.000	0.000
33.438	42.039	0.005	40.000	1.000	10.000	1.000	0.100	1.000	0.200	60.000	0.000	0.000	0.000	0.000
33.675	42.022	0.009	40.000	1.000	10.000	1.000	0.100	1.000	0.200	60.000	0.000	0.000	0.000	0.000
33.913	42.008	0.007	40.000	1.000	10.000	1.000	0.100	1.000	0.200	60.000	0.000	0.000	0.000	0.000
34.154	41.990	0.006	40.000	1.000	10.000	1.000	0.100	1.000	0.200	60.000	0.000	0.000	0.000	0.000
34.387	41.969	0.007	40.000	1.000	10.000	1.000	0.100	1.000	0.200	60.000	0.000	0.000	0.000	0.000
34.627	41.948	0.009	40.000	1.000	10.000	1.000	0.100	1.000	0.200	60.000	0.000	0.000	0.000	0.000
34.865	41.924	0.009	40.000	1.000	10.000	1.000	0.100	1.000	0.200	60.000	0.000	0.000	0.000	0.000
35.345	41.865	0.015	40.000	1.000	10.000	1.000	0.100	1.000	0.200	60.000	0.000	0.000	0.000	0.000
35.576	41.848	0.010	40.000	1.000	10.000	1.000	0.100	1.000	0.200	60.000	0.000	0.000	0.000	0.000
35.815	41.816	0.008	40.000	1.000	10.000	1.000	0.100	1.000	0.200	60.000	0.000	0.000	0.000	0.000
36.057	41.789	0.013	40.000	1.000	10.000	1.000	0.100	1.000	0.200	60.000	0.000	0.000	0.000	0.000
36.289	41.761	0.011	40.000	1.000	10.000	1.000	0.100	1.000	0.200	60.000	0.000	0.000	0.000	0.000
36.529	41.726	0.012	40.000	1.000	10.000	1.000	0.100	1.000	0.200	60.000	0.000	0.000	0.000	0.000
36.767	41.695	0.014	40.000	1.000	10.000	1.000	0.100	1.000	0.200	60.000	0.000	0.000	0.000	0.000
37.005	41.668	0.013	40.000	1.000	10.000	1.000	0.100	1.000	0.200	60.000	0.000	0.000	0.000	0.000
37.248	41.633	0.012	40.000	1.000	10.000	1.000	0.100	1.000	0.200	60.000	0.000	0.000	0.000	0.000
37.487	41.599	0.014	40.000	1.000	10.000	1.000	0.100	1.000	0.200	60.000	0.000	0.000	0.000	0.000
37.726	41.561	0.014	40.000	1.000	10.000	1.000	0.100	1.000	0.200	60.000	0.000	0.000	0.000	0.000
37.968	41.531	0.016	40.000	1.000	10.000	1.000	0.100	1.000	0.200	60.000	0.000	0.000	0.000	0.000
38.210	41.500	0.013	40.000	1.000	10.000	1.000	0.100	1.000	0.200	60.000	0.000	0.000	0.000	0.000
38.454	41.462	0.013	40.000	1.000	10.000	1.000	0.100	1.000	0.200	60.000	0.000	0.000	0.000	0.000
38.696	41.418	0.015	40.000	1.000	10.000	1.000	0.100	1.000	0.200	60.000	0.000	0.000	0.000	0.000
38.929	41.381	0.018	40.000	1.000	10.000	1.000	0.100	1.000	0.200	60.000	0.000	0.000	0.000	0.000
39.168	41.343	0.016	40.000	1.000	10.000	1.000	0.100	1.000	0.200	60.000	0.000	0.000	0.000	0.000
39.408	41.306	0.016	40.000	1.000	10.000	1.000	0.100	1.000	0.200	60.000	0.000	0.000	0.000	0.000
39.649	41.269	0.016	40.000	1.000	10.000	1.000	0.100	1.000	0.200	60.000	0.000	0.000	0.000	0.000
39.889	41.228	0.015	40.000	1.000	10.000	1.000	0.100	1.000	0.200	60.000	0.000	0.000	0.000	0.000
40.122	41.185	0.017	40.000	1.000	10.000	1.000	0.100	1.000	0.200	60.000	0.000	0.000	0.000	0.000
40.358	41.148	0.019	40.000	1.000	10.000	1.000	0.100	1.000	0.200	60.000	0.000	0.000	0.000	0.000
40.598	41.107	0.016	40.000	1.000	10.000	1.000	0.100	1.000	0.200	60.000	0.000	0.000	0.000	0.000
40.829	41.067	0.017	40.000	1.000	10.000	1.000	0.100	1.000	0.200	60.000	0.000	0.000	0.000	0.000
41.068	41.023	0.017	40.000	1.000	10.000	1.000	0.100	1.000	0.200	60.000	0.000	0.000	0.000	0.000
41.298	40.987	0.018	40.000	1.000	10.000	1.000	0.100	1.000	0.200	60.000	0.000	0.000	0.000	0.000
41.526	40.947	0.016	40.000	1.000	10.000	1.000	0.100	1.000	0.200	60.000	0.000	0.000	0.000	0.000
41.767	40.904	0.018	40.000	1.000	10.000	1.000	0.100	1.000	0.200	60.000	0.000	0.000	0.000	0.000
42.000	40.860	0.018	40.000	1.000	10.000	1.000	0.100	1.000	0.200	60.000	0.000	0.000	0.000	0.000
42.236	40.817	0.019	40.000	1.000	10.000	1.000	0.100	1.000	0.200	60.000	0.000	0.000	0.000	0.000
42.473	40.774	0.018	40.000	1.000	10.000	1.000	0.100	1.000	0.200	60.000	0.000	0.000	0.000	0.000
42.710	40.735	0.018	40.000	1.000	10.000	1.000	0.100	1.000	0.200	60.000	0.000	0.000	0.000	0.000
42.952	40.685	0.017	40.000	1.000	10.000	1.000	0.100	1.000	0.200	60.000	0.000	0.000	0.000	0.000
43.190	40.646	0.020	40.000	1.000	10.000	1.000	0.100	1.000	0.200	60.000	0.000	0.000	0.000	0.000
43.417	40.603	0.017	40.000	1.000	10.000	1.000	0.100	1.000	0.200	60.000	0.000	0.000	0.000	0.000
43.646	40.560	0.019	40.000	1.000	10.000	1.000	0.100	1.000	0.200	60.000	0.000	0.000	0.000	0.000
43.884	40.515	0.019	40.000	1.000	10.000	1.000	0.100	1.000	0.200	60.000	0.000	0.000	0.000	0.000
44.126	40.472	0.019	40.000	1.000	10.000	1.000	0.100	1.000	0.200	60.000	0.000	0.000	0.000	0.000
44.365	40.423	0.034	40.000	1.000	10.000	1.000	0.100	1.000	0.200	60.000	0.000	0.000	0.000	0.000
44.606	40.381	0.075	40.000	1.000	10.000	1.000	0.100	1.000	0.200	60.000	0.000	0.000	0.000	0.000
44.835	40.336	0.106	40.000	1.000	10.000	1.000	0.100	1.000	0.200	60.000	0.000	0.000	0.000	0.000
45.072	40.291	0.146	40.000	1.000	10.000	1.000	0.100	1.000	0.200	60.000	0.000	0.000	0.000	0.000
45.311	40.245	0.183	40.000	1.000	10.000	1.000	0.100	1.000	0.200	60.000	0.000	0.000	0.000	0.000
45.549	40.200	0.222	40.000	1.000	10.000	1.000	0.100	1.000	0.200	60.000	0.000	0.000	0.000	0.000
45.789	40.158	0.263	40.000	1.000	10.000	1.000	0.100	1.000	0.200	60.000	0.000	0.000	0.000	0.000
46.031	40.123	0.299	40.000	1.000	10.000	1.000	0.100	1.000	0.200	60.000	0.000	0.000	0.000	0.000
46.272	40.078	0.329	40.000	1.000	10.000	1.000	0.100	1.000	0.200	60.000	0.000	0.000	0.000	0.000
46.509	40.046	0.376	40.000	1.000	10.000	1.000	0.100	1.000	0.200	60.000	0.241	0.000	0.000	0.000
46.745	40.011	0.402	40.000	1.000	10.000	1.000	0.100	1.000	0.200	60.000	0.478	0.000	0.000	0.000
46.984	39.989	0.438	40.000	1.000	10.000	1.000	0.100	1.000	0.200	60.000	0.714	0.000	0.000	0.000
47.222	39.957	0.455	40.000	1.000	10.000	1.000	0.100	1.000	0.200	60.000	0.953	0.000	0.000	0.000
47.460	39.944	0.492	40.000	1.000	10.000	1.000	0.100	1.000	0.200	60.000	1.191	0.000	0.000	0.000
47.702	39.925	0.498	40.000	1.000	10.000	1.000	0.100	1.000	0.200	60.000	1.429	0.000	0.000	0.000
47.944	39.903	0.521	40.000	1.000	10.000	1.000	0.100	1.000	0.200	60.000	1.671	0.000	0.000	0.000
48.188	39.893	0.547	40.000	1.000	10.000	1.000	0.100	1.000	0.200	60.000	1.913	0.000	0.000	0.000
48.428	39.890	0.554	40.000	1.000	10.000	1.000	0.100	1.000	0.200	60.000	0.000	0.000	0.000	0.000
48.666	39.881	0.557	40.000	1.000	10.000	1.000	0.100	1.000	0.200	60.000	0.000	0.000	0.000	0.000
48.908	39.874	0.573	40.000	1.000	10.000	1.000	0.100	1.000	0.200	60.000	0.000	0.000	0.000	0.000
49.146	39.884	0.581	40.000	1.000	10.000	1.000	0.100	1.000	0.200	60.000	0.000	0.000	0.000	0.000
49.384	39.884	0.567	40.000	1.000	10.000	1.000	0.100	1.000	0.200	60.000	0.000	0.000	0.000	0.000
49.623	39.900	0.574	40.000	1.000	10.000	1.000	0.100	1.000	0.200	60.000	0.000	0.000	0.000	0.000
49.860	39.906	0.554	40.000	1.000	10.000	1.000	0.100	1.000	0.200	60.000	0.000	0.000	0.000	0.000
50.103	39.922	0.554	40.000	1.000	10.000	1.000	0.100	1.000	0.200	60.000	0.237	0.000	0.000	0.000
50.345	39.935	0.536	40.000	1.000	10.000	1.000	0.100	1.000	0.200	60.000	0.480	0.000	0.000	0.000
50.592	39.954	0.526	40.000	1.000	10.000	1.000	0.100	1.000	0.200	60.000	0.722	0.000	0.000	0.000
50.826	39.963	0.506	40.000	1.000	10.000	1.000	0.100	1.000	0.200	60.000	0.969	0.000	0.000	0.000
51.063	39.989	0.500	40.000	1.000	10.000	1.000	0.100	1.000	0.200	60.000	1.203	0.000	0.000	0.000
51.305	40.014	0.469	40.000	1.000	10.000	1.000	0.100	1.000	0.200	60.000	1.440	0.000	0.000	0.000
51.543	40.037	0.443	40.000	1.000	10.000	1.000	0.100	1.000	0.200	60.000	1.682	0.000	0.000	0.000
51.781	40.056	0.421	40.000	1.000	10.000	1.000	0.100	1.000	0.200	60.000	1.920	0.000	0.000	0.000
52.019	40.081	0.402	40.000	1.000	10.000	1.000	0.100	1.000	0.200	60.000	2.158	0.000	0.000	0.000
52.258	40.110	0.371	40.000	1.000	10.000	1.000	0.100	1.000	0.200	60.000	2.397	0.000	0.000	0.000
52.503	40.126	0.339	40.000	1.000	10.000	1.000	0.100	1.000	0.200	60.000	0.000	0.000	0.000	0.000
52.740	40.158	0.325	40.000	1.000	10.000	1.000	0.100	1.000	0.200	60.000	0.000	0.000	0.000	0.000
52.977	40.174	0.282	40.000	1.000	10.000	1.000	0.100	1.000	0.200	60.000	0.000	0.000	0.000	0.000
53.218	40.194	0.269	40.000	1.000	10.000	1.000	0.100	1.000	0.200	60.000	0.000	0.000	0.000	0.000
53.461	40.223	0.243	40.000	1.000	10.000	1.000	0.100	1.000	0.200	60.000	0.000	0.000	0.000	0.000
53.701	40.236	0.205	40.000	1.000	10.000	1.000	0.100	1.000	0.200	60.000	0.000	0.000	0.000	0.000
53.937	40.255	0.193	40.000	1.000	10.000	1.000	0.100	1.000	0.200	60.000	0.000	0.000	0.000	0.000
54.174	40.278	0.165	40.000	1.000	10.000	1.000	0.100	1.000	0.200	60.000	0.000	0.000	0.000	0.000
54.418	40.284	0.134	40.000	1.000	10.000	1.000	0.100	1.000	0.200	60.000	0.000	0.000	0.000	0.000
54.649	40.300	0.128	40.000	1.000	10.000	1.000	0.100	1.000	0.200	60.000	0.000	0.000	0.000	0.000
54.887	40.307	0.100	40.000	1.000	10.000	1.000	0.100	1.000	0.200	60.000	0.000	0.000	0.000	0.000
55.126	40.320	0.091	40.000	1.000	10.000	1.000	0.100	1.000	0.200	60.000	0.000	0.000	0.000	0.000
55.366	40.320	0.068	40.000	1.000	10.000	1.000	0.100	1.000	0.200	60.000	0.000	0.000	0.000	0.000
55.609	40.326	0.065	40.000	1.000	10.000	1.000	0.100	1.000	0.200	60.000	0.000	0.000	0.000	0.000
55.848	40.323	0.048	40.000	1.000	10.000	1.000	0.100	1.000	0.200	60.000	0.000	0.000	0.000	0.000
56.085	40.333	0.048	40.000	1.000	10.000	1.000	0.100	1.000	0.200	60.000	0.000	0.000	0.000	0.000
56.327	40.323	0.025	40.000	1.000	10.000	1.000	0.100	1.000	0.200	60.000	0.000	0.000	0.000	0.000
56.569	40.316	0.035	40.000	1.000	10.000	1.000	0.100	1.000	0.200	60.000	0.000	0.000	0.000	0.000
56.813	40.313	0.032	40.000	1.000	10.000	1.000	0.100	1.000	0.200	60.000	0.000	0.000	0.000	0.000
57.053	40.313	0.026	40.000	1.000	10.000	1.000	0.100	1.000	0.200	60.000	0.000	0.000	0.000	0.000
57.290	40.294	0.018	40.000	1.000	10.000	1.000	0.100	1.000	0.200	60.000	0.000	0.000	0.000	0.000
57.533	40.278	0.038	40.000	1.000	10.000	1.000	0.100	1.000	0.200	60.000	0.000	0.000	0.000	0.000
57.772	40.261	0.046	40.000	1.000	10.000	1.000	0.100	1.000	0.200	60.000	0.000	0.000	0.000	0.000
58.017	40.249	0.056	40.000	1.000	10.000	1.000	0.100	1.000	0.200	60.000	0.000	0.000	0.000	0.000
58.257	40.229	0.061	40.000	1.000	10.000	1.000	0.100	1.000	0.200	60.000	0.000	0.000	0.000	0.000
58.487	40.216	0.078	40.000	1.000	10.000	1.000	0.100	1.000	0.200	60.000	0.000	0.000	0.000	0.000
58.726	40.200	0.084	40.000	1.000	10.000	1.000	0.100	1.000	0.200	60.000	0.000	0.000	0.000	0.000
58.968	40.181	0.096	40.000	1.000	10.000	1.000	0.100	1.000	0.200	60.000	0.000	0.000	0.000	0.000
59.450	40.136	0.128	40.000	1.000	10.000	1.000	0.100	1.000	0.200	60.000	0.000	0.000	0.000	0.000
59.686	40.123	0.153	40.000	1.000	10.000	1.000	0.100	1.000	0.200	60.000	0.000	0.000	0.000	0.000
59.923	40.110	0.157	40.000	1.000	10.000	1.000	0.100	1.000	0.200	60.000	0.000	0.000	0.000	0.000
60.164	40.078	0.168	40.000	1.000	10.000	1.000	0.100	1.000	0.200	60.000	0.000	0.000	0.000	0.000
60.402	40.062	0.206	40.000	1.000	10.000	1.000	0.100	1.000	0.200	60.000	0.241	0.000	0.000	0.000
60.645	40.043	0.214	40.000	1.000	10.000	1.000	0.100	1.000	0.200	60.000	0.479	0.000	0.000	0.000
60.887	40.027	0.233	40.000	1.000	10.000	1.000	0.100	1.000	0.200	60.000	0.722	0.000	0.000	0.000
61.130	40.008	0.247	40.000	1.000	10.000	1.000	0.100	1.000	0.200	60.000	0.964	0.000	0.000	0.000
61.371	39.992	0.267	40.000	1.000	10.000	1.000	0.100	1.000	0.200	60.000	1.207	0.000	0.000	0.000
61.608	39.979	0.282	40.000	1.000	10.000	1.000	0.100	1.000	0.200	60.000	1.448	0.000	0.000	0.000
61.849	39.963	0.294	40.000	1.000	10.000	1.000	0.100	1.000	0.200	60.000	1.685	0.000	0.000	0.000
62.091	39.951	0.312	40.000	1.000	10.000	1.000	0.100	1.000	0.200	60.000	1.926	0.000	0.000	0.000
62.334	39.941	0.325	40.000	1.000	10.000	1.000	0.100	1.000	0.200	60.000	2.168	0.000	0.000	0.000
62.576	39.931	0.334	40.000	1.000	10.000	1.000	0.100	1.000	0.200	60.000	2.411	0.000	0.000	0.000
62.815	39.922	0.346	40.000	1.000	10.000	1.000	0.100	1.000	0.200	60.000	2.653	0.000	0.000	0.000
63.056	39.912	0.357	40.000	1.000	10.000	1.000	0.100	1.000	0.200	60.000	2.892	0.000	0.000	0.000
63.295	39.906	0.369	40.000	1.000	10.000	1.000	0.100	1.000	0.200	60.000	3.133	0.000	0.000	0.000
63.525	39.903	0.376	40.000	1.000	10.000	1.000	0.100	1.000	0.200	60.000	3.372	0.000	0.000	0.000
63.763	39.900	0.380	40.000	1.000	10.000	1.000	0.100	1.000	0.200	60.000	3.602	0.000	0.000	0.000
64.002	39.903	0.386	40.000	1.000	10.000	1.000	0.100	1.000	0.200	60.000	0.000	0.000	0.000	0.000
64.240	39.897	0.382	40.000	1.000	10.000	1.000	0.100	1.000	0.200	60.000	0.239	0.000	0.000	0.000
64.483	39.897	0.395	40.000	1.000	10.000	1.000	0.100	1.000	0.200	60.000	0.000	0.000	0.000	0.000
64.723	39.903	0.395	40.000	1.000	10.000	1.000	0.100	1.000	0.200	60.000	0.000	0.000	0.000	0.000
64.963	39.909	0.388	40.000	1.000	10.000	1.000	0.100	1.000	0.200	60.000	0.240	0.000	0.000	0.000
65.200	39.916	0.384	40.000	1.000	10.000	1.000	0.100	1.000	0.200	60.000	0.480	0.000	0.000	0.000
65.443	39.928	0.379	40.000	1.000	10.000	1.000	0.100	1.000	0.200	60.000	0.717	0.000	0.000	0.000
65.676	39.928	0.366	40.000	1.000	10.000	1.000	0.100	1.000	0.200	60.000	0.960	0.000	0.000	0.000
65.913	39.938	0.373	40.000	1.000	10.000	1.000	0.100	1.000	0.200	60.000	1.193	0.000	0.000	0.000
66.156	39.954	0.361	40.000	1.000	10.000	1.000	0.100	1.000	0.200	60.000	1.430	0.000	0.000	0.000
66.398	39.960	0.343	40.000	1.000	10.000	1.000	0.100	1.000	0.200	60.000	1.673	0.000	0.000	0.000
66.642	39.970	0.342	40.000	1.000	10.000	1.000	0.100	1.000	0.200	60.000	1.915	0.000	0.000	0.000
66.882	39.982	0.332	40.000	1.000	10.000	1.000	0.100	1.000	0.200	60.000	2.159	0.000	0.000	0.000
67.123	39.992	0.318	40.000	1.000	10.000	1.000	0.100	1.000	0.200	60.000	2.399	0.000	0.000	0.000
67.364	40.008	0.310	40.000	1.000	10.000	1.000	0.100	1.000	0.200	60.000	2.640	0.000	0.000	0.000
67.605	40.018	0.291	40.000	1.000	10.000	1.000	0.100	1.000	0.200	60.000	2.881	0.000	0.000	0.000
67.840	40.024	0.284	40.000	1.000	10.000	1.000	0.100	1.000	0.200	60.000	3.122	0.000	0.000	0.000
68.080	40.040	0.278	40.000	1.000	10.000	1.000	0.100	1.000	0.200	60.000	3.357	0.000	0.000	0.000
68.319	40.043	0.257	40.000	1.000	10.000	1.000	0.100	1.000	0.200	60.000	3.597	0.000	0.000	0.000
68.551	40.059	0.259	40.000	1.000	10.000	1.000	0.100	1.000	0.200	60.000	3.836	0.000	0.000	0.000
68.788	40.069	0.236	40.000	1.000	10.000	1.000	0.100	1.000	0.200	60.000	4.068	0.000	0.000	0.000
69.026	40.081	0.227	40.000	1.000	10.000	1.000	0.100	1.000	0.200	60.000	4.305	0.000	0.000	0.000
69.268	40.085	0.211	40.000	1.000	10.000	1.000	0.100	1.000	0.200	60.000	4.543	0.000	0.000	0.000
69.508	40.091	0.210	40.000	1.000	10.000	1.000	0.100	1.000	0.200	60.000	4.785	0.000	0.000	0.000
69.751	40.101	0.200	40.000	1.000	10.000	1.000	0.100	1.000	0.200	60.000	5.025	0.000	0.000	0.000
69.991	40.104	0.187	40.000	1.000	10.000	1.000	0.100	1.000	0.200	60.000	0.000	0.000	0.000	0.000
70.219	40.110	0.184	40.000	1.000	10.000	1.000	0.100	1.000	0.200	60.000	0.000	0.000	0.000	0.000
70.453	40.113	0.173	40.000	1.000	10.000	1.000	0.100	1.000	0.200	60.000	0.000	0.000	0.000	0.000
70.691	40.117	0.169	40.000	1.000	10.000	1.000	0.100	1.000	0.200	60.000	0.000	0.000	0.000	0.000
70.932	40.123	0.163	40.000	1.000	10.000	1.000	0.100	1.000	0.200	60.000	0.000	0.000	0.000	0.000
71.177	40.113	0.152	40.000	1.000	10.000	1.000	0.100	1.000	0.200	60.000	0.000	0.000	0.000	0.000
71.420	40.120	0.166	40.000	1.000	10.000	1.000	0.100	1.000	0.200	60.000	0.000	0.000	0.000	0.000
71.662	40.120	0.150	40.000	1.000	10.000	1.000	0.100	1.000	0.200	60.000	0.000	0.000	0.000	0.000
71.898	40.113	0.149	40.000	1.000	10.000	1.000	0.100	1.000	0.200	60.000	0.000	0.000	0.000	0.000
72.139	40.110	0.156	40.000	1.000	10.000	1.000	0.100	1.000	0.200	60.000	0.000	0.000	0.000	0.000
72.381	40.110	0.155	40.000	1.000	10.000	1.000	0.100	1.000	0.200	60.000	0.000	0.000	0.000	0.000
72.615	40.107	0.151	40.000	1.000	10.000	1.000	0.100	1.000	0.200	60.000	0.000	0.000	0.000	0.000
72.851	40.104	0.153	40.000	1.000	10.000	1.000	0.100	1.000	0.200	60.000	0.000	0.000	0.000	0.000
73.093	40.097	0.154	40.000	1.000	10.000	1.000	0.100	1.000	0.200	60.000	0.000	0.000	0.000	0.000
73.332	40.094	0.159	40.000	1.000	10.000	1.000	0.100	1.000	0.200	60.000	0.242	0.000	0.000	0.000
73.574	40.081	0.159	40.000	1.000	10.000	1.000	0.100	1.000	0.200	60.000	0.481	0.000	0.000	0.000
73.814	40.072	0.174	40.000	1.000	10.000	1.000	0.100	1.000	0.200	60.000	0.723	0.000	0.000	0.000
74.057	40.072	0.180	40.000	1.000	10.000	1.000	0.100	1.000	0.200	60.000	0.963	0.000	0.000	0.000
74.298	40.062	0.174	40.000	1.000	10.000	1.000	0.100	1.000	0.200	60.000	1.207	0.000	0.000	0.000
74.537	40.053	0.187	40.000	1.000	10.000	1.000	0.100	1.000	0.200	60.000	1.447	0.000	0.000	0.000
74.780	40.049	0.195	40.000	1.000	10.000	1.000	0.100	1.000	0.200	60.000	1.686	0.000	0.000	0.000
75.020	40.037	0.194	40.000	1.000	10.000	1.000	0.100	1.000	0.200	60.000	1.929	0.000	0.000	0.000
75.261	40.024	0.210	40.000	1.000	10.000	1.000	0.100	1.000	0.200	60.000	2.169	0.000	0.000	0.000
75.501	40.014	0.222	40.000	1.000	10.000	1.000	0.100	1.000	0.200	60.000	2.410	0.000	0.000	0.000
75.741	40.008	0.230	40.000	1.000	10.000	1.000	0.100	1.000	0.200	60.000	2.650	0.000	0.000	0.000
75.983	40.005	0.235	40.000	1.000	10.000	1.000	0.100	1.000	0.200	60.000	2.890	0.000	0.000	0.000
76.219	39.995	0.237	40.000	1.000	10.000	1.000	0.100	1.000	0.200	60.000	3.133	0.000	0.000	0.000
76.458	39.986	0.249	40.000	1.000	10.000	1.000	0.100	1.000	0.200	60.000	3.368	0.000	0.000	0.000
76.697	39.986	0.259	40.000	1.000	10.000	1.000	0.100	1.000	0.200	60.000	3.607	0.000	0.000	0.000
76.937	39.970	0.255	40.000	1.000	10.000	1.000	0.100	1.000	0.200	60.000	3.846	0.000	0.000	0.000
77.176	39.973	0.279	40.000	1.000	10.000	1.000	0.100	1.000	0.200	60.000	4.086	0.000	0.000	0.000
77.417	39.966	0.268	40.000	1.000	10.000	1.000	0.100	1.000	0.200	60.000	4.325	0.000	0.000	0.000
77.654	39.960	0.279	40.000	1.000	10.000	1.000	0.100	1.000	0.200	60.000	4.566	0.000	0.000	0.000
77.896	39.954	0.287	40.000	1.000	10.000	1.000	0.100	1.000	0.200	60.000	4.803	0.000	0.000	0.000
78.133	39.951	0.294	40.000	1.000	10.000	1.000	0.100	1.000	0.200	60.000	5.045	0.000	0.000	0.000
78.373	39.951	0.297	40.000	1.000	10.000	1.000	0.100	1.000	0.200	60.000	5.282	0.000	0.000	0.000
78.615	39.951	0.297	40.000	1.000	10.000	1.000	0.100	1.000	0.200	60.000	5.522	0.000	0.000	0.000
78.852	39.947	0.298	40.000	1.000	10.000	1.000	0.100	1.000	0.200	60.000	5.764	0.000	0.000	0.000
79.091	39.944	0.304	40.000	1.000	10.000	1.000	0.100	1.000	0.200	60.000	6.001	0.000	0.000	0.000
79.330	39.944	0.309	40.000	1.000	10.000	1.000	0.100	1.000	0.200	60.000	6.240	0.000	0.000	0.000
79.568	39.947	0.309	40.000	1.000	10.000	1.000	0.100	1.000	0.200	60.000	6.479	0.000	0.000	0.000
79.813	39.951	0.305	40.000	1.000	10.000	1.000	0.100	1.000	0.200	60.000	6.717	0.000	0.000	0.000
80.053	39.951	0.303	40.000	1.000	10.000	1.000	0.100	1.000	0.200	60.000	6.962	0.000	0.000	0.000
80.296	39.954	0.306	40.000	1.000	10.000	1.000	0.100	1.000	0.200	60.000	7.202	0.000	0.000	0.000
80.534	39.957	0.302	40.000	1.000	10.000	1.000	0.100	1.000	0.200	60.000	7.445	0.000	0.000	0.000
80.763	39.960	0.300	40.000	1.000	10.000	1.000	0.100	1.000	0.200	60.000	7.683	0.000	0.000	0.000
81.000	39.963	0.298	40.000	1.000	10.000	1.000	0.100	1.000	0.200	60.000	7.912	0.000	0.000	0.000
81.239	39.970	0.296	40.000	1.000	10.000	1.000	0.100	1.000	0.200	60.000	8.149	0.000	0.000	0.000
81.479	39.976	0.289	40.000	1.000	10.000	1.000	0.100	1.000	0.200	60.000	8.388	0.000	0.000	0.000
81.720	39.976	0.283	40.000	1.000	10.000	1.000	0.100	1.000	0.200	60.000	8.628	0.000	0.000	0.000
81.962	39.970	0.286	40.000	1.000	10.000	1.000	0.100	1.000	0.200	60.000	8.869	0.000	0.000	0.000
82.205	39.982	0.296	40.000	1.000	10.000	1.000	0.100	1.000	0.200	60.000	9.111	0.000	0.000	0.000
82.444	39.986	0.276	40.000	1.000	10.000	1.000	0.100	1.000	0.200	60.000	9.354	0.000	0.000	0.000
82.682	39.992	0.277	40.000	1.000	10.000	1.000	0.100	1.000	0.200	60.000	9.593	0.000	0.000	0.000
82.924	40.002	0.269	40.000	1.000	10.000	1.000	0.100	1.000	0.200	60.000	9.831	0.000	0.000	0.000
83.158	40.005	0.258	40.000	1.000	10.000	1.000	0.100	1.000	0.200	60.000	10.073	0.000	0.000	0.000
83.637	40.018	0.254	40.000	1.000	10.000	1.000	0.100	1.000	0.200	60.000	10.546	0.000	0.000	0.000
83.878	40.018	0.242	40.000	1.000	10.000	1.000	0.100	1.000	0.200	60.000	10.786	0.000	0.000	0.000
84.120	40.021	0.245	40.000	1.000	10.000	1.000	0.100	1.000	0.200	60.000	11.027	0.000	0.000	0.000
84.361	40.027	0.240	40.000	1.000	10.000	1.000	0.100	1.000	0.200	60.000	11.269	0.000	0.000	0.000
84.605	40.033	0.232	40.000	1.000	10.000	1.000	0.100	1.000	0.200	60.000	11.510	0.000	0.000	0.000
84.844	40.030	0.225	40.000	1.000	10.000	1.000	0.100	1.000	0.200	60.000	11.754	0.000	0.000	0.000
85.079	40.040	0.231	40.000	1.000	10.000	1.000	0.100	1.000	0.200	60.000	11.993	0.000	0.000	0.000
85.318	40.043	0.215	40.000	1.000	10.000	1.000	0.100	1.000	0.200	60.000	12.228	0.000	0.000	0.000
85.558	40.040	0.214	40.000	1.000	10.000	1.000	0.100	1.000	0.200	60.000	12.467	0.000	0.000	0.000
85.801	40.043	0.219	40.000	1.000	10.000	1.000	0.100	1.000	0.200	60.000	12.707	0.000	0.000	0.000
86.042	40.046	0.212	40.000	1.000	10.000	1.000	0.100	1.000	0.200	60.000	12.950	0.000	0.000	0.000
86.283	40.043	0.207	40.000	1.000	10.000	1.000	0.100	1.000	0.200	60.000	13.191	0.000	0.000	0.000
86.525	40.046	0.212	40.000	1.000	10.000	1.000	0.100	1.000	0.200	60.000	13.432	0.000	0.000	0.000
86.761	40.043	0.205	40.000	1.000	10.000	1.000	0.100	1.000	0.200	60.000	13.674	0.000	0.000	0.000
87.001	40.046	0.210	40.000	1.000	10.000	1.000	0.100	1.000	0.200	60.000	13.911	0.000	0.000	0.000
87.243	40.046	0.203	40.000	1.000	10.000	1.000	0.100	1.000	0.200	60.000	14.150	0.000	0.000	0.000
87.484	40.043	0.203	40.000	1.000	10.000	1.000	0.100	1.000	0.200	60.000	14.392	0.000	0.000	0.000
87.727	40.040	0.207	40.000	1.000	10.000	1.000	0.100	1.000	0.200	60.000	14.633	0.000	0.000	0.000
87.967	40.033	0.209	40.000	1.000	10.000	1.000	0.100	1.000	0.200	60.000	14.876	0.000	0.000	0.000
88.206	40.033	0.216	40.000	1.000	10.000	1.000	0.100	1.000	0.200	60.000	15.116	0.000	0.000	0.000
88.450	40.030	0.212	40.000	1.000	10.000	1.000	0.100	1.000	0.200	60.000	15.355	0.000	0.000	0.000
88.689	40.030	0.216	40.000	1.000	10.000	1.000	0.100	1.000	0.200	60.000	15.599	0.000	0.000	0.000
88.930	40.027	0.214	40.000	1.000	10.000	1.000	0.100	1.000	0.200	60.000	15.838	0.000	0.000	0.000
89.169	40.027	0.218	40.000	1.000	10.000	1.000	0.100	1.000	0.200	60.000	16.079	0.000	0.000	0.000
89.404	40.021	0.216	40.000	1.000	10.000	1.000	0.100	1.000	0.200	60.000	16.318	0.000	0.000	0.000
89.643	40.021	0.225	40.000	1.000	10.000	1.000	0.100	1.000	0.200	60.000	16.553	0.000	0.000	0.000
89.875	40.014	0.221	40.000	1.000	10.000	1.000	0.100	1.000	0.200	60.000	16.792	0.000	0.000	0.000
90.114	40.008	0.230	40.000	1.000	10.000	1.000	0.100	1.000	0.200	60.000	17.024	0.000	0.000	0.000
90.356	40.011	0.236	40.000	1.000	10.000	1.000	0.100	1.000	0.200	60.000	17.263	0.000	0.000	0.000
90.596	40.008	0.229	40.000	1.000	10.000	1.000	0.100	1.000	0.200	60.000	17.505	0.000	0.000	0.000
90.831	40.005	0.235	40.000	1.000	10.000	1.000	0.100	1.000	0.200	60.000	17.745	0.000	0.000	0.000
91.073	39.998	0.238	40.000	1.000	10.000	1.000	0.100	1.000	0.200	60.000	17.980	0.000	0.000	0.000
91.314	39.998	0.245	40.000	1.000	10.000	1.000	0.100	1.000	0.200	60.000	18.222	0.000	0.000	0.000
91.555	39.992	0.243	40.000	1.000	10.000	1.000	0.100	1.000	0.200	60.000	18.463	0.000	0.000	0.000
91.799	39.989	0.252	40.000	1.000	10.000	1.000	0.100	1.000	0.200	60.000	18.704	0.000	0.000	0.000
92.038	39.989	0.254	40.000	1.000	10.000	1.000	0.100	1.000	0.200	60.000	18.948	0.000	0.000	0.000
92.279	39.982	0.253	40.000	1.000	10.000	1.000	0.100	1.000	0.200	60.000	19.187	0.000	0.000	0.000
92.510	39.982	0.263	40.000	1.000	10.000	1.000	0.100	1.000	0.200	60.000	19.428	0.000	0.000	0.000
92.742	39.982	0.260	40.000	1.000	10.000	1.000	0.100	1.000	0.200	60.000	19.659	0.000	0.000	0.000
92.977	39.986	0.261	40.000	1.000	10.000	1.000	0.100	1.000	0.200	60.000	19.891	0.000	0.000	0.000
93.219	39.979	0.257	40.000	1.000	10.000	1.000	0.100	1.000	0.200	60.000	20.126	0.000	0.000	0.000
93.463	39.982	0.267	40.000	1.000	10.000	1.000	0.100	1.000	0.200	60.000	20.368	0.000	0.000	0.000
93.702	39.982	0.261	40.000	1.000	10.000	1.000	0.100	1.000	0.200	60.000	20.612	0.000	0.000	0.000
93.943	39.979	0.262	40.000	1.000	10.000	1.000	0.100	1.000	0.200	60.000	20.851	0.000	0.000	0.000
94.183	39.976	0.267	40.000	1.000	10.000	1.000	0.100	1.000	0.200	60.000	21.092	0.000	0.000	0.000
94.425	39.979	0.271	40.000	1.000	10.000	1.000	0.100	1.000	0.200	60.000	21.332	0.000	0.000	0.000
94.667	39.986	0.266	40.000	1.000	10.000	1.000	0.100	1.000	0.200	60.000	21.574	0.000	0.000	0.000
94.900	39.982	0.259	40.000	1.000	10.000	1.000	0.100	1.000	0.200	60.000	21.816	0.000	0.000	0.000
95.136	39.979	0.266	40.000	1.000	10.000	1.000	0.100	1.000	0.200	60.000	22.049	0.000	0.000	0.000
95.376	39.986	0.270	40.000	1.000	10.000	1.000	0.100	1.000	0.200	60.000	22.285	0.000	0.000	0.000
95.619	39.986	0.260	40.000	1.000	10.000	1.000	0.100	1.000	0.200	60.000	22.525	0.000	0.000	0.000
95.861	39.982	0.263	40.000	1.000	10.000	1.000	0.100	1.000	0.200	60.000	22.768	0.000	0.000	0.000
96.102	39.989	0.268	40.000	1.000	10.000	1.000	0.100	1.000	0.200	60.000	23.010	0.000	0.000	0.000
96.329	39.989	0.258	40.000	1.000	10.000	1.000	0.100	1.000	0.200	60.000	23.251	0.000	0.000	0.000
96.566	39.992	0.261	40.000	1.000	10.000	1.000	0.100	1.000	0.200	60.000	23.478	0.000	0.000	0.000
96.806	39.989	0.256	40.000	1.000	10.000	1.000	0.100	1.000	0.200	60.000	23.715	0.000	0.000	0.000
97.050	39.998	0.262	40.000	1.000	10.000	1.000	0.100	1.000	0.200	60.000	23.955	0.000	0.000	0.000
97.288	39.995	0.248	40.000	1.000	10.000	1.000	0.100	1.000	0.200	60.000	24.199	0.000	0.000	0.000
97.528	39.995	0.256	40.000	1.000	10.000	1.000	0.100	1.000	0.200	60.000	24.437	0.000	0.000	0.000
97.769	39.998	0.255	40.000	1.000	10.000	1.000	0.100	1.000	0.200	60.000	24.677	0.000	0.000	0.000
98.009	40.002	0.250	40.000	1.000	10.000	1.000	0.100	1.000	0.200	60.000	24.918	0.000	0.000	0.000
98.235	40.005	0.247	40.000	1.000	10.000	1.000	0.100	1.000	0.200	60.000	25.158	0.000	0.000	0.000
98.474	40.005	0.244	40.000	1.000	10.000	1.000	0.100	1.000	0.200	60.000	25.384	0.000	0.000	0.000
98.713	40.005	0.245	40.000	1.000	10.000	1.000	0.100	1.000	0.200	60.000	25.623	0.000	0.000	0.000
98.950	40.008	0.245	40.000	1.000	10.000	1.000	0.100	1.000	0.200	60.000	25.862	0.000	0.000	0.000
99.191	40.008	0.240	40.000	1.000	10.000	1.000	0.100	1.000	0.200	60.000	26.099	0.000	0.000	0.000
99.430	40.005	0.241	40.000	1.000	10.000	1.000	0.100	1.000	0.200	60.000	26.340	0.000	0.000	0.000
99.667	40.005	0.246	40.000	1.000	10.000	1.000	0.100	1.000	0.200	60.000	26.579	0.000	0.000	0.000
99.908	40.014	0.244	40.000	1.000	10.000	1.000	0.100	1.000	0.200	60.000	26.816	0.000	0.000	0.000
100.147	40.014	0.230	40.000	1.000	10.000	1.000	0.100	1.000	0.200	60.000	27.057	0.000	0.000	0.000
100.389	40.011	0.234	40.000	1.000	10.000	1.000	0.100	1.000	0.200	60.000	27.296	0.000	0.000	0.000
100.631	40.014	0.238	40.000	1.000	10.000	1.000	0.100	1.000	0.200	60.000	27.538	0.000	0.000	0.000
100.869	40.011	0.232	40.000	1.000	10.000	1.000	0.100	1.000	0.200	60.000	27.780	0.000	0.000	0.000
101.109	40.014	0.238	40.000	1.000	10.000	1.000	0.100	1.000	0.200	60.000	28.018	0.000	0.000	0.000
101.345	40.011	0.232	40.000	1.000	10.000	1.000	0.100	1.000	0.200	60.000	28.258	0.000	0.000	0.000
101.584	40.008	0.237	40.000	1.000	10.000	1.000	0.100	1.000	0.200	60.000	28.494	0.000	0.000	0.000
101.828	40.014	0.240	40.000	1.000	10.000	1.000	0.100	1.000	0.200	60.000	28.733	0.000	0.000	0.000
102.073	40.021	0.229	40.000	1.000	10.000	1.000	0.100	1.000	0.200	60.000	28.977	0.000	0.000	0.000
102.312	40.011	0.223	40.000	1.000	10.000	1.000	0.100	1.000	0.200	60.000	29.222	0.000	0.000	0.000
102.550	40.014	0.238	40.000	1.000	10.000	1.000	0.100	1.000	0.200	60.000	29.461	0.000	0.000	0.000
102.793	40.021	0.230	40.000	1.000	10.000	1.000	0.100	1.000	0.200	60.000	29.699	0.000	0.000	0.000
103.035	40.018	0.221	40.000	1.000	10.000	1.000	0.100	1.000	0.200	60.000	29.942	0.000	0.000	0.000
103.273	40.014	0.228	40.000	1.000	10.000	1.000	0.100	1.000	0.200	60.000	30.184	0.000	0.000	0.000
103.514	40.014	0.231	40.000	1.000	10.000	1.000	0.100	1.000	0.200	60.000	30.422	0.000	0.000	0.000
103.756	40.014	0.229	40.000	1.000	10.000	1.000	0.100	1.000	0.200	60.000	30.663	0.000	0.000	0.000
103.998	40.014	0.229	40.000	1.000	10.000	1.000	0.100	1.000	0.200	60.000	30.905	0.000	0.000	0.000
104.242	40.014	0.229	40.000	1.000	10.000	1.000	0.100	1.000	0.200	60.000	31.148	0.000	0.000	0.000
104.487	40.018	0.228	40.000	1.000	10.000	1.000	0.100	1.000	0.200	60.000	31.391	0.000	0.000	0.000
104.725	40.021	0.223	40.000	1.000	10.000	1.000	0.100	1.000	0.200	60.000	31.636	0.000	0.000	0.000
104.961	40.011	0.220	40.000	1.000	10.000	1.000	0.100	1.000	0.200	60.000	31.874	0.000	0.000	0.000
105.205	40.008	0.234	40.000	1.000	10.000	1.000	0.100	1.000	0.200	60.000	32.110	0.000	0.000	0.000
105.446	40.014	0.235	40.000	1.000	10.000	1.000	0.100	1.000	0.200	60.000	32.354	0.000	0.000	0.000
105.687	40.014	0.224	40.000	1.000	10.000	1.000	0.100	1.000	0.200	60.000	32.595	0.000	0.000	0.000
105.927	40.008	0.226	40.000	1.000	10.000	1.000	0.100	1.000	0.200	60.000	32.836	0.000	0.000	0.000
106.165	40.011	0.235	40.000	1.000	10.000	1.000	0.100	1.000	0.200	60.000	33.077	0.000	0.000	0.000
106.406	40.014	0.228	40.000	1.000	10.000	1.000	0.100	1.000	0.200	60.000	33.314	0.000	0.000	0.000
106.644	40.008	0.224	40.000	1.000	10.000	1.000	0.100	1.000	0.200	60.000	33.555	0.000	0.000	0.000
106.887	40.011	0.234	40.000	1.000	10.000	1.000	0.100	1.000	0.200	60.000	33.793	0.000	0.000	0.000
107.129	40.005	0.227	40.000	1.000	10.000	1.000	0.100	1.000	0.200	60.000	34.036	0.000	0.000	0.000
107.367	40.008	0.237	40.000	1.000	10.000	1.000	0.100	1.000	0.200	60.000	34.278	0.000	0.000	0.000
107.843	40.005	0.235	40.000	1.000	10.000	1.000	0.100	1.000	0.200	60.000	34.760	0.000	0.000	0.000
108.073	40.005	0.234	40.000	1.000	10.000	1.000	0.100	1.000	0.200	60.000	34.992	0.000	0.000	0.000
108.314	40.005	0.234	40.000	1.000	10.000	1.000	0.100	1.000	0.200	60.000	35.222	0.000	0.000	0.000
108.554	40.002	0.234	40.000	1.000	10.000	1.000	0.100	1.000	0.200	60.000	35.463	0.000	0.000	0.000
108.793	39.995	0.238	40.000	1.000	10.000	1.000	0.100	1.000	0.200	60.000	35.703	0.000	0.000	0.000
109.031	39.995	0.246	40.000	1.000	10.000	1.000	0.100	1.000	0.200	60.000	35.942	0.000	0.000	0.000
109.271	39.992	0.244	40.000	1.000	10.000	1.000	0.100	1.000	0.200	60.000	36.180	0.000	0.000	0.000
109.514	39.998	0.248	40.000	1.000	10.000	1.000	0.100	1.000	0.200	60.000	36.420	0.000	0.000	0.000
109.757	39.992	0.238	40.000	1.000	10.000	1.000	0.100	1.000	0.200	60.000	36.663	0.000	0.000	0.000
110.002	39.989	0.250	40.000	1.000	10.000	1.000	0.100	1.000	0.200	60.000	36.906	0.000	0.000	0.000
110.243	39.992	0.252	40.000	1.000	10.000	1.000	0.100	1.000	0.200	60.000	37.151	0.000	0.000	0.000
110.483	39.992	0.246	40.000	1.000	10.000	1.000	0.100	1.000	0.200	60.000	37.392	0.000	0.000	0.000
110.725	39.992	0.248	40.000	1.000	10.000	1.000	0.100	1.000	0.200	60.000	37.632	0.000	0.000	0.000
110.964	39.995	0.248	40.000	1.000	10.000	1.000	0.100	1.000	0.200	60.000	37.874	0.000	0.000	0.000
111.206	39.992	0.244	40.000	1.000	10.000	1.000	0.100	1.000	0.200	60.000	38.113	0.000	0.000	0.000
111.443	39.998	0.250	40.000	1.000	10.000	1.000	0.100	1.000	0.200	60.000	38.355	0.000	0.000	0.000
111.680	39.992	0.239	40.000	1.000	10.000	1.000	0.100	1.000	0.200	60.000	38.592	0.000	0.000	0.000
111.922	39.992	0.251	40.000	1.000	10.000	1.000	0.100	1.000	0.200	60.000	38.829	0.000	0.000	0.000
112.161	39.998	0.249	40.000	1.000	10.000	1.000	0.100	1.000	0.200	60.000	39.071	0.000	0.000	0.000
112.402	39.992	0.240	40.000	1.000	10.000	1.000	0.100	1.000	0.200	60.000	39.310	0.000	0.000	0.000
112.645	39.995	0.252	40.000	1.000	10.000	1.000	0.100	1.000	0.200	60.000	39.551	0.000	0.000	0.000
112.886	39.992	0.245	40.000	1.000	10.000	1.000	0.100	1.000	0.200	60.000	39.794	0.000	0.000	0.000
113.128	39.992	0.251	40.000	1.000	10.000	1.000	0.100	1.000	0.200	60.000	40.035	0.000	0.000	0.000
113.362	39.992	0.250	40.000	1.000	10.000	1.000	0.100	1.000	0.200	60.000	40.277	0.000	0.000	0.000
113.602	39.995	0.250	40.000	1.000	10.000	1.000	0.100	1.000	0.200	60.000	40.511	0.000	0.000	0.000
113.841	39.992	0.245	40.000	1.000	10.000	1.000	0.100	1.000	0.200	60.000	40.751	0.000	0.000	0.000
114.078	39.998	0.251	40.000	1.000	10.000	1.000	0.100	1.000	0.200	60.000	40.990	0.000	0.000	0.000
114.316	39.992	0.241	40.000	1.000	10.000	1.000	0.100	1.000	0.200	60.000	41.227	0.000	0.000	0.000
114.556	39.995	0.253	40.000	1.000	10.000	1.000	0.100	1.000	0.200	60.000	41.465	0.000	0.000	0.000
114.796	39.995	0.246	40.000	1.000	10.000	1.000	0.100	1.000	0.200	60.000	41.705	0.000	0.000	0.000
115.039	39.992	0.247	40.000	1.000	10.000	1.000	0.100	1.000	0.200	60.000	41.945	0.000	0.000	0.000
115.273	39.995	0.252	40.000	1.000	10.000	1.000	0.100	1.000	0.200	60.000	42.188	0.000	0.000	0.000
115.512	39.995	0.246	40.000	1.000	10.000	1.000	0.100	1.000	0.200	60.000	42.422	0.000	0.000	0.000
115.752	40.002	0.248	40.000	1.000	10.000	1.000	0.100	1.000	0.200	60.000	42.661	0.000	0.000	0.000
115.991	40.005	0.239	40.000	1.000	10.000	1.000	0.100	1.000	0.200	60.000	42.901	0.000	0.000	0.000
116.233	39.998	0.237	40.000	1.000	10.000	1.000	0.100	1.000	0.200	60.000	43.140	0.000	0.000	0.000
116.470	39.998	0.247	40.000	1.000	10.000	1.000	0.100	1.000	0.200	60.000	43.382	0.000	0.000	0.000
116.708	40.005	0.244	40.000	1.000	10.000	1.000	0.100	1.000	0.200	60.000	43.619	0.000	0.000	0.000
116.950	40.011	0.235	40.000	1.000	10.000	1.000	0.100	1.000	0.200	60.000	43.857	0.000	0.000	0.000
117.190	40.002	0.229	40.000	1.000	10.000	1.000	0.100	1.000	0.200	60.000	44.099	0.000	0.000	0.000
117.429	40.002	0.245	40.000	1.000	10.000	1.000	0.100	1.000	0.200	60.000	44.339	0.000	0.000	0.000
117.668	40.005	0.241	40.000	1.000	10.000	1.000	0.100	1.000	0.200	60.000	44.578	0.000	0.000	0.000
117.906	40.008	0.236	40.000	1.000	10.000	1.000	0.100	1.000	0.200	60.000	44.817	0.000	0.000	0.000
118.146	40.002	0.233	40.000	1.000	10.000	1.000	0.100	1.000	0.200	60.000	45.055	0.000	0.000	0.000
118.387	40.008	0.243	40.000	1.000	10.000	1.000	0.100	1.000	0.200	60.000	45.295	0.000	0.000	0.000
118.630	40.008	0.231	40.000	1.000	10.000	1.000	0.100	1.000	0.200	60.000	45.536	0.000	0.000	0.000
118.870	40.002	0.234	40.000	1.000	10.000	1.000	0.100	1.000	0.200	60.000	45.779	0.000	0.000	0.000
119.114	40.005	0.243	40.000	1.000	10.000	1.000	0.100	1.000	0.200	60.000	46.019	0.000	0.000	0.000
119.353	40.005	0.235	40.000	1.000	10.000	1.000	0.100	1.000	0.200	60.000	46.263	0.000	0.000	0.000
119.594	40.008	0.237	40.000	1.000	10.000	1.000	0.100	1.000	0.200	60.000	46.502	0.000	0.000	0.000
119.827	40.005	0.232	40.000	1.000	10.000	1.000	0.100	1.000	0.200	60.000	46.743	0.000	0.000	0.000
120.068	40.005	0.238	40.000	1.000	10.000	1.000	0.100	1.000	0.200	60.000	46.976	0.000	0.000	0.000
120.308	39.998	0.236	40.000	1.000	10.000	1.000	0.100	1.000	0.200	60.000	47.217	0.000	0.000	0.000
120.550	39.998	0.245	40.000	1.000	10.000	1.000	0.100	1.000	0.200	60.000	47.457	0.000	0.000	0.000
120.789	40.005	0.243	40.000	1.000	10.000	1.000	0.100	1.000	0.200	60.000	47.700	0.000	0.000	0.000
121.029	39.995	0.234	40.000	1.000	10.000	1.000	0.100	1.000	0.200	60.000	47.938	0.000	0.000	0.000
121.271	39.995	0.250	40.000	1.000	10.000	1.000	0.100	1.000	0.200	60.000	48.179	0.000	0.000	0.000
121.510	39.995	0.246	40.000	1.000	10.000	1.000	0.100	1.000	0.200	60.000	48.420	0.000	0.000	0.000
121.754	39.998	0.246	40.000	1.000	10.000	1.000	0.100	1.000	0.200	60.000	48.659	0.000	0.000	0.000
121.993	39.995	0.242	40.000	1.000	10.000	1.000	0.100	1.000	0.200	60.000	48.903	0.000	0.000	0.000
122.233	39.995	0.248	40.000	1.000	10.000	1.000	0.100	1.000	0.200	60.000	49.142	0.000	0.000	0.000
122.472	39.992	0.246	40.000	1.000	10.000	1.000	0.100	1.000	0.200	60.000	49.382	0.000	0.000	0.000
122.713	40.002	0.251	40.000	1.000	10.000	1.000	0.100	1.000	0.200	60.000	49.621	0.000	0.000	0.000
122.954	39.995	0.236	40.000	1.000	10.000	1.000	0.100	1.000	0.200	60.000	49.862	0.000	0.000	0.000
123.195	39.995	0.249	40.000	1.000	10.000	1.000	0.100	1.000	0.200	60.000	50.103	0.000	0.000	0.000
123.436	39.998	0.247	40.000	1.000	10.000	1.000	0.100	1.000	0.200	60.000	50.344	0.000	0.000	0.000
123.677	40.002	0.242	40.000	1.000	10.000	1.000	0.100	1.000	0.200	60.000	50.585	0.000	0.000	0.000
123.910	39.998	0.239	40.000	1.000	10.000	1.000	0.100	1.000	0.200	60.000	50.826	0.000	0.000	0.000
124.143	40.005	0.245	40.000	1.000	10.000	1.000	0.100	1.000	0.200	60.000	51.059	0.000	0.000	0.000
124.382	40.002	0.234	40.000	1.000	10.000	1.000	0.100	1.000	0.200	60.000	51.292	0.000	0.000	0.000
124.621	40.002	0.242	40.000	1.000	10.000	1.000	0.100	1.000	0.200	60.000	51.532	0.000	0.000	0.000
124.861	40.002	0.240	40.000	1.000	10.000	1.000	0.100	1.000	0.200	60.000	51.770	0.000	0.000	0.000
125.103	40.002	0.240	40.000	1.000	10.000	1.000	0.100	1.000	0.200	60.000	52.010	0.000	0.000	0.000
125.343	40.005	0.240	40.000	1.000	10.000	1.000	0.100	1.000	0.200	60.000	52.252	0.000	0.000	0.000
125.584	40.002	0.236	40.000	1.000	10.000	1.000	0.100	1.000	0.200	60.000	52.492	0.000	0.000	0.000
125.814	40.005	0.241	40.000	1.000	10.000	1.000	0.100	1.000	0.200	60.000	52.733	0.000	0.000	0.000
126.058	40.002	0.235	40.000	1.000	10.000	1.000	0.100	1.000	0.200	60.000	52.963	0.000	0.000	0.000
126.296	40.008	0.241	40.000	1.000	10.000	1.000	0.100	1.000	0.200	60.000	53.208	0.000	0.000	0.000
126.535	40.005	0.231	40.000	1.000	10.000	1.000	0.100	1.000	0.200	60.000	53.445	0.000	0.000	0.000
126.775	40.008	0.238	40.000	1.000	10.000	1.000	0.100	1.000	0.200	60.000	53.684	0.000	0.000	0.000
127.018	40.008	0.232	40.000	1.000	10.000	1.000	0.100	1.000	0.200	60.000	53.924	0.000	0.000	0.000
127.262	40.008	0.233	40.000	1.000	10.000	1.000	0.100	1.000	0.200	60.000	54.167	0.000	0.000	0.000
127.499	40.002	0.233	40.000	1.000	10.000	1.000	0.100	1.000	0.200	60.000	54.411	0.000	0.000	0.000
127.735	40.005	0.242	40.000	1.000	10.000	1.000	0.100	1.000	0.200	60.000	54.648	0.000	0.000	0.000
127.979	40.008	0.234	40.000	1.000	10.000	1.000	0.100	1.000	0.200	60.000	54.884	0.000	0.000	0.000
128.213	40.011	0.231	40.000	1.000	10.000	1.000	0.100	1.000	0.200	60.000	55.128	0.000	0.000	0.000
128.455	40.008	0.227	40.000	1.000	10.000	1.000	0.100	1.000	0.200	60.000	55.362	0.000	0.000	0.000
128.695	40.005	0.233	40.000	1.000	10.000	1.000	0.100	1.000	0.200	60.000	55.604	0.000	0.000	0.000
128.936	40.011	0.236	40.000	1.000	10.000	1.000	0.100	1.000	0.200	60.000	55.844	0.000	0.000	0.000
129.179	40.011	0.226	40.000	1.000	10.000	1.000	0.100	1.000	0.200	60.000	56.085	0.000	0.000	0.000
129.419	40.014	0.228	40.000	1.000	10.000	1.000	0.100	1.000	0.200	60.000	56.328	0.000	0.000	0.000
129.660	40.014	0.223	40.000	1.000	10.000	1.000	0.100	1.000	0.200	60.000	56.569	0.000	0.000	0.000
129.899	40.011	0.224	40.000	1.000	10.000	1.000	0.100	1.000	0.200	60.000	56.809	0.000	0.000	0.000
130.137	40.011	0.228	40.000	1.000	10.000	1.000	0.100	1.000	0.200	60.000	57.048	0.000	0.000	0.000
130.378	40.014	0.227	40.000	1.000	10.000	1.000	0.100	1.000	0.200	60.000	57.286	0.000	0.000	0.000
130.614	40.011	0.222	40.000	1.000	10.000	1.000	0.100	1.000	0.200	60.000	57.527	0.000	0.000	0.000
130.848	40.011	0.227	40.000	1.000	10.000	1.000	0.100	1.000	0.200	60.000	57.763	0.000	0.000	0.000
131.087	40.014	0.226	40.000	1.000	10.000	1.000	0.100	1.000	0.200	60.000	57.997	0.000	0.000	0.000
131.319	40.014	0.221	40.000	1.000	10.000	1.000	0.100	1.000	0.200	60.000	58.236	0.000	0.000	0.000
131.556	40.008	0.222	40.000	1.000	10.000	1.000	0.100	1.000	0.200	60.000	58.468	0.000	0.000	0.000
132.033	40.011	0.219	40.000	1.000	10.000	1.000	0.100	1.000	0.200	60.000	58.944	0.000	0.000	0.000
132.277	40.011	0.226	40.000	1.000	10.000	1.000	0.100	1.000	0.200	60.000	59.183	0.000	0.000	0.000
132.516	40.011	0.224	40.000	1.000	10.000	1.000	0.100	1.000	0.200	60.000	59.426	0.000	0.000	0.000
132.754	40.008	0.224	40.000	1.000	10.000	1.000	0.100	1.000	0.200	60.000	59.665	0.000	0.000	0.000
132.995	40.002	0.228	40.000	1.000	10.000	1.000	0.100	1.000	0.200	60.000	59.903	0.000	0.000	0.000
133.240	39.998	0.236	40.000	1.000	10.000	1.000	0.100	1.000	0.200	60.000	60.144	1.000	0.000	0.000
133.478	40.005	0.238	40.000	1.000	10.000	1.000	0.100	1.000	0.200	60.000	60.389	1.000	0.000	0.000
133.835	39.998	0.227	40.000	1.000	10.000	1.000	0.100	1.000	0.200	60.000	60.627	1.000	0.000	0.000
134.168	39.992	0.238	40.000	1.000	10.000	1.000	0.100	1.000	0.200	60.000	60.984	1.000	0.000	0.000
134.514	39.998	0.245	40.000	1.000	10.000	1.000	0.100	1.000	0.200	60.000	61.317	1.000	0.000	0.000
134.843	39.989	0.235	40.000	1.000	10.000	1.000	0.100	1.000	0.200	60.000	61.663	1.000	0.000	0.000
135.196	39.986	0.250	40.000	1.000	10.000	1.000	0.100	1.000	0.200	60.000	61.992	1.000	0.000	0.000
135.528	39.989	0.251	40.000	1.000	10.000	1.000	0.100	1.000	0.200	60.000	62.345	1.000	0.000	0.000
135.875	39.989	0.247	40.000	1.000	10.000	1.000	0.100	1.000	0.200	60.000	62.677	1.000	0.000	0.000
136.237	39.986	0.248	40.000	1.000	10.000	1.000	0.100	1.000	0.200	60.000	63.024	1.000	0.000	0.000
136.605	39.986	0.252	40.000	1.000	10.000	1.000	0.100	1.000	0.200	60.000	63.386	1.000	0.000	0.000
136.970	39.989	0.252	40.000	1.000	10.000	1.000	0.100	1.000	0.200	60.000	63.754	1.000	0.000	0.000
137.330	39.982	0.249	40.000	1.000	10.000	1.000	0.100	1.000	0.200	60.000	64.119	1.000	0.000	0.000
137.674	39.986	0.258	50.000	1.000	10.000	1.000	0.100	1.000	0.200	60.000	64.479	1.000	0.000	0.000
137.915	39.982	1.000	50.000	1.000	10.000	1.000	0.100	1.000	0.200	60.000	0.000	0.000	0.000	0.000
138.158	39.986	1.000	50.000	1.000	10.000	1.000	0.100	1.000	0.200	60.000	0.000	0.000	0.000	0.000
138.398	39.989	0.999	50.000	1.000	10.000	1.000	0.100	1.000	0.200	60.000	0.000	0.000	0.000	0.000
138.638	40.008	0.999	50.000	1.000	10.000	1.000	0.100	1.000	0.200	60.000	0.000	0.000	0.000	0.000
138.875	40.030	0.992	50.000	1.000	10.000	1.000	0.100	1.000	0.200	60.000	0.000	0.000	0.000	0.000
139.119	40.059	0.991	50.000	1.000	10.000	1.000	0.100	1.000	0.200	60.000	0.000	0.000	0.000	0.000
139.362	40.104	0.989	50.000	1.000	10.000	1.000	0.100	1.000	0.200	60.000	0.000	0.000	0.000	0.000
139.603	40.146	0.982	50.000	1.000	10.000	1.000	0.100	1.000	0.200	60.000	0.000	0.000	0.000	0.000
139.841	40.197	0.983	50.000	1.000	10.000	1.000	0.100	1.000	0.200	60.000	0.000	0.000	0.000	0.000
140.079	40.258	0.979	50.000	1.000	10.000	1.000	0.100	1.000	0.200	60.000	0.000	0.000	0.000	0.000
140.321	40.313	0.975	50.000	1.000	10.000	1.000	0.100	1.000	0.200	60.000	0.000	0.000	0.000	0.000
140.564	40.388	0.978	50.000	1.000	10.000	1.000	0.100	1.000	0.200	60.000	0.000	0.000	0.000	0.000
140.802	40.450	0.970	50.000	1.000	10.000	1.000	0.100	1.000	0.200	60.000	0.000	0.000	0.000	0.000
141.039	40.528	0.974	50.000	1.000	10.000	1.000	0.100	1.000	0.200	60.000	0.000	0.000	0.000	0.000
141.283	40.593	0.967	50.000	1.000	10.000	1.000	0.100	1.000	0.200	60.000	0.000	0.000	0.000	0.000
141.527	40.679	0.973	50.000	1.000	10.000	1.000	0.100	1.000	0.200	60.000	0.000	0.000	0.000	0.000
141.767	40.761	0.965	50.000	1.000	10.000	1.000	0.100	1.000	0.200	60.000	0.000	0.000	0.000	0.000
142.008	40.844	0.966	50.000	1.000	10.000	1.000	0.100	1.000	0.200	60.000	0.000	0.000	0.000	0.000
142.247	40.923	0.966	50.000	1.000	10.000	1.000	0.100	1.000	0.200	60.000	0.000	0.000	0.000	0.000
142.489	41.020	0.967	50.000	1.000	10.000	1.000	0.100	1.000	0.200	60.000	0.000	0.000	0.000	0.000
142.733	41.117	0.960	50.000	1.000	10.000	1.000	0.100	1.000	0.200	60.000	0.000	0.000	0.000	0.000
142.972	41.211	0.961	50.000	1.000	10.000	1.000	0.100	1.000	0.200	60.000	0.000	0.000	0.000	0.000
143.211	41.306	0.961	50.000	1.000	10.000	1.000	0.100	1.000	0.200	60.000	0.000	0.000	0.000	0.000
143.451	41.404	0.961	50.000	1.000	10.000	1.000	0.100	1.000	0.200	60.000	0.000	0.000	0.000	0.000
143.692	41.500	0.959	50.000	1.000	10.000	1.000	0.100	1.000	0.200	60.000	0.000	0.000	0.000	0.000
143.933	41.603	0.961	50.000	1.000	10.000	1.000	0.100	1.000	0.200	60.000	0.000	0.000	0.000	0.000
144.172	41.702	0.958	50.000	1.000	10.000	1.000	0.100	1.000	0.200	60.000	0.000	0.000	0.000	0.000
144.415	41.813	0.959	50.000	1.000	10.000	1.000	0.100	1.000	0.200	60.000	0.000	0.000	0.000	0.000
144.656	41.910	0.955	50.000	1.000	10.000	1.000	0.100	1.000	0.200	60.000	0.000	0.000	0.000	0.000
144.897	42.022	0.960	50.000	1.000	10.000	1.000	0.100	1.000	0.200	60.000	0.000	0.000	0.000	0.000
145.141	42.127	0.954	50.000	1.000	10.000	1.000	0.100	1.000	0.200	60.000	0.000	0.000	0.000	0.000
145.373	42.236	0.957	50.000	1.000	10.000	1.000	0.100	1.000	0.200	60.000	0.000	0.000	0.000	0.000
145.601	42.342	0.953	50.000	1.000	10.000	1.000	0.100	1.000	0.200	60.000	0.000	0.000	0.000	0.000
145.841	42.456	0.954	50.000	1.000	10.000	1.000	0.100	1.000	0.200	60.000	0.000	0.000	0.000	0.000
146.081	42.570	0.953	50.000	1.000	10.000	1.000	0.100	1.000	0.200	60.000	0.000	0.000	0.000	0.000
146.320	42.678	0.952	50.000	1.000	10.000	1.000	0.100	1.000	0.200	60.000	0.000	0.000	0.000	0.000
146.560	42.790	0.955	50.000	1.000	10.000	1.000	0.100	1.000	0.200	60.000	0.000	0.000	0.000	0.000
146.799	42.910	0.954	50.000	1.000	10.000	1.000	0.100	1.000	0.200	60.000	0.000	0.000	0.000	0.000
147.040	43.027	0.950	50.000	1.000	10.000	1.000	0.100	1.000	0.200	60.000	0.000	0.000	0.000	0.000
147.281	43.141	0.952	50.000	1.000	10.000	1.000	0.100	1.000	0.200	60.000	0.000	0.000	0.000	0.000
147.520	43.262	0.953	50.000	1.000	10.000	1.000	0.100	1.000	0.200	60.000	0.000	0.000	0.000	0.000
147.762	43.374	0.950	50.000	1.000	10.000	1.000	0.100	1.000	0.200	60.000	0.000	0.000	0.000	0.000
148.003	43.489	0.954	50.000	1.000	10.000	1.000	0.100	1.000	0.200	60.000	0.000	0.000	0.000	0.000
148.246	43.620	0.952	50.000	1.000	10.000	1.000	0.100	1.000	0.200	60.000	0.000	0.000	0.000	0.000
148.488	43.737	0.946	50.000	1.000	10.000	1.000	0.100	1.000	0.200	60.000	0.000	0.000	0.000	0.000
148.727	43.858	0.952	50.000	1.000	10.000	1.000	0.100	1.000	0.200	60.000	0.000	0.000	0.000	0.000
148.969	43.976	0.950	50.000	1.000	10.000	1.000	0.100	1.000	0.200	60.000	0.000	0.000	0.000	0.000
149.210	44.095	0.952	50.000	1.000	10.000	1.000	0.100	1.000	0.200	60.000	0.000	0.000	0.000	0.000
149.453	44.210	0.951	50.000	1.000	10.000	1.000	0.100	1.000	0.200	60.000	0.000	0.000	0.000	0.000
149.693	44.342	0.953	50.000	1.000	10.000	1.000	0.100	1.000	0.200	60.000	0.000	0.000	0.000	0.000
149.932	44.463	0.946	50.000	1.000	10.000	1.000	0.100	1.000	0.200	60.000	0.000	0.000	0.000	0.000
150.173	44.584	0.950	50.000	1.000	10.000	1.000	0.100	1.000	0.200	60.000	0.000	0.000	0.000	0.000
150.403	44.698	0.950	50.000	1.000	10.000	1.000	0.100	1.000	0.200	60.000	0.000	0.000	0.000	0.000
150.639	44.825	0.951	50.000	1.000	10.000	1.000	0.100	1.000	0.200	60.000	0.000	0.000	0.000	0.000
150.880	44.948	0.947	50.000	1.000	10.000	1.000	0.100	1.000	0.200	60.000	0.000	0.000	0.000	0.000
151.117	45.064	0.949	50.000	1.000	10.000	1.000	0.100	1.000	0.200	60.000	0.000	0.000	0.000	0.000
151.357	45.189	0.952	50.000	1.000	10.000	1.000	0.100	1.000	0.200	60.000	0.000	0.000	0.000	0.000
151.596	45.314	0.949	50.000	1.000	10.000	1.000	0.100	1.000	0.200	60.000	0.000	0.000	0.000	0.000
151.834	45.424	0.948	50.000	1.000	10.000	1.000	0.100	1.000	0.200	60.000	0.000	0.000	0.000	0.000
152.075	45.550	0.954	50.000	1.000	10.000	1.000	0.100	1.000	0.200	60.000	0.000	0.000	0.000	0.000
152.311	45.682	0.948	50.000	1.000	10.000	1.000	0.100	1.000	0.200	60.000	0.000	0.000	0.000	0.000
152.549	45.806	0.945	50.000	1.000	10.000	1.000	0.100	1.000	0.200	60.000	0.000	0.000	0.000	0.000
152.790	45.930	0.948	50.000	1.000	10.000	1.000	0.100	1.000	0.200	60.000	0.000	0.000	0.000	0.000
153.029	46.047	0.949	50.000	1.000	10.000	1.000	0.100	1.000	0.200	60.000	0.000	0.000	0.000	0.000
153.271	46.165	0.952	50.000	1.000	10.000	1.000	0.100	1.000	0.200	60.000	0.000	0.000	0.000	0.000
153.511	46.291	0.952	50.000	1.000	10.000	1.000	0.100	1.000	0.200	60.000	0.000	0.000	0.000	0.000
153.751	46.406	0.948	50.000	1.000	10.000	1.000	0.100	1.000	0.200	60.000	0.000	0.000	0.000	0.000
153.992	46.530	0.953	50.000	1.000	10.000	1.000	0.100	1.000	0.200	60.000	0.000	0.000	0.000	0.000
154.231	46.658	0.949	50.000	1.000	10.000	1.000	0.100	1.000	0.200	60.000	0.000	0.000	0.000	0.000
154.474	46.779	0.947	50.000	1.000	10.000	1.000	0.100	1.000	0.200	60.000	0.000	0.000	0.000	0.000
154.715	46.905	0.951	50.000	1.000	10.000	1.000	0.100	1.000	0.200	60.000	0.000	0.000	0.000	0.000
154.955	47.027	0.948	50.000	1.000	10.000	1.000	0.100	1.000	0.200	60.000	0.000	0.000	0.000	0.000
155.199	47.150	0.950	50.000	1.000	10.000	1.000	0.100	1.000	0.200	60.000	0.000	0.000	0.000	0.000
155.436	47.269	0.950	50.000	1.000	10.000	1.000	0.100	1.000	0.200	60.000	0.000	0.000	0.000	0.000
155.679	47.398	0.950	50.000	1.000	10.000	1.000	0.100	1.000	0.200	60.000	0.000	0.000	0.000	0.000
155.913	47.522	0.948	50.000	1.000	10.000	1.000	0.100	1.000	0.200	60.000	0.000	0.000	0.000	0.000
156.150	47.639	0.947	50.000	1.000	10.000	1.000	0.100	1.000	0.200	60.000	0.000	0.000	0.000	0.000
156.390	47.765	0.951	50.000	1.000	10.000	1.000	0.100	1.000	0.200	60.000	0.000	0.000	0.000	0.000
156.630	47.874	0.948	50.000	1.000	10.000	1.000	0.100	1.000	0.200	60.000	0.000	0.000	0.000	0.000
156.868	48.006	0.955	50.000	1.000	10.000	1.000	0.100	1.000	0.200	60.000	0.000	0.000	0.000	0.000
157.109	48.125	0.945	50.000	1.000	10.000	1.000	0.100	1.000	0.200	60.000	0.000	0.000	0.000	0.000
157.591	48.369	0.947	50.000	1.000	10.000	1.000	0.100	1.000	0.200	60.000	0.000	0.000	0.000	0.000
157.825	48.490	0.952	50.000	1.000	10.000	1.000	0.100	1.000	0.200	60.000	0.000	0.000	0.000	0.000
158.064	48.598	0.949	50.000	1.000	10.000	1.000	0.100	1.000	0.200	60.000	0.000	0.000	0.000	0.000
158.305	48.739	0.956	50.000	1.000	10.000	1.000	0.100	1.000	0.200	60.000	0.000	0.000	0.000	0.000
158.544	48.857	0.942	50.000	1.000	10.000	1.000	0.100	1.000	0.200	60.000	0.000	0.000	0.000	0.000
158.787	48.976	0.951	50.000	1.000	10.000	1.000	0.100	1.000	0.200	60.000	0.000	0.000	0.000	0.000
159.028	49.095	0.952	50.000	1.000	10.000	1.000	0.100	1.000	0.200	60.000	0.000	0.000	0.000	0.000
159.266	49.210	0.951	50.000	1.000	10.000	1.000	0.100	1.000	0.200	60.000	0.000	0.000	0.000	0.000
159.508	49.336	0.952	50.000	1.000	10.000	1.000	0.100	1.000	0.200	60.000	0.000	0.000	0.000	0.000
159.749	49.462	0.948	50.000	1.000	10.000	1.000	0.100	1.000	0.200	60.000	0.000	0.000	0.000	0.000
159.990	49.579	0.948	50.000	1.000	10.000	1.000	0.100	1.000	0.200	60.000	0.000	0.000	0.000	0.000
160.232	49.687	0.883	50.000	1.000	10.000	1.000	0.100	1.000	0.200	60.000	0.000	0.000	0.000	0.000
160.470	49.820	0.786	50.000	1.000	10.000	1.000	0.100	1.000	0.200	60.000	0.000	0.000	0.000	0.000
160.712	49.934	0.646	50.000	1.000	10.000	1.000	0.100	1.000	0.200	60.000	0.000	0.000	0.000	0.000
160.945	50.039	0.543	50.000	1.000	10.000	1.000	0.100	1.000	0.200	60.000	0.242	0.000	0.000	0.000
161.185	50.159	0.439	50.000	1.000	10.000	1.000	0.100	1.000	0.200	60.000	0.475	0.000	0.000	0.000
161.427	50.279	0.310	50.000	1.000	10.000	1.000	0.100	1.000	0.200	60.000	0.000	0.000	0.000	0.000
161.668	50.375	0.183	50.000	1.000	10.000	1.000	0.100	1.000	0.200	60.000	0.000	0.000	0.000	0.000
161.903	50.467	0.088	50.000	1.000	10.000	1.000	0.100	1.000	0.200	60.000	0.000	0.000	0.000	0.000
162.140	50.558	0.000	50.000	1.000	10.000	1.000	0.100	1.000	0.200	60.000	0.000	0.000	0.000	0.000
162.376	50.640	0.000	50.000	1.000	10.000	1.000	0.100	1.000	0.200	60.000	0.000	0.000	0.000	0.000
162.616	50.727	0.000	50.000	1.000	10.000	1.000	0.100	1.000	0.200	60.000	0.000	0.000	0.000	0.000
162.856	50.779	0.000	50.000	1.000	10.000	1.000	0.100	1.000	0.200	60.000	0.000	0.000	0.000	0.000
163.099	50.841	0.000	50.000	1.000	10.000	1.000	0.100	1.000	0.200	60.000	0.000	0.000	0.000	0.000
163.340	50.887	0.000	50.000	1.000	10.000	1.000	0.100	1.000	0.200	60.000	0.000	0.000	0.000	0.000
163.578	50.934	0.000	50.000	1.000	10.000	1.000	0.100	1.000	0.200	60.000	0.000	0.000	0.000	0.000
163.821	50.981	0.000	50.000	1.000	10.000	1.000	0.100	1.000	0.200	60.000	0.000	0.000	0.000	0.000
164.063	51.007	0.000	50.000	1.000	10.000	1.000	0.100	1.000	0.200	60.000	0.000	0.000	0.000	0.000
164.306	51.043	0.000	50.000	1.000	10.000	1.000	0.100	1.000	0.200	60.000	0.000	0.000	0.000	0.000
164.548	51.064	0.000	50.000	1.000	10.000	1.000	0.100	1.000	0.200	60.000	0.000	0.000	0.000	0.000
164.786	51.075	0.000	50.000	1.000	10.000	1.000	0.100	1.000	0.200	60.000	0.000	0.000	0.000	0.000
165.028	51.085	0.000	50.000	1.000	10.000	1.000	0.100	1.000	0.200	60.000	0.000	0.000	0.000	0.000
165.270	51.106	0.000	50.000	1.000	10.000	1.000	0.100	1.000	0.200	60.000	0.000	0.000	0.000	0.000
165.511	51.095	0.000	50.000	1.000	10.000	1.000	0.100	1.000	0.200	60.000	0.000	0.000	0.000	0.000
165.749	51.111	0.004	50.000	1.000	10.000	1.000	0.100	1.000	0.200	60.000	0.000	0.000	0.000	0.000
165.985	51.101	0.000	50.000	1.000	10.000	1.000	0.100	1.000	0.200	60.000	0.000	0.000	0.000	0.000
166.228	51.101	0.004	50.000	1.000	10.000	1.000	0.100	1.000	0.200	60.000	0.000	0.000	0.000	0.000
166.471	51.095	0.000	50.000	1.000	10.000	1.000	0.100	1.000	0.200	60.000	0.000	0.000	0.000	0.000
166.711	51.085	0.002	50.000	1.000	10.000	1.000	0.100	1.000	0.200	60.000	0.000	0.000	0.000	0.000
166.951	51.064	0.004	50.000	1.000	10.000	1.000	0.100	1.000	0.200	60.000	0.000	0.000	0.000	0.000
167.191	51.043	0.009	50.000	1.000	10.000	1.000	0.100	1.000	0.200	60.000	0.000	0.000	0.000	0.000
167.434	51.028	0.009	50.000	1.000	10.000	1.000	0.100	1.000	0.200	60.000	0.000	0.000	0.000	0.000
167.673	51.002	0.006	50.000	1.000	10.000	1.000	0.100	1.000	0.200	60.000	0.000	0.000	0.000	0.000
167.905	50.981	0.011	50.000	1.000	10.000	1.000	0.100	1.000	0.200	60.000	0.000	0.000	0.000	0.000
168.141	50.960	0.009	50.000	1.000	10.000	1.000	0.100	1.000	0.200	60.000	0.000	0.000	0.000	0.000
168.382	50.929	0.009	50.000	1.000	10.000	1.000	0.100	1.000	0.200	60.000	0.000	0.000	0.000	0.000
168.620	50.893	0.013	50.000	1.000	10.000	1.000	0.100	1.000	0.200	60.000	0.000	0.000	0.000	0.000
168.860	50.862	0.015	50.000	1.000	10.000	1.000	0.100	1.000	0.200	60.000	0.000	0.000	0.000	0.000
169.100	50.825	0.013	50.000	1.000	10.000	1.000	0.100	1.000	0.200	60.000	0.000	0.000	0.000	0.000
169.342	50.784	0.015	50.000	1.000	10.000	1.000	0.100	1.000	0.200	60.000	0.000	0.000	0.000	0.000
169.575	50.753	0.017	50.000	1.000	10.000	1.000	0.100	1.000	0.200	60.000	0.000	0.000	0.000	0.000
169.814	50.707	0.013	50.000	1.000	10.000	1.000	0.100	1.000	0.200	60.000	0.000	0.000	0.000	0.000
170.055	50.666	0.019	50.000	1.000	10.000	1.000	0.100	1.000	0.200	60.000	0.000	0.000	0.000	0.000
170.294	50.610	0.017	50.000	1.000	10.000	1.000	0.100	1.000	0.200	60.000	0.000	0.000	0.000	0.000
170.532	50.564	0.024	50.000	1.000	10.000	1.000	0.100	1.000	0.200	60.000	0.000	0.000	0.000	0.000
170.768	50.518	0.019	50.000	1.000	10.000	1.000	0.100	1.000	0.200	60.000	0.000	0.000	0.000	0.000
171.003	50.477	0.019	50.000	1.000	10.000	1.000	0.100	1.000	0.200	60.000	0.000	0.000	0.000	0.000
171.244	50.431	0.029	50.000	1.000	10.000	1.000	0.100	1.000	0.200	60.000	0.000	0.000	0.000	0.000
171.486	50.375	0.066	50.000	1.000	10.000	1.000	0.100	1.000	0.200	60.000	0.000	0.000	0.000	0.000
171.728	50.320	0.117	50.000	1.000	10.000	1.000	0.100	1.000	0.200	60.000	0.000	0.000	0.000	0.000
171.967	50.264	0.165	50.000	1.000	10.000	1.000	0.100	1.000	0.200	60.000	0.000	0.000	0.000	0.000
172.204	50.219	0.214	50.000	1.000	10.000	1.000	0.100	1.000	0.200	60.000	0.000	0.000	0.000	0.000
172.447	50.174	0.250	50.000	1.000	10.000	1.000	0.100	1.000	0.200	60.000	0.000	0.000	0.000	0.000
172.689	50.114	0.291	50.000	1.000	10.000	1.000	0.100	1.000	0.200	60.000	0.000	0.000	0.000	0.000
172.931	50.059	0.354	50.000	1.000	10.000	1.000	0.100	1.000	0.200	60.000	0.000	0.000	0.000	0.000
173.170	50.014	0.406	50.000	1.000	10.000	1.000	0.100	1.000	0.200	60.000	0.242	0.000	0.000	0.000
173.399	49.969	0.447	50.000	1.000	10.000	1.000	0.100	1.000	0.200	60.000	0.481	0.000	0.000	0.000
173.638	49.929	0.493	50.000	1.000	10.000	1.000	0.100	1.000	0.200	60.000	0.710	0.000	0.000	0.000
173.878	49.875	0.532	50.000	1.000	10.000	1.000	0.100	1.000	0.200	60.000	0.949	0.000	0.000	0.000
174.110	49.840	0.595	50.000	1.000	10.000	1.000	0.100	1.000	0.200	60.000	0.000	0.000	0.000	0.000
174.352	49.815	0.626	50.000	1.000	10.000	1.000	0.100	1.000	0.200	60.000	0.000	0.000	0.000	0.000
174.587	49.766	0.650	50.000	1.000	10.000	1.000	0.100	1.000	0.200	60.000	0.000	0.000	0.000	0.000
174.824	49.746	0.716	50.000	1.000	10.000	1.000	0.100	1.000	0.200	60.000	0.000	0.000	0.000	0.000
175.065	49.712	0.729	50.000	1.000	10.000	1.000	0.100	1.000	0.200	60.000	0.000	0.000	0.000	0.000
175.299	49.687	0.776	50.000	1.000	10.000	1.000	0.100	1.000	0.200	60.000	0.000	0.000	0.000	0.000
175.534	49.667	0.804	50.000	1.000	10.000	1.000	0.100	1.000	0.200	60.000	0.000	0.000	0.000	0.000
175.777	49.658	0.830	50.000	1.000	10.000	1.000	0.100	1.000	0.200	60.000	0.000	0.000	0.000	0.000
176.016	49.648	0.844	50.000	1.000	10.000	1.000	0.100	1.000	0.200	60.000	0.000	0.000	0.000	0.000
176.256	49.638	0.862	50.000	1.000	10.000	1.000	0.100	1.000	0.200	60.000	0.000	0.000	0.000	0.000
176.495	49.638	0.880	50.000	1.000	10.000	1.000	0.100	1.000	0.200	60.000	0.000	0.000	0.000	0.000
176.724	49.643	0.885	50.000	1.000	10.000	1.000	0.100	1.000	0.200	60.000	0.000	0.000	0.000	0.000
176.957	49.663	0.886	50.000	1.000	10.000	1.000	0.100	1.000	0.200	60.000	0.000	0.000	0.000	0.000
177.194	49.667	0.868	50.000	1.000	10.000	1.000	0.100	1.000	0.200	60.000	0.000	0.000	0.000	0.000
177.432	49.687	0.877	50.000	1.000	10.000	1.000	0.100	1.000	0.200	60.000	0.000	0.000	0.000	0.000
177.676	49.707	0.859	50.000	1.000	10.000	1.000	0.100	1.000	0.200	60.000	0.000	0.000	0.000	0.000
177.918	49.731	0.847	50.000	1.000	10.000	1.000	0.100	1.000	0.200	60.000	0.000	0.000	0.000	0.000
178.156	49.761	0.827	50.000	1.000	10.000	1.000	0.100	1.000	0.200	60.000	0.000	0.000	0.000	0.000
178.397	49.795	0.800	50.000	1.000	10.000	1.000	0.100	1.000	0.200	60.000	0.000	0.000	0.000	0.000
178.634	49.830	0.769	50.000	1.000	10.000	1.000	0.100	1.000	0.200	60.000	0.000	0.000	0.000	0.000
178.877	49.860	0.738	50.000	1.000	10.000	1.000	0.100	1.000	0.200	60.000	0.000	0.000	0.000	0.000
179.109	49.894	0.714	50.000	1.000	10.000	1.000	0.100	1.000	0.200	60.000	0.000	0.000	0.000	0.000
179.349	49.934	0.679	50.000	1.000	10.000	1.000	0.100	1.000	0.200	60.000	0.000	0.000	0.000	0.000
179.589	49.964	0.639	50.000	1.000	10.000	1.000	0.100	1.000	0.200	60.000	0.240	0.000	0.000	0.000
179.830	50.019	0.615	50.000	1.000	10.000	1.000	0.100	1.000	0.200	60.000	0.480	0.000	0.000	0.000
180.074	50.049	0.549	50.000	1.000	10.000	1.000	0.100	1.000	0.200	60.000	0.721	0.000	0.000	0.000
180.310	50.084	0.528	50.000	1.000	10.000	1.000	0.100	1.000	0.200	60.000	0.965	0.000	0.000	0.000
180.549	50.124	0.489	50.000	1.000	10.000	1.000	0.100	1.000	0.200	60.000	1.201	0.000	0.000	0.000
180.789	50.164	0.444	50.000	1.000	10.000	1.000	0.100	1.000	0.200	60.000	0.000	0.000	0.000	0.000
181.029	50.189	0.400	50.000	1.000	10.000	1.000	0.100	1.000	0.200	60.000	0.000	0.000	0.000	0.000
181.272	50.224	0.376	50.000	1.000	10.000	1.000	0.100	1.000	0.200	60.000	0.000	0.000	0.000	0.000
181.749	50.284	0.297	50.000	1.000	10.000	1.000	0.100	1.000	0.200	60.000	0.000	0.000	0.000	0.000
181.989	50.305	0.260	50.000	1.000	10.000	1.000	0.100	1.000	0.200	60.000	0.000	0.000	0.000	0.000
182.229	50.330	0.237	50.000	1.000	10.000	1.000	0.100	1.000	0.200	60.000	0.000	0.000	0.000	0.000
182.472	50.355	0.202	50.000	1.000	10.000	1.000	0.100	1.000	0.200	60.000	0.000	0.000	0.000	0.000
182.708	50.375	0.168	50.000	1.000	10.000	1.000	0.100	1.000	0.200	60.000	0.000	0.000	0.000	0.000
182.939	50.386	0.141	50.000	1.000	10.000	1.000	0.100	1.000	0.200	60.000	0.000	0.000	0.000	0.000
183.178	50.396	0.126	50.000	1.000	10.000	1.000	0.100	1.000	0.200	60.000	0.000	0.000	0.000	0.000
183.416	50.411	0.106	50.000	1.000	10.000	1.000	0.100	1.000	0.200	60.000	0.000	0.000	0.000	0.000
183.655	50.406	0.079	50.000	1.000	10.000	1.000	0.100	1.000	0.200	60.000	0.000	0.000	0.000	0.000
183.895	50.416	0.083	50.000	1.000	10.000	1.000	0.100	1.000	0.200	60.000	0.000	0.000	0.000	0.000
184.136	50.421	0.057	50.000	1.000	10.000	1.000	0.100	1.000	0.200	60.000	0.000	0.000	0.000	0.000
184.379	50.411	0.044	50.000	1.000	10.000	1.000	0.100	1.000	0.200	60.000	0.000	0.000	0.000	0.000
184.614	50.406	0.050	50.000	1.000	10.000	1.000	0.100	1.000	0.200	60.000	0.000	0.000	0.000	0.000
184.854	50.396	0.043	50.000	1.000	10.000	1.000	0.100	1.000	0.200	60.000	0.000	0.000	0.000	0.000
185.095	50.380	0.046	50.000	1.000	10.000	1.000	0.100	1.000	0.200	60.000	0.000	0.000	0.000	0.000
185.338	50.360	0.054	50.000	1.000	10.000	1.000	0.100	1.000	0.200	60.000	0.000	0.000	0.000	0.000
185.578	50.350	0.068	50.000	1.000	10.000	1.000	0.100	1.000	0.200	60.000	0.000	0.000	0.000	0.000
185.819	50.310	0.065	50.000	1.000	10.000	1.000	0.100	1.000	0.200	60.000	0.000	0.000	0.000	0.000
186.047	50.300	0.111	50.000	1.000	10.000	1.000	0.100	1.000	0.200	60.000	0.000	0.000	0.000	0.000
186.287	50.274	0.102	50.000	1.000	10.000	1.000	0.100	1.000	0.200	60.000	0.000	0.000	0.000	0.000
186.524	50.234	0.127	50.000	1.000	10.000	1.000	0.100	1.000	0.200	60.000	0.000	0.000	0.000	0.000
186.760	50.199	0.168	50.000	1.000	10.000	1.000	0.100	1.000	0.200	60.000	0.000	0.000	0.000	0.000
187.003	50.174	0.196	50.000	1.000	10.000	1.000	0.100	1.000	0.200	60.000	0.000	0.000	0.000	0.000
187.244	50.144	0.213	50.000	1.000	10.000	1.000	0.100	1.000	0.200	60.000	0.000	0.000	0.000	0.000
187.488	50.109	0.241	50.000	1.000	10.000	1.000	0.100	1.000	0.200	60.000	0.000	0.000	0.000	0.000
187.727	50.069	0.276	50.000	1.000	10.000	1.000	0.100	1.000	0.200	60.000	0.000	0.000	0.000	0.000
187.965	50.039	0.316	50.000	1.000	10.000	1.000	0.100	1.000	0.200	60.000	0.239	0.000	0.000	0.000
188.206	50.009	0.341	50.000	1.000	10.000	1.000	0.100	1.000	0.200	60.000	0.477	0.000	0.000	0.000
188.447	49.979	0.371	50.000	1.000	10.000	1.000	0.100	1.000	0.200	60.000	0.718	0.000	0.000	0.000
188.690	49.949	0.401	50.000	1.000	10.000	1.000	0.100	1.000	0.200	60.000	0.959	0.000	0.000	0.000
188.931	49.919	0.432	50.000	1.000	10.000	1.000	0.100	1.000	0.200	60.000	1.202	0.000	0.000	0.000
189.168	49.889	0.464	50.000	1.000	10.000	1.000	0.100	1.000	0.200	60.000	1.443	0.000	0.000	0.000
189.408	49.855	0.497	50.000	1.000	10.000	1.000	0.100	1.000	0.200	60.000	0.000	0.000	0.000	0.000
189.649	49.835	0.537	50.000	1.000	10.000	1.000	0.100	1.000	0.200	60.000	0.000	0.000	0.000	0.000
189.887	49.815	0.554	50.000	1.000	10.000	1.000	0.100	1.000	0.200	60.000	0.000	0.000	0.000	0.000
190.124	49.790	0.579	50.000	1.000	10.000	1.000	0.100	1.000	0.200	60.000	0.000	0.000	0.000	0.000
190.365	49.781	0.610	50.000	1.000	10.000	1.000	0.100	1.000	0.200	60.000	0.000	0.000	0.000	0.000
190.606	49.761	0.619	50.000	1.000	10.000	1.000	0.100	1.000	0.200	60.000	0.000	0.000	0.000	0.000
190.840	49.751	0.649	50.000	1.000	10.000	1.000	0.100	1.000	0.200	60.000	0.000	0.000	0.000	0.000
191.070	49.746	0.661	50.000	1.000	10.000	1.000	0.100	1.000	0.200	60.000	0.000	0.000	0.000	0.000
191.310	49.731	0.669	50.000	1.000	10.000	1.000	0.100	1.000	0.200	60.000	0.000	0.000	0.000	0.000
191.552	49.726	0.694	50.000	1.000	10.000	1.000	0.100	1.000	0.200	60.000	0.000	0.000	0.000	0.000
191.795	49.731	0.702	50.000	1.000	10.000	1.000	0.100	1.000	0.200	60.000	0.000	0.000	0.000	0.000
192.036	49.736	0.699	50.000	1.000	10.000	1.000	0.100	1.000	0.200	60.000	0.000	0.000	0.000	0.000
192.270	49.731	0.701	50.000	1.000	10.000	1.000	0.100	1.000	0.200	60.000	0.000	0.000	0.000	0.000
192.510	49.741	0.716	50.000	1.000	10.000	1.000	0.100	1.000	0.200	60.000	0.000	0.000	0.000	0.000
192.750	49.746	0.706	50.000	1.000	10.000	1.000	0.100	1.000	0.200	60.000	0.000	0.000	0.000	0.000
192.983	49.761	0.710	50.000	1.000	10.000	1.000	0.100	1.000	0.200	60.000	0.000	0.000	0.000	0.000
193.222	49.786	0.696	50.000	1.000	10.000	1.000	0.100	1.000	0.200	60.000	0.000	0.000	0.000	0.000
193.455	49.786	0.673	50.000	1.000	10.000	1.000	0.100	1.000	0.200	60.000	0.000	0.000	0.000	0.000
193.695	49.805	0.688	50.000	1.000	10.000	1.000	0.100	1.000	0.200	60.000	0.000	0.000	0.000	0.000
193.934	49.830	0.665	50.000	1.000	10.000	1.000	0.100	1.000	0.200	60.000	0.000	0.000	0.000	0.000
194.164	49.845	0.642	50.000	1.000	10.000	1.000	0.100	1.000	0.200	60.000	0.000	0.000	0.000	0.000
194.403	49.865	0.634	50.000	1.000	10.000	1.000	0.100	1.000	0.200	60.000	0.000	0.000	0.000	0.000
194.641	49.884	0.616	50.000	1.000	10.000	1.000	0.100	1.000	0.200	60.000	0.000	0.000	0.000	0.000
194.881	49.904	0.599	50.000	1.000	10.000	1.000	0.100	1.000	0.200	60.000	0.000	0.000	0.000	0.000
195.122	49.939	0.581	50.000	1.000	10.000	1.000	0.100	1.000	0.200	60.000	0.240	0.000	0.000	0.000
195.355	49.959	0.542	50.000	1.000	10.000	1.000	0.100	1.000	0.200	60.000	0.481	0.000	0.000	0.000
195.593	49.984	0.529	50.000	1.000	10.000	1.000	0.100	1.000	0.200	60.000	0.714	0.000	0.000	0.000
195.835	50.009	0.502	50.000	1.000	10.000	1.000	0.100	1.000	0.200	60.000	0.952	0.000	0.000	0.000
196.077	50.019	0.477	50.000	1.000	10.000	1.000	0.100	1.000	0.200	60.000	1.194	0.000	0.000	0.000
196.321	50.044	0.473	50.000	1.000	10.000	1.000	0.100	1.000	0.200	60.000	1.436	0.000	0.000	0.000
196.561	50.069	0.441	50.000	1.000	10.000	1.000	0.100	1.000	0.200	60.000	1.680	0.000	0.000	0.000
196.802	50.084	0.414	50.000	1.000	10.000	1.000	0.100	1.000	0.200	60.000	1.920	0.000	0.000	0.000
197.042	50.099	0.402	50.000	1.000	10.000	1.000	0.100	1.000	0.200	60.000	2.161	0.000	0.000	0.000
197.277	50.109	0.384	50.000	1.000	10.000	1.000	0.100	1.000	0.200	60.000	2.401	0.000	0.000	0.000
197.516	50.129	0.374	50.000	1.000	10.000	1.000	0.100	1.000	0.200	60.000	0.000	0.000	0.000	0.000
197.754	50.139	0.346	50.000	1.000	10.000	1.000	0.100	1.000	0.200	60.000	0.000	0.000	0.000	0.000
197.988	50.144	0.337	50.000	1.000	10.000	1.000	0.100	1.000	0.200	60.000	0.000	0.000	0.000	0.000
198.229	50.154	0.331	50.000	1.000	10.000	1.000	0.100	1.000	0.200	60.000	0.000	0.000	0.000	0.000
198.472	50.154	0.315	50.000	1.000	10.000	1.000	0.100	1.000	0.200	60.000	0.000	0.000	0.000	0.000
198.714	50.169	0.316	50.000	1.000	10.000	1.000	0.100	1.000	0.200	60.000	0.000	0.000	0.000	0.000
198.955	50.159	0.290	50.000	1.000	10.000	1.000	0.100	1.000	0.200	60.000	0.000	0.000	0.000	0.000
199.196	50.174	0.307	50.000	1.000	10.000	1.000	0.100	1.000	0.200	60.000	0.000	0.000	0.000	0.000
199.439	50.169	0.277	50.000	1.000	10.000	1.000	0.100	1.000	0.200	60.000	0.000	0.000	0.000	0.000
199.680	50.164	0.286	50.000	1.000	10.000	1.000	0.100	1.000	0.200	60.000	0.000	0.000	0.000	0.000
199.919	50.164	0.287	50.000	1.000	10.000	1.000	0.100	1.000	0.200	60.000	0.000	0.000	0.000	0.000
200.160	50.159	0.281	50.000	1.000	10.000	1.000	0.100	1.000	0.200	60.000	0.000	0.000	0.000	0.000
200.400	50.154	0.285	50.000	1.000	10.000	1.000	0.100	1.000	0.200	60.000	0.000	0.000	0.000	0.000
200.642	50.159	0.286	50.000	1.000	10.000	1.000	0.100	1.000	0.200	60.000	0.000	0.000	0.000	0.000
200.883	50.154	0.273	50.000	1.000	10.000	1.000	0.100	1.000	0.200	60.000	0.000	0.000	0.000	0.000
201.122	50.144	0.279	50.000	1.000	10.000	1.000	0.100	1.000	0.200	60.000	0.000	0.000	0.000	0.000
201.359	50.134	0.287	50.000	1.000	10.000	1.000	0.100	1.000	0.200	60.000	0.000	0.000	0.000	0.000
201.598	50.114	0.294	50.000	1.000	10.000	1.000	0.100	1.000	0.200	60.000	0.000	0.000	0.000	0.000
201.829	50.094	0.316	50.000	1.000	10.000	1.000	0.100	1.000	0.200	60.000	0.000	0.000	0.000	0.000
202.061	50.079	0.334	50.000	1.000	10.000	1.000	0.100	1.000	0.200	60.000	0.231	0.000	0.000	0.000
202.294	50.044	0.345	50.000	1.000	10.000	1.000	0.100	1.000	0.200	60.000	0.463	0.000	0.000	0.000
202.533	50.014	0.387	50.000	1.000	10.000	1.000	0.100	1.000	0.200	60.000	0.696	0.000	0.000	0.000
202.760	49.994	0.414	50.000	1.000	10.000	1.000	0.100	1.000	0.200	60.000	0.935	0.000	0.000	0.000
202.996	49.979	0.431	50.000	1.000	10.000	1.000	0.100	1.000	0.200	60.000	1.162	0.000	0.000	0.000
203.225	49.954	0.444	50.000	1.000	10.000	1.000	0.100	1.000	0.200	60.000	1.398	0.000	0.000	0.000
203.459	49.934	0.474	50.000	1.000	10.000	1.000	0.100	1.000	0.200	60.000	1.627	0.000	0.000	0.000
203.697	49.919	0.493	50.000	1.000	10.000	1.000	0.100	1.000	0.200	60.000	1.861	0.000	0.000	0.000
203.935	49.899	0.508	50.000	1.000	10.000	1.000	0.100	1.000	0.200	60.000	2.099	0.000	0.000	0.000
204.173	49.894	0.532	50.000	1.000	10.000	1.000	0.100	1.000	0.200	60.000	0.000	0.000	0.000	0.000
204.410	49.880	0.533	50.000	1.000	10.000	1.000	0.100	1.000	0.200	60.000	0.000	0.000	0.000	0.000
204.648	49.865	0.555	50.000	1.000	10.000	1.000	0.100	1.000	0.200	60.000	0.000	0.000	0.000	0.000
204.882	49.855	0.573	50.000	1.000	10.000	1.000	0.100	1.000	0.200	60.000	0.000	0.000	0.000	0.000
205.110	49.855	0.585	50.000	1.000	10.000	1.000	0.100	1.000	0.200	60.000	0.000	0.000	0.000	0.000
205.350	49.845	0.584	50.000	1.000	10.000	1.000	0.100	1.000	0.200	60.000	0.000	0.000	0.000	0.000
205.826	49.840	0.594	50.000	1.000	10.000	1.000	0.100	1.000	0.200	60.000	0.000	0.000	0.000	0.000
206.067	49.845	0.614	50.000	1.000	10.000	1.000	0.100	1.000	0.200	60.000	0.000	0.000	0.000	0.000
206.299	49.845	0.606	50.000	1.000	10.000	1.000	0.100	1.000	0.200	60.000	0.000	0.000	0.000	0.000
206.534	49.855	0.612	50.000	1.000	10.000	1.000	0.100	1.000	0.200	60.000	0.000	0.000	0.000	0.000
206.774	49.865	0.601	50.000	1.000	10.000	1.000	0.100	1.000	0.200	60.000	0.000	0.000	0.000	0.000
207.011	49.880	0.595	50.000	1.000	10.000	1.000	0.100	1.000	0.200	60.000	0.000	0.000	0.000	0.000
207.254	49.889	0.581	50.000	1.000	10.000	1.000	0.100	1.000	0.200	60.000	0.000	0.000	0.000	0.000
207.495	49.909	0.575	50.000	1.000	10.000	1.000	0.100	1.000	0.200	60.000	0.000	0.000	0.000	0.000
207.734	49.914	0.554	50.000	1.000	10.000	1.000	0.100	1.000	0.200	60.000	0.241	0.000	0.000	0.000
207.972	49.939	0.557	50.000	1.000	10.000	1.000	0.100	1.000	0.200	60.000	0.480	0.000	0.000	0.000
208.210	49.954	0.525	50.000	1.000	10.000	1.000	0.100	1.000	0.200	60.000	0.718	0.000	0.000	0.000
208.450	49.979	0.516	50.000	1.000	10.000	1.000	0.100	1.000	0.200	60.000	0.956	0.000	0.000	0.000
208.691	49.989	0.487	50.000	1.000	10.000	1.000	0.100	1.000	0.200	60.000	1.196	0.000	0.000	0.000
208.932	50.004	0.484	50.000	1.000	10.000	1.000	0.100	1.000	0.200	60.000	1.437	0.000	0.000	0.000
209.171	50.029	0.466	50.000	1.000	10.000	1.000	0.100	1.000	0.200	60.000	1.678	0.000	0.000	0.000
209.410	50.049	0.437	50.000	1.000	10.000	1.000	0.100	1.000	0.200	60.000	1.918	0.000	0.000	0.000
209.651	50.059	0.418	50.000	1.000	10.000	1.000	0.100	1.000	0.200	60.000	2.156	0.000	0.000	0.000
209.892	50.064	0.410	50.000	1.000	10.000	1.000	0.100	1.000	0.200	60.000	2.397	0.000	0.000	0.000
210.132	50.079	0.406	50.000	1.000	10.000	1.000	0.100	1.000	0.200	60.000	2.638	0.000	0.000	0.000
210.377	50.104	0.385	50.000	1.000	10.000	1.000	0.100	1.000	0.200	60.000	2.878	0.000	0.000	0.000
210.618	50.099	0.353	50.000	1.000	10.000	1.000	0.100	1.000	0.200	60.000	0.000	0.000	0.000	0.000
210.859	50.114	0.368	50.000	1.000	10.000	1.000	0.100	1.000	0.200	60.000	0.241	0.000	0.000	0.000
211.099	50.129	0.342	50.000	1.000	10.000	1.000	0.100	1.000	0.200	60.000	0.000	0.000	0.000	0.000
211.338	50.124	0.324	50.000	1.000	10.000	1.000	0.100	1.000	0.200	60.000	0.000	0.000	0.000	0.000
211.580	50.129	0.335	50.000	1.000	10.000	1.000	0.100	1.000	0.200	60.000	0.000	0.000	0.000	0.000
211.814	50.134	0.322	50.000	1.000	10.000	1.000	0.100	1.000	0.200	60.000	0.000	0.000	0.000	0.000
212.053	50.139	0.314	50.000	1.000	10.000	1.000	0.100	1.000	0.200	60.000	0.000	0.000	0.000	0.000
212.295	50.129	0.306	50.000	1.000	10.000	1.000	0.100	1.000	0.200	60.000	0.000	0.000	0.000	0.000
212.535	50.139	0.319	50.000	1.000	10.000	1.000	0.100	1.000	0.200	60.000	0.000	0.000	0.000	0.000
212.779	50.124	0.297	50.000	1.000	10.000	1.000	0.100	1.000	0.200	60.000	0.000	0.000	0.000	0.000
213.015	50.124	0.320	50.000	1.000	10.000	1.000	0.100	1.000	0.200	60.000	0.000	0.000	0.000	0.000
213.252	50.124	0.310	50.000	1.000	10.000	1.000	0.100	1.000	0.200	60.000	0.000	0.000	0.000	0.000
213.494	50.114	0.308	50.000	1.000	10.000	1.000	0.100	1.000	0.200	60.000	0.000	0.000	0.000	0.000
213.736	50.114	0.319	50.000	1.000	10.000	1.000	0.100	1.000	0.200	60.000	0.000	0.000	0.000	0.000
213.974	50.109	0.312	50.000	1.000	10.000	1.000	0.100	1.000	0.200	60.000	0.000	0.000	0.000	0.000
214.214	50.099	0.317	50.000	1.000	10.000	1.000	0.100	1.000	0.200	60.000	0.000	0.000	0.000	0.000
214.451	50.084	0.326	50.000	1.000	10.000	1.000	0.100	1.000	0.200	60.000	0.240	0.000	0.000	0.000
214.693	50.074	0.341	50.000	1.000	10.000	1.000	0.100	1.000	0.200	60.000	0.477	0.000	0.000	0.000
214.935	50.059	0.347	50.000	1.000	10.000	1.000	0.100	1.000	0.200	60.000	0.720	0.000	0.000	0.000
215.176	50.054	0.363	50.000	1.000	10.000	1.000	0.100	1.000	0.200	60.000	0.961	0.000	0.000	0.000
215.415	50.049	0.363	50.000	1.000	10.000	1.000	0.100	1.000	0.200	60.000	1.202	0.000	0.000	0.000
215.655	50.029	0.367	50.000	1.000	10.000	1.000	0.100	1.000	0.200	60.000	1.441	0.000	0.000	0.000
215.897	50.014	0.392	50.000	1.000	10.000	1.000	0.100	1.000	0.200	60.000	1.681	0.000	0.000	0.000
216.129	50.009	0.405	50.000	1.000	10.000	1.000	0.100	1.000	0.200	60.000	1.923	0.000	0.000	0.000
216.364	49.999	0.405	50.000	1.000	10.000	1.000	0.100	1.000	0.200	60.000	2.155	0.000	0.000	0.000
216.606	49.984	0.417	50.000	1.000	10.000	1.000	0.100	1.000	0.200	60.000	2.390	0.000	0.000	0.000
216.849	49.979	0.435	50.000	1.000	10.000	1.000	0.100	1.000	0.200	60.000	2.632	0.000	0.000	0.000
217.093	49.959	0.436	50.000	1.000	10.000	1.000	0.100	1.000	0.200	60.000	2.875	0.000	0.000	0.000
217.334	49.964	0.463	50.000	1.000	10.000	1.000	0.100	1.000	0.200	60.000	3.119	0.000	0.000	0.000
217.571	49.954	0.449	50.000	1.000	10.000	1.000	0.100	1.000	0.200	60.000	3.360	0.000	0.000	0.000
217.812	49.949	0.466	50.000	1.000	10.000	1.000	0.100	1.000	0.200	60.000	3.597	0.000	0.000	0.000
218.056	49.944	0.470	50.000	1.000	10.000	1.000	0.100	1.000	0.200	60.000	3.838	0.000	0.000	0.000
218.301	49.934	0.476	50.000	1.000	10.000	1.000	0.100	1.000	0.200	60.000	4.082	0.000	0.000	0.000
218.538	49.939	0.490	50.000	1.000	10.000	1.000	0.100	1.000	0.200	60.000	4.327	0.000	0.000	0.000
218.775	49.929	0.480	50.000	1.000	10.000	1.000	0.100	1.000	0.200	60.000	4.564	0.000	0.000	0.000
219.008	49.929	0.498	50.000	1.000	10.000	1.000	0.100	1.000	0.200	60.000	4.801	0.000	0.000	0.000
219.239	49.929	0.496	50.000	1.000	10.000	1.000	0.100	1.000	0.200	60.000	5.034	0.000	0.000	0.000
219.476	49.929	0.497	50.000	1.000	10.000	1.000	0.100	1.000	0.200	60.000	5.265	0.000	0.000	0.000
219.720	49.934	0.499	50.000	1.000	10.000	1.000	0.100	1.000	0.200	60.000	5.502	0.000	0.000	0.000
219.962	49.934	0.494	50.000	1.000	10.000	1.000	0.100	1.000	0.200	60.000	5.746	0.000	0.000	0.000
220.205	49.934	0.497	50.000	1.000	10.000	1.000	0.100	1.000	0.200	60.000	5.988	0.000	0.000	0.000
220.443	49.934	0.499	50.000	1.000	10.000	1.000	0.100	1.000	0.200	60.000	6.231	0.000	0.000	0.000
220.682	49.939	0.500	50.000	1.000	10.000	1.000	0.100	1.000	0.200	60.000	6.469	0.000	0.000	0.000
220.924	49.939	0.495	50.000	1.000	10.000	1.000	0.100	1.000	0.200	60.000	6.708	0.000	0.000	0.000
221.165	49.949	0.498	50.000	1.000	10.000	1.000	0.100	1.000	0.200	60.000	6.950	0.000	0.000	0.000
221.407	49.954	0.486	50.000	1.000	10.000	1.000	0.100	1.000	0.200	60.000	7.191	0.000	0.000	0.000
221.646	49.954	0.484	50.000	1.000	10.000	1.000	0.100	1.000	0.200	60.000	7.433	0.000	0.000	0.000
221.882	49.954	0.487	50.000	1.000	10.000	1.000	0.100	1.000	0.200	60.000	7.672	0.000	0.000	0.000
222.125	49.969	0.488	50.000	1.000	10.000	1.000	0.100	1.000	0.200	60.000	7.908	0.000	0.000	0.000
222.367	49.974	0.468	50.000	1.000	10.000	1.000	0.100	1.000	0.200	60.000	8.151	0.000	0.000	0.000
222.608	49.969	0.467	50.000	1.000	10.000	1.000	0.100	1.000	0.200	60.000	8.393	0.000	0.000	0.000
222.851	49.984	0.477	50.000	1.000	10.000	1.000	0.100	1.000	0.200	60.000	8.634	0.000	0.000	0.000
223.095	49.989	0.454	50.000	1.000	10.000	1.000	0.100	1.000	0.200	60.000	8.877	0.000	0.000	0.000
223.337	50.004	0.454	50.000	1.000	10.000	1.000	0.100	1.000	0.200	60.000	9.121	0.000	0.000	0.000
223.577	50.009	0.435	50.000	1.000	10.000	1.000	0.100	1.000	0.200	60.000	9.363	0.000	0.000	0.000
223.819	50.019	0.434	50.000	1.000	10.000	1.000	0.100	1.000	0.200	60.000	9.603	0.000	0.000	0.000
224.059	50.019	0.421	50.000	1.000	10.000	1.000	0.100	1.000	0.200	60.000	9.845	0.000	0.000	0.000
224.298	50.024	0.425	50.000	1.000	10.000	1.000	0.100	1.000	0.200	60.000	10.085	0.000	0.000	0.000
224.540	50.024	0.417	50.000	1.000	10.000	1.000	0.100	1.000	0.200	60.000	10.324	0.000	0.000	0.000
224.783	50.029	0.419	50.000	1.000	10.000	1.000	0.100	1.000	0.200	60.000	10.566	0.000	0.000	0.000
225.019	50.044	0.411	50.000	1.000	10.000	1.000	0.100	1.000	0.200	60.000	10.809	0.000	0.000	0.000
225.254	50.039	0.391	50.000	1.000	10.000	1.000	0.100	1.000	0.200	60.000	11.045	0.000	0.000	0.000
225.488	50.049	0.403	50.000	1.000	10.000	1.000	0.100	1.000	0.200	60.000	11.280	0.000	0.000	0.000
225.725	50.049	0.386	50.000	1.000	10.000	1.000	0.100	1.000	0.200	60.000	11.514	0.000	0.000	0.000
225.964	50.054	0.389	50.000	1.000	10.000	1.000	0.100	1.000	0.200	60.000	11.751	0.000	0.000	0.000
226.201	50.049	0.380	50.000	1.000	10.000	1.000	0.100	1.000	0.200	60.000	11.990	0.000	0.000	0.000
226.443	50.054	0.388	50.000	1.000	10.000	1.000	0.100	1.000	0.200	60.000	12.227	0.000	0.000	0.000
226.675	50.064	0.378	50.000	1.000	10.000	1.000	0.100	1.000	0.200	60.000	12.469	0.000	0.000	0.000
226.914	50.049	0.364	50.000	1.000	10.000	1.000	0.100	1.000	0.200	60.000	12.701	0.000	0.000	0.000
227.155	50.069	0.389	50.000	1.000	10.000	1.000	0.100	1.000	0.200	60.000	12.940	0.000	0.000	0.000
227.395	50.059	0.353	50.000	1.000	10.000	1.000	0.100	1.000	0.200	60.000	13.181	0.000	0.000	0.000
227.637	50.059	0.374	50.000	1.000	10.000	1.000	0.100	1.000	0.200	60.000	13.422	0.000	0.000	0.000
227.877	50.069	0.368	50.000	1.000	10.000	1.000	0.100	1.000	0.200	60.000	13.663	0.000	0.000	0.000
228.119	50.059	0.352	50.000	1.000	10.000	1.000	0.100	1.000	0.200	60.000	13.903	0.000	0.000	0.000
228.359	50.059	0.369	50.000	1.000	10.000	1.000	0.100	1.000	0.200	60.000	14.145	0.000	0.000	0.000
228.601	50.059	0.364	50.000	1.000	10.000	1.000	0.100	1.000	0.200	60.000	14.385	0.000	0.000	0.000
228.844	50.059	0.362	50.000	1.000	10.000	1.000	0.100	1.000	0.200	60.000	14.627	0.000	0.000	0.000
229.082	50.059	0.361	50.000	1.000	10.000	1.000	0.100	1.000	0.200	60.000	14.870	0.000	0.000	0.000
229.323	50.049	0.359	50.000	1.000	10.000	1.000	0.100	1.000	0.200	60.000	15.108	0.000	0.000	0.000
229.563	50.044	0.372	50.000	1.000	10.000	1.000	0.100	1.000	0.200	60.000	15.349	0.000	0.000	0.000
