This is a log file of a temperature control run being done in Physics 3600 for the bug experiment. It records the time, temperature, power, and control setting for each PID update. It does so by accumulating the data and periodically saving it.

11/22/2020
10:08 AM

Time (ms)	Temp (C)	Power	Setpoint	CB	Itime	Ion	Dtime	Don	SB	Stime	Time in SB	Settled	Man Pow	Man on

<data below>
10.617	23.492	0.943	30.000	1.000	10.000	1.000	0.100	1.000	0.200	60.000	0.000	0.000	0.000	0.000
10.851	23.628	0.946	30.000	1.000	10.000	1.000	0.100	1.000	0.200	60.000	0.000	0.000	0.000	0.000
11.085	23.759	0.944	30.000	1.000	10.000	1.000	0.100	1.000	0.200	60.000	0.000	0.000	0.000	0.000
11.316	23.894	0.945	30.000	1.000	10.000	1.000	0.100	1.000	0.200	60.000	0.000	0.000	0.000	0.000
11.549	24.030	0.943	30.000	1.000	10.000	1.000	0.100	1.000	0.200	60.000	0.000	0.000	0.000	0.000
11.786	24.166	0.943	30.000	1.000	10.000	1.000	0.100	1.000	0.200	60.000	0.000	0.000	0.000	0.000
12.020	24.300	0.944	30.000	1.000	10.000	1.000	0.100	1.000	0.200	60.000	0.000	0.000	0.000	0.000
12.259	24.441	0.944	30.000	1.000	10.000	1.000	0.100	1.000	0.200	60.000	0.000	0.000	0.000	0.000
12.495	24.579	0.942	30.000	1.000	10.000	1.000	0.100	1.000	0.200	60.000	0.000	0.000	0.000	0.000
12.728	24.715	0.943	30.000	1.000	10.000	1.000	0.100	1.000	0.200	60.000	0.000	0.000	0.000	0.000
12.958	24.853	0.943	30.000	1.000	10.000	1.000	0.100	1.000	0.200	60.000	0.000	0.000	0.000	0.000
13.196	24.995	0.941	30.000	1.000	10.000	1.000	0.100	1.000	0.200	60.000	0.000	0.000	0.000	0.000
13.431	25.134	0.942	30.000	1.000	10.000	1.000	0.100	1.000	0.200	60.000	0.000	0.000	0.000	0.000
13.667	25.277	0.942	30.000	1.000	10.000	1.000	0.100	1.000	0.200	60.000	0.000	0.000	0.000	0.000
13.914	25.423	0.941	30.000	1.000	10.000	1.000	0.100	1.000	0.200	60.000	0.000	0.000	0.000	0.000
14.146	25.562	0.942	30.000	1.000	10.000	1.000	0.100	1.000	0.200	60.000	0.000	0.000	0.000	0.000
14.385	25.704	0.941	30.000	1.000	10.000	1.000	0.100	1.000	0.200	60.000	0.000	0.000	0.000	0.000
14.622	25.849	0.942	30.000	1.000	10.000	1.000	0.100	1.000	0.200	60.000	0.000	0.000	0.000	0.000
14.857	25.986	0.940	30.000	1.000	10.000	1.000	0.100	1.000	0.200	60.000	0.000	0.000	0.000	0.000
15.094	26.130	0.943	30.000	1.000	10.000	1.000	0.100	1.000	0.200	60.000	0.000	0.000	0.000	0.000
15.330	26.276	0.941	30.000	1.000	10.000	1.000	0.100	1.000	0.200	60.000	0.000	0.000	0.000	0.000
15.569	26.418	0.939	30.000	1.000	10.000	1.000	0.100	1.000	0.200	60.000	0.000	0.000	0.000	0.000
15.805	26.561	0.942	30.000	1.000	10.000	1.000	0.100	1.000	0.200	60.000	0.000	0.000	0.000	0.000
16.050	26.710	0.941	30.000	1.000	10.000	1.000	0.100	1.000	0.200	60.000	0.000	0.000	0.000	0.000
16.280	26.850	0.940	30.000	1.000	10.000	1.000	0.100	1.000	0.200	60.000	0.000	0.000	0.000	0.000
16.526	26.997	0.940	30.000	1.000	10.000	1.000	0.100	1.000	0.200	60.000	0.000	0.000	0.000	0.000
16.764	27.143	0.941	30.000	1.000	10.000	1.000	0.100	1.000	0.200	60.000	0.000	0.000	0.000	0.000
17.014	27.291	0.940	30.000	1.000	10.000	1.000	0.100	1.000	0.200	60.000	0.000	0.000	0.000	0.000
17.269	27.446	0.942	30.000	1.000	10.000	1.000	0.100	1.000	0.200	60.000	0.000	0.000	0.000	0.000
17.512	27.594	0.941	30.000	1.000	10.000	1.000	0.100	1.000	0.200	60.000	0.000	0.000	0.000	0.000
17.744	27.737	0.940	30.000	1.000	10.000	1.000	0.100	1.000	0.200	60.000	0.000	0.000	0.000	0.000
17.978	27.878	0.940	30.000	1.000	10.000	1.000	0.100	1.000	0.200	60.000	0.000	0.000	0.000	0.000
18.223	28.027	0.941	30.000	1.000	10.000	1.000	0.100	1.000	0.200	60.000	0.000	0.000	0.000	0.000
18.474	28.176	0.941	30.000	1.000	10.000	1.000	0.100	1.000	0.200	60.000	0.000	0.000	0.000	0.000
18.716	28.321	0.942	30.000	1.000	10.000	1.000	0.100	1.000	0.200	60.000	0.000	0.000	0.000	0.000
18.964	28.474	0.941	30.000	1.000	10.000	1.000	0.100	1.000	0.200	60.000	0.000	0.000	0.000	0.000
19.201	28.617	0.939	30.000	1.000	10.000	1.000	0.100	1.000	0.200	60.000	0.000	0.000	0.000	0.000
19.444	28.763	0.941	30.000	1.000	10.000	1.000	0.100	1.000	0.200	60.000	0.000	0.000	0.000	0.000
19.691	28.910	0.941	30.000	1.000	10.000	1.000	0.100	1.000	0.200	60.000	0.000	0.000	0.000	0.000
19.928	29.055	0.942	30.000	1.000	10.000	1.000	0.100	1.000	0.200	60.000	0.000	0.000	0.000	0.000
20.163	29.198	0.940	30.000	1.000	10.000	1.000	0.100	1.000	0.200	60.000	0.000	0.000	0.000	0.000
20.411	29.347	0.940	30.000	1.000	10.000	1.000	0.100	1.000	0.200	60.000	0.000	0.000	0.000	0.000
20.655	29.496	0.942	30.000	1.000	10.000	1.000	0.100	1.000	0.200	60.000	0.000	0.000	0.000	0.000
20.884	29.635	0.940	30.000	1.000	10.000	1.000	0.100	1.000	0.200	60.000	0.000	0.000	0.000	0.000
21.131	29.782	0.814	30.000	1.000	10.000	1.000	0.100	1.000	0.200	60.000	0.000	0.000	0.000	0.000
21.379	29.931	0.673	30.000	1.000	10.000	1.000	0.100	1.000	0.200	60.000	0.000	0.000	0.000	0.000
21.621	30.077	0.526	30.000	1.000	10.000	1.000	0.100	1.000	0.200	60.000	0.248	0.000	0.000	0.000
21.852	30.213	0.377	30.000	1.000	10.000	1.000	0.100	1.000	0.200	60.000	0.490	0.000	0.000	0.000
22.088	30.345	0.237	30.000	1.000	10.000	1.000	0.100	1.000	0.200	60.000	0.000	0.000	0.000	0.000
22.325	30.477	0.100	30.000	1.000	10.000	1.000	0.100	1.000	0.200	60.000	0.000	0.000	0.000	0.000
22.559	30.602	0.000	30.000	1.000	10.000	1.000	0.100	1.000	0.200	60.000	0.000	0.000	0.000	0.000
22.793	30.715	0.000	30.000	1.000	10.000	1.000	0.100	1.000	0.200	60.000	0.000	0.000	0.000	0.000
23.040	30.833	0.000	30.000	1.000	10.000	1.000	0.100	1.000	0.200	60.000	0.000	0.000	0.000	0.000
23.290	30.937	0.000	30.000	1.000	10.000	1.000	0.100	1.000	0.200	60.000	0.000	0.000	0.000	0.000
23.530	31.036	0.000	30.000	1.000	10.000	1.000	0.100	1.000	0.200	60.000	0.000	0.000	0.000	0.000
23.776	31.124	0.000	30.000	1.000	10.000	1.000	0.100	1.000	0.200	60.000	0.000	0.000	0.000	0.000
24.013	31.206	0.000	30.000	1.000	10.000	1.000	0.100	1.000	0.200	60.000	0.000	0.000	0.000	0.000
24.250	31.274	0.000	30.000	1.000	10.000	1.000	0.100	1.000	0.200	60.000	0.000	0.000	0.000	0.000
24.490	31.350	0.000	30.000	1.000	10.000	1.000	0.100	1.000	0.200	60.000	0.000	0.000	0.000	0.000
24.724	31.414	0.000	30.000	1.000	10.000	1.000	0.100	1.000	0.200	60.000	0.000	0.000	0.000	0.000
24.960	31.474	0.000	30.000	1.000	10.000	1.000	0.100	1.000	0.200	60.000	0.000	0.000	0.000	0.000
25.209	31.532	0.000	30.000	1.000	10.000	1.000	0.100	1.000	0.200	60.000	0.000	0.000	0.000	0.000
25.443	31.582	0.000	30.000	1.000	10.000	1.000	0.100	1.000	0.200	60.000	0.000	0.000	0.000	0.000
25.680	31.629	0.000	30.000	1.000	10.000	1.000	0.100	1.000	0.200	60.000	0.000	0.000	0.000	0.000
25.929	31.676	0.000	30.000	1.000	10.000	1.000	0.100	1.000	0.200	60.000	0.000	0.000	0.000	0.000
26.163	31.718	0.000	30.000	1.000	10.000	1.000	0.100	1.000	0.200	60.000	0.000	0.000	0.000	0.000
26.408	31.757	0.000	30.000	1.000	10.000	1.000	0.100	1.000	0.200	60.000	0.000	0.000	0.000	0.000
26.661	31.791	0.000	30.000	1.000	10.000	1.000	0.100	1.000	0.200	60.000	0.000	0.000	0.000	0.000
26.900	31.828	0.000	30.000	1.000	10.000	1.000	0.100	1.000	0.200	60.000	0.000	0.000	0.000	0.000
27.135	31.857	0.000	30.000	1.000	10.000	1.000	0.100	1.000	0.200	60.000	0.000	0.000	0.000	0.000
27.374	31.883	0.000	30.000	1.000	10.000	1.000	0.100	1.000	0.200	60.000	0.000	0.000	0.000	0.000
27.612	31.909	0.000	30.000	1.000	10.000	1.000	0.100	1.000	0.200	60.000	0.000	0.000	0.000	0.000
27.844	31.933	0.000	30.000	1.000	10.000	1.000	0.100	1.000	0.200	60.000	0.000	0.000	0.000	0.000
28.084	31.951	0.000	30.000	1.000	10.000	1.000	0.100	1.000	0.200	60.000	0.000	0.000	0.000	0.000
28.325	31.970	0.000	30.000	1.000	10.000	1.000	0.100	1.000	0.200	60.000	0.000	0.000	0.000	0.000
28.565	31.990	0.000	30.000	1.000	10.000	1.000	0.100	1.000	0.200	60.000	0.000	0.000	0.000	0.000
28.817	32.003	0.000	30.000	1.000	10.000	1.000	0.100	1.000	0.200	60.000	0.000	0.000	0.000	0.000
29.057	32.016	0.000	30.000	1.000	10.000	1.000	0.100	1.000	0.200	60.000	0.000	0.000	0.000	0.000
29.295	32.030	0.000	30.000	1.000	10.000	1.000	0.100	1.000	0.200	60.000	0.000	0.000	0.000	0.000
29.541	32.043	0.000	30.000	1.000	10.000	1.000	0.100	1.000	0.200	60.000	0.000	0.000	0.000	0.000
29.775	32.052	0.000	30.000	1.000	10.000	1.000	0.100	1.000	0.200	60.000	0.000	0.000	0.000	0.000
30.013	32.058	0.000	30.000	1.000	10.000	1.000	0.100	1.000	0.200	60.000	0.000	0.000	0.000	0.000
30.252	32.065	0.000	30.000	1.000	10.000	1.000	0.100	1.000	0.200	60.000	0.000	0.000	0.000	0.000
30.488	32.071	0.000	30.000	1.000	10.000	1.000	0.100	1.000	0.200	60.000	0.000	0.000	0.000	0.000
30.738	32.071	0.000	30.000	1.000	10.000	1.000	0.100	1.000	0.200	60.000	0.000	0.000	0.000	0.000
30.986	32.074	0.000	30.000	1.000	10.000	1.000	0.100	1.000	0.200	60.000	0.000	0.000	0.000	0.000
31.228	32.071	0.000	30.000	1.000	10.000	1.000	0.100	1.000	0.200	60.000	0.000	0.000	0.000	0.000
31.463	32.074	0.001	30.000	1.000	10.000	1.000	0.100	1.000	0.200	60.000	0.000	0.000	0.000	0.000
31.697	32.076	0.000	35.000	1.000	10.000	1.000	0.100	1.000	0.200	60.000	0.000	0.000	0.000	0.000
31.936	32.065	1.000	35.000	1.000	10.000	1.000	0.100	1.000	0.200	60.000	0.000	0.000	0.000	0.000
32.173	32.063	1.001	35.000	1.000	10.000	1.000	0.100	1.000	0.200	60.000	0.000	0.000	0.000	0.000
32.408	32.067	1.001	35.000	1.000	10.000	1.000	0.100	1.000	0.200	60.000	0.000	0.000	0.000	0.000
32.654	32.078	1.000	35.000	1.000	10.000	1.000	0.100	1.000	0.200	60.000	0.000	0.000	0.000	0.000
32.901	32.098	0.997	35.000	1.000	10.000	1.000	0.100	1.000	0.200	60.000	0.000	0.000	0.000	0.000
33.139	32.127	0.993	35.000	1.000	10.000	1.000	0.100	1.000	0.200	60.000	0.000	0.000	0.000	0.000
33.373	32.162	0.989	35.000	1.000	10.000	1.000	0.100	1.000	0.200	60.000	0.000	0.000	0.000	0.000
33.611	32.209	0.986	35.000	1.000	10.000	1.000	0.100	1.000	0.200	60.000	0.000	0.000	0.000	0.000
33.855	32.253	0.982	35.000	1.000	10.000	1.000	0.100	1.000	0.200	60.000	0.000	0.000	0.000	0.000
34.100	32.311	0.983	35.000	1.000	10.000	1.000	0.100	1.000	0.200	60.000	0.000	0.000	0.000	0.000
34.341	32.371	0.978	35.000	1.000	10.000	1.000	0.100	1.000	0.200	60.000	0.000	0.000	0.000	0.000
34.831	32.508	0.973	35.000	1.000	10.000	1.000	0.100	1.000	0.200	60.000	0.000	0.000	0.000	0.000
35.069	32.582	0.974	35.000	1.000	10.000	1.000	0.100	1.000	0.200	60.000	0.000	0.000	0.000	0.000
35.303	32.652	0.970	35.000	1.000	10.000	1.000	0.100	1.000	0.200	60.000	0.000	0.000	0.000	0.000
35.538	32.734	0.971	35.000	1.000	10.000	1.000	0.100	1.000	0.200	60.000	0.000	0.000	0.000	0.000
35.772	32.811	0.966	35.000	1.000	10.000	1.000	0.100	1.000	0.200	60.000	0.000	0.000	0.000	0.000
36.001	32.896	0.968	35.000	1.000	10.000	1.000	0.100	1.000	0.200	60.000	0.000	0.000	0.000	0.000
36.236	32.976	0.965	35.000	1.000	10.000	1.000	0.100	1.000	0.200	60.000	0.000	0.000	0.000	0.000
36.481	33.066	0.967	35.000	1.000	10.000	1.000	0.100	1.000	0.200	60.000	0.000	0.000	0.000	0.000
36.725	33.157	0.965	35.000	1.000	10.000	1.000	0.100	1.000	0.200	60.000	0.000	0.000	0.000	0.000
36.968	33.254	0.964	35.000	1.000	10.000	1.000	0.100	1.000	0.200	60.000	0.000	0.000	0.000	0.000
37.202	33.345	0.961	35.000	1.000	10.000	1.000	0.100	1.000	0.200	60.000	0.000	0.000	0.000	0.000
37.442	33.439	0.962	35.000	1.000	10.000	1.000	0.100	1.000	0.200	60.000	0.000	0.000	0.000	0.000
37.682	33.538	0.962	35.000	1.000	10.000	1.000	0.100	1.000	0.200	60.000	0.000	0.000	0.000	0.000
37.922	33.637	0.960	35.000	1.000	10.000	1.000	0.100	1.000	0.200	60.000	0.000	0.000	0.000	0.000
38.172	33.740	0.960	35.000	1.000	10.000	1.000	0.100	1.000	0.200	60.000	0.000	0.000	0.000	0.000
38.418	33.840	0.960	35.000	1.000	10.000	1.000	0.100	1.000	0.200	60.000	0.000	0.000	0.000	0.000
38.667	33.946	0.960	35.000	1.000	10.000	1.000	0.100	1.000	0.200	60.000	0.000	0.000	0.000	0.000
38.903	34.050	0.959	35.000	1.000	10.000	1.000	0.100	1.000	0.200	60.000	0.000	0.000	0.000	0.000
39.150	34.159	0.957	35.000	1.000	10.000	1.000	0.100	1.000	0.200	60.000	0.000	0.000	0.000	0.000
39.399	34.266	0.957	35.000	1.000	10.000	1.000	0.100	1.000	0.200	60.000	0.000	0.000	0.000	0.000
39.645	34.374	0.958	35.000	1.000	10.000	1.000	0.100	1.000	0.200	60.000	0.000	0.000	0.000	0.000
39.890	34.480	0.958	35.000	1.000	10.000	1.000	0.100	1.000	0.200	60.000	0.000	0.000	0.000	0.000
40.121	34.586	0.958	35.000	1.000	10.000	1.000	0.100	1.000	0.200	60.000	0.000	0.000	0.000	0.000
40.358	34.688	0.878	35.000	1.000	10.000	1.000	0.100	1.000	0.200	60.000	0.000	0.000	0.000	0.000
40.595	34.798	0.787	35.000	1.000	10.000	1.000	0.100	1.000	0.200	60.000	0.000	0.000	0.000	0.000
40.838	34.909	0.678	35.000	1.000	10.000	1.000	0.100	1.000	0.200	60.000	0.000	0.000	0.000	0.000
41.080	35.020	0.570	35.000	1.000	10.000	1.000	0.100	1.000	0.200	60.000	0.243	0.000	0.000	0.000
41.311	35.121	0.458	35.000	1.000	10.000	1.000	0.100	1.000	0.200	60.000	0.485	0.000	0.000	0.000
41.545	35.221	0.356	35.000	1.000	10.000	1.000	0.100	1.000	0.200	60.000	0.000	0.000	0.000	0.000
41.777	35.313	0.253	35.000	1.000	10.000	1.000	0.100	1.000	0.200	60.000	0.000	0.000	0.000	0.000
42.022	35.416	0.156	35.000	1.000	10.000	1.000	0.100	1.000	0.200	60.000	0.000	0.000	0.000	0.000
42.260	35.504	0.040	35.000	1.000	10.000	1.000	0.100	1.000	0.200	60.000	0.000	0.000	0.000	0.000
42.490	35.585	0.000	35.000	1.000	10.000	1.000	0.100	1.000	0.200	60.000	0.000	0.000	0.000	0.000
42.731	35.665	0.000	35.000	1.000	10.000	1.000	0.100	1.000	0.200	60.000	0.000	0.000	0.000	0.000
42.976	35.736	0.000	35.000	1.000	10.000	1.000	0.100	1.000	0.200	60.000	0.000	0.000	0.000	0.000
43.219	35.794	0.000	35.000	1.000	10.000	1.000	0.100	1.000	0.200	60.000	0.000	0.000	0.000	0.000
43.451	35.846	0.000	35.000	1.000	10.000	1.000	0.100	1.000	0.200	60.000	0.000	0.000	0.000	0.000
43.696	35.901	0.000	35.000	1.000	10.000	1.000	0.100	1.000	0.200	60.000	0.000	0.000	0.000	0.000
43.942	35.949	0.000	35.000	1.000	10.000	1.000	0.100	1.000	0.200	60.000	0.000	0.000	0.000	0.000
44.190	35.991	0.000	35.000	1.000	10.000	1.000	0.100	1.000	0.200	60.000	0.000	0.000	0.000	0.000
44.424	36.023	0.000	35.000	1.000	10.000	1.000	0.100	1.000	0.200	60.000	0.000	0.000	0.000	0.000
44.661	36.055	0.000	35.000	1.000	10.000	1.000	0.100	1.000	0.200	60.000	0.000	0.000	0.000	0.000
44.897	36.082	0.000	35.000	1.000	10.000	1.000	0.100	1.000	0.200	60.000	0.000	0.000	0.000	0.000
45.129	36.108	0.000	35.000	1.000	10.000	1.000	0.100	1.000	0.200	60.000	0.000	0.000	0.000	0.000
45.369	36.130	0.000	35.000	1.000	10.000	1.000	0.100	1.000	0.200	60.000	0.000	0.000	0.000	0.000
45.600	36.146	0.000	35.000	1.000	10.000	1.000	0.100	1.000	0.200	60.000	0.000	0.000	0.000	0.000
45.844	36.159	0.000	35.000	1.000	10.000	1.000	0.100	1.000	0.200	60.000	0.000	0.000	0.000	0.000
46.089	36.170	0.000	35.000	1.000	10.000	1.000	0.100	1.000	0.200	60.000	0.000	0.000	0.000	0.000
46.326	36.180	0.000	35.000	1.000	10.000	1.000	0.100	1.000	0.200	60.000	0.000	0.000	0.000	0.000
46.568	36.186	0.000	35.000	1.000	10.000	1.000	0.100	1.000	0.200	60.000	0.000	0.000	0.000	0.000
46.808	36.196	0.000	35.000	1.000	10.000	1.000	0.100	1.000	0.200	60.000	0.000	0.000	0.000	0.000
47.043	36.199	0.000	35.000	1.000	10.000	1.000	0.100	1.000	0.200	60.000	0.000	0.000	0.000	0.000
47.277	36.196	0.000	35.000	1.000	10.000	1.000	0.100	1.000	0.200	60.000	0.000	0.000	0.000	0.000
47.511	36.199	0.001	35.000	1.000	10.000	1.000	0.100	1.000	0.200	60.000	0.000	0.000	0.000	0.000
47.753	36.194	0.000	35.000	1.000	10.000	1.000	0.100	1.000	0.200	60.000	0.000	0.000	0.000	0.000
47.986	36.186	0.002	35.000	1.000	10.000	1.000	0.100	1.000	0.200	60.000	0.000	0.000	0.000	0.000
48.229	36.180	0.003	35.000	1.000	10.000	1.000	0.100	1.000	0.200	60.000	0.000	0.000	0.000	0.000
48.461	36.178	0.002	35.000	1.000	10.000	1.000	0.100	1.000	0.200	60.000	0.000	0.000	0.000	0.000
48.700	36.164	0.001	35.000	1.000	10.000	1.000	0.100	1.000	0.200	60.000	0.000	0.000	0.000	0.000
48.929	36.154	0.006	35.000	1.000	10.000	1.000	0.100	1.000	0.200	60.000	0.000	0.000	0.000	0.000
49.176	36.143	0.005	35.000	1.000	10.000	1.000	0.100	1.000	0.200	60.000	0.000	0.000	0.000	0.000
49.424	36.132	0.004	35.000	1.000	10.000	1.000	0.100	1.000	0.200	60.000	0.000	0.000	0.000	0.000
49.658	36.116	0.004	35.000	1.000	10.000	1.000	0.100	1.000	0.200	60.000	0.000	0.000	0.000	0.000
49.904	36.098	0.007	35.000	1.000	10.000	1.000	0.100	1.000	0.200	60.000	0.000	0.000	0.000	0.000
50.151	36.082	0.008	35.000	1.000	10.000	1.000	0.100	1.000	0.200	60.000	0.000	0.000	0.000	0.000
50.396	36.063	0.007	35.000	1.000	10.000	1.000	0.100	1.000	0.200	60.000	0.000	0.000	0.000	0.000
50.633	36.050	0.008	35.000	1.000	10.000	1.000	0.100	1.000	0.200	60.000	0.000	0.000	0.000	0.000
50.866	36.026	0.006	35.000	1.000	10.000	1.000	0.100	1.000	0.200	60.000	0.000	0.000	0.000	0.000
51.100	36.010	0.010	35.000	1.000	10.000	1.000	0.100	1.000	0.200	60.000	0.000	0.000	0.000	0.000
51.331	35.981	0.007	35.000	1.000	10.000	1.000	0.100	1.000	0.200	60.000	0.000	0.000	0.000	0.000
51.563	35.954	0.013	35.000	1.000	10.000	1.000	0.100	1.000	0.200	60.000	0.000	0.000	0.000	0.000
51.811	35.933	0.011	35.000	1.000	10.000	1.000	0.100	1.000	0.200	60.000	0.000	0.000	0.000	0.000
52.057	35.912	0.009	35.000	1.000	10.000	1.000	0.100	1.000	0.200	60.000	0.000	0.000	0.000	0.000
52.297	35.883	0.009	35.000	1.000	10.000	1.000	0.100	1.000	0.200	60.000	0.000	0.000	0.000	0.000
52.535	35.859	0.012	35.000	1.000	10.000	1.000	0.100	1.000	0.200	60.000	0.000	0.000	0.000	0.000
52.766	35.828	0.010	35.000	1.000	10.000	1.000	0.100	1.000	0.200	60.000	0.000	0.000	0.000	0.000
53.011	35.807	0.014	35.000	1.000	10.000	1.000	0.100	1.000	0.200	60.000	0.000	0.000	0.000	0.000
53.248	35.780	0.009	35.000	1.000	10.000	1.000	0.100	1.000	0.200	60.000	0.000	0.000	0.000	0.000
53.495	35.752	0.011	35.000	1.000	10.000	1.000	0.100	1.000	0.200	60.000	0.000	0.000	0.000	0.000
53.733	35.723	0.012	35.000	1.000	10.000	1.000	0.100	1.000	0.200	60.000	0.000	0.000	0.000	0.000
53.976	35.697	0.012	35.000	1.000	10.000	1.000	0.100	1.000	0.200	60.000	0.000	0.000	0.000	0.000
54.209	35.663	0.011	35.000	1.000	10.000	1.000	0.100	1.000	0.200	60.000	0.000	0.000	0.000	0.000
54.447	35.629	0.015	35.000	1.000	10.000	1.000	0.100	1.000	0.200	60.000	0.000	0.000	0.000	0.000
54.690	35.598	0.014	35.000	1.000	10.000	1.000	0.100	1.000	0.200	60.000	0.000	0.000	0.000	0.000
54.935	35.564	0.013	35.000	1.000	10.000	1.000	0.100	1.000	0.200	60.000	0.000	0.000	0.000	0.000
55.180	35.533	0.014	35.000	1.000	10.000	1.000	0.100	1.000	0.200	60.000	0.000	0.000	0.000	0.000
55.416	35.499	0.013	35.000	1.000	10.000	1.000	0.100	1.000	0.200	60.000	0.000	0.000	0.000	0.000
55.652	35.470	0.004	35.000	1.000	10.000	1.000	0.100	1.000	0.200	60.000	0.000	0.000	0.000	0.000
55.885	35.432	0.019	35.000	1.000	10.000	1.000	0.100	1.000	0.200	60.000	0.000	0.000	0.000	0.000
56.130	35.398	0.052	35.000	1.000	10.000	1.000	0.100	1.000	0.200	60.000	0.000	0.000	0.000	0.000
56.368	35.365	0.073	35.000	1.000	10.000	1.000	0.100	1.000	0.200	60.000	0.000	0.000	0.000	0.000
56.614	35.326	0.098	35.000	1.000	10.000	1.000	0.100	1.000	0.200	60.000	0.000	0.000	0.000	0.000
56.853	35.293	0.131	35.000	1.000	10.000	1.000	0.100	1.000	0.200	60.000	0.000	0.000	0.000	0.000
57.092	35.259	0.155	35.000	1.000	10.000	1.000	0.100	1.000	0.200	60.000	0.000	0.000	0.000	0.000
57.325	35.229	0.182	35.000	1.000	10.000	1.000	0.100	1.000	0.200	60.000	0.000	0.000	0.000	0.000
57.557	35.195	0.207	35.000	1.000	10.000	1.000	0.100	1.000	0.200	60.000	0.000	0.000	0.000	0.000
57.792	35.162	0.237	35.000	1.000	10.000	1.000	0.100	1.000	0.200	60.000	0.000	0.000	0.000	0.000
58.040	35.132	0.266	35.000	1.000	10.000	1.000	0.100	1.000	0.200	60.000	0.000	0.000	0.000	0.000
58.280	35.104	0.292	35.000	1.000	10.000	1.000	0.100	1.000	0.200	60.000	0.000	0.000	0.000	0.000
58.521	35.078	0.317	35.000	1.000	10.000	1.000	0.100	1.000	0.200	60.000	0.000	0.000	0.000	0.000
59.011	35.028	0.363	35.000	1.000	10.000	1.000	0.100	1.000	0.200	60.000	0.483	0.000	0.000	0.000
59.258	35.005	0.387	35.000	1.000	10.000	1.000	0.100	1.000	0.200	60.000	0.731	0.000	0.000	0.000
59.503	34.992	0.409	35.000	1.000	10.000	1.000	0.100	1.000	0.200	60.000	0.978	0.000	0.000	0.000
59.735	34.969	0.418	35.000	1.000	10.000	1.000	0.100	1.000	0.200	60.000	1.223	0.000	0.000	0.000
59.967	34.957	0.446	35.000	1.000	10.000	1.000	0.100	1.000	0.200	60.000	1.455	0.000	0.000	0.000
60.211	34.944	0.455	35.000	1.000	10.000	1.000	0.100	1.000	0.200	60.000	1.687	0.000	0.000	0.000
60.460	34.939	0.469	35.000	1.000	10.000	1.000	0.100	1.000	0.200	60.000	1.931	0.000	0.000	0.000
60.704	34.926	0.473	35.000	1.000	10.000	1.000	0.100	1.000	0.200	60.000	2.180	0.000	0.000	0.000
60.950	34.921	0.490	35.000	1.000	10.000	1.000	0.100	1.000	0.200	60.000	2.424	0.000	0.000	0.000
61.182	34.916	0.494	35.000	1.000	10.000	1.000	0.100	1.000	0.200	60.000	2.670	0.000	0.000	0.000
61.426	34.921	0.501	35.000	1.000	10.000	1.000	0.100	1.000	0.200	60.000	2.902	0.000	0.000	0.000
61.658	34.921	0.494	35.000	1.000	10.000	1.000	0.100	1.000	0.200	60.000	3.146	0.000	0.000	0.000
61.886	34.924	0.498	35.000	1.000	10.000	1.000	0.100	1.000	0.200	60.000	3.378	0.000	0.000	0.000
62.114	34.931	0.496	35.000	1.000	10.000	1.000	0.100	1.000	0.200	60.000	3.606	0.000	0.000	0.000
62.347	34.939	0.488	35.000	1.000	10.000	1.000	0.100	1.000	0.200	60.000	3.834	0.000	0.000	0.000
62.578	34.947	0.481	35.000	1.000	10.000	1.000	0.100	1.000	0.200	60.000	4.067	0.000	0.000	0.000
62.807	34.954	0.475	35.000	1.000	10.000	1.000	0.100	1.000	0.200	60.000	4.298	0.000	0.000	0.000
63.053	34.967	0.469	35.000	1.000	10.000	1.000	0.100	1.000	0.200	60.000	4.527	0.000	0.000	0.000
63.299	34.982	0.455	35.000	1.000	10.000	1.000	0.100	1.000	0.200	60.000	4.773	0.000	0.000	0.000
63.544	34.995	0.439	35.000	1.000	10.000	1.000	0.100	1.000	0.200	60.000	5.019	0.000	0.000	0.000
63.787	35.005	0.428	35.000	1.000	10.000	1.000	0.100	1.000	0.200	60.000	5.264	0.000	0.000	0.000
64.026	35.017	0.418	35.000	1.000	10.000	1.000	0.100	1.000	0.200	60.000	5.507	0.000	0.000	0.000
64.271	35.035	0.404	35.000	1.000	10.000	1.000	0.100	1.000	0.200	60.000	5.746	0.000	0.000	0.000
64.508	35.055	0.384	35.000	1.000	10.000	1.000	0.100	1.000	0.200	60.000	5.991	0.000	0.000	0.000
64.755	35.063	0.360	35.000	1.000	10.000	1.000	0.100	1.000	0.200	60.000	6.228	0.000	0.000	0.000
64.993	35.078	0.357	35.000	1.000	10.000	1.000	0.100	1.000	0.200	60.000	6.475	0.000	0.000	0.000
65.226	35.096	0.336	35.000	1.000	10.000	1.000	0.100	1.000	0.200	60.000	6.713	0.000	0.000	0.000
65.459	35.114	0.315	35.000	1.000	10.000	1.000	0.100	1.000	0.200	60.000	6.946	0.000	0.000	0.000
65.695	35.124	0.295	35.000	1.000	10.000	1.000	0.100	1.000	0.200	60.000	0.000	0.000	0.000	0.000
65.935	35.142	0.285	35.000	1.000	10.000	1.000	0.100	1.000	0.200	60.000	0.000	0.000	0.000	0.000
66.174	35.150	0.260	35.000	1.000	10.000	1.000	0.100	1.000	0.200	60.000	0.000	0.000	0.000	0.000
66.411	35.160	0.253	35.000	1.000	10.000	1.000	0.100	1.000	0.200	60.000	0.000	0.000	0.000	0.000
66.647	35.172	0.238	35.000	1.000	10.000	1.000	0.100	1.000	0.200	60.000	0.000	0.000	0.000	0.000
66.880	35.183	0.220	35.000	1.000	10.000	1.000	0.100	1.000	0.200	60.000	0.000	0.000	0.000	0.000
67.119	35.188	0.207	35.000	1.000	10.000	1.000	0.100	1.000	0.200	60.000	0.000	0.000	0.000	0.000
67.363	35.201	0.200	35.000	1.000	10.000	1.000	0.100	1.000	0.200	60.000	0.000	0.000	0.000	0.000
67.604	35.203	0.179	35.000	1.000	10.000	1.000	0.100	1.000	0.200	60.000	0.000	0.000	0.000	0.000
67.836	35.208	0.176	35.000	1.000	10.000	1.000	0.100	1.000	0.200	60.000	0.000	0.000	0.000	0.000
68.080	35.211	0.164	35.000	1.000	10.000	1.000	0.100	1.000	0.200	60.000	0.000	0.000	0.000	0.000
68.311	35.213	0.158	35.000	1.000	10.000	1.000	0.100	1.000	0.200	60.000	0.000	0.000	0.000	0.000
68.543	35.213	0.150	35.000	1.000	10.000	1.000	0.100	1.000	0.200	60.000	0.000	0.000	0.000	0.000
68.786	35.213	0.147	35.000	1.000	10.000	1.000	0.100	1.000	0.200	60.000	0.000	0.000	0.000	0.000
69.019	35.211	0.141	35.000	1.000	10.000	1.000	0.100	1.000	0.200	60.000	0.000	0.000	0.000	0.000
69.263	35.211	0.140	35.000	1.000	10.000	1.000	0.100	1.000	0.200	60.000	0.000	0.000	0.000	0.000
69.501	35.203	0.134	35.000	1.000	10.000	1.000	0.100	1.000	0.200	60.000	0.000	0.000	0.000	0.000
69.745	35.203	0.140	35.000	1.000	10.000	1.000	0.100	1.000	0.200	60.000	0.000	0.000	0.000	0.000
69.981	35.193	0.132	35.000	1.000	10.000	1.000	0.100	1.000	0.200	60.000	0.000	0.000	0.000	0.000
70.213	35.188	0.142	35.000	1.000	10.000	1.000	0.100	1.000	0.200	60.000	0.000	0.000	0.000	0.000
70.451	35.175	0.140	35.000	1.000	10.000	1.000	0.100	1.000	0.200	60.000	0.000	0.000	0.000	0.000
70.688	35.167	0.152	35.000	1.000	10.000	1.000	0.100	1.000	0.200	60.000	0.000	0.000	0.000	0.000
70.937	35.157	0.154	35.000	1.000	10.000	1.000	0.100	1.000	0.200	60.000	0.000	0.000	0.000	0.000
71.185	35.150	0.161	35.000	1.000	10.000	1.000	0.100	1.000	0.200	60.000	0.000	0.000	0.000	0.000
71.427	35.139	0.164	35.000	1.000	10.000	1.000	0.100	1.000	0.200	60.000	0.000	0.000	0.000	0.000
71.669	35.129	0.172	35.000	1.000	10.000	1.000	0.100	1.000	0.200	60.000	0.000	0.000	0.000	0.000
71.913	35.114	0.179	35.000	1.000	10.000	1.000	0.100	1.000	0.200	60.000	0.000	0.000	0.000	0.000
72.145	35.104	0.193	35.000	1.000	10.000	1.000	0.100	1.000	0.200	60.000	0.000	0.000	0.000	0.000
72.381	35.091	0.199	35.000	1.000	10.000	1.000	0.100	1.000	0.200	60.000	0.000	0.000	0.000	0.000
72.626	35.081	0.211	35.000	1.000	10.000	1.000	0.100	1.000	0.200	60.000	0.236	0.000	0.000	0.000
72.870	35.066	0.218	35.000	1.000	10.000	1.000	0.100	1.000	0.200	60.000	0.481	0.000	0.000	0.000
73.118	35.050	0.234	35.000	1.000	10.000	1.000	0.100	1.000	0.200	60.000	0.725	0.000	0.000	0.000
73.364	35.045	0.247	35.000	1.000	10.000	1.000	0.100	1.000	0.200	60.000	0.973	0.000	0.000	0.000
73.598	35.033	0.247	35.000	1.000	10.000	1.000	0.100	1.000	0.200	60.000	1.219	0.000	0.000	0.000
73.833	35.020	0.262	35.000	1.000	10.000	1.000	0.100	1.000	0.200	60.000	1.453	0.000	0.000	0.000
74.065	35.010	0.275	35.000	1.000	10.000	1.000	0.100	1.000	0.200	60.000	1.688	0.000	0.000	0.000
74.305	35.000	0.284	35.000	1.000	10.000	1.000	0.100	1.000	0.200	60.000	1.920	0.000	0.000	0.000
74.536	34.992	0.294	35.000	1.000	10.000	1.000	0.100	1.000	0.200	60.000	2.160	0.000	0.000	0.000
74.768	34.987	0.300	35.000	1.000	10.000	1.000	0.100	1.000	0.200	60.000	2.391	0.000	0.000	0.000
75.003	34.979	0.305	35.000	1.000	10.000	1.000	0.100	1.000	0.200	60.000	2.623	0.000	0.000	0.000
75.342	34.967	0.314	35.000	1.000	10.000	1.000	0.100	1.000	0.200	60.000	2.858	0.000	0.000	0.000
75.686	34.964	0.328	35.000	1.000	10.000	1.000	0.100	1.000	0.200	60.000	3.197	0.000	0.000	0.000
76.025	34.954	0.329	35.000	1.000	10.000	1.000	0.100	1.000	0.200	60.000	3.541	0.000	0.000	0.000
76.381	34.949	0.343	35.000	1.000	10.000	1.000	0.100	1.000	0.200	60.000	3.880	0.000	0.000	0.000
76.739	34.944	0.348	35.000	1.000	10.000	1.000	0.100	1.000	0.200	60.000	4.236	0.000	0.000	0.000
77.071	34.949	0.355	35.000	1.000	10.000	1.000	0.100	1.000	0.200	60.000	4.594	0.000	0.000	0.000
77.409	34.944	0.349	35.000	1.000	10.000	1.000	0.100	1.000	0.200	60.000	4.926	0.000	0.000	0.000
77.760	34.954	0.359	35.000	1.000	10.000	1.000	0.100	1.000	0.200	60.000	5.264	0.000	0.000	0.000
78.090	34.952	0.346	35.000	1.000	10.000	1.000	0.100	1.000	0.200	60.000	5.615	0.000	0.000	0.000
78.430	34.954	0.354	35.000	1.000	10.000	1.000	0.100	1.000	0.200	60.000	5.945	0.000	0.000	0.000
78.772	34.959	0.351	35.000	1.000	10.000	1.000	0.100	1.000	0.200	60.000	6.285	0.000	0.000	0.000
79.113	34.967	0.347	40.000	1.000	10.000	1.000	0.100	1.000	0.200	60.000	6.627	0.000	0.000	0.000
79.349	34.972	0.978	40.000	1.000	10.000	1.000	0.100	1.000	0.200	60.000	0.000	0.000	0.000	0.000
79.595	34.979	0.999	40.000	1.000	10.000	1.000	0.100	1.000	0.200	60.000	0.000	0.000	0.000	0.000
79.829	34.990	0.998	40.000	1.000	10.000	1.000	0.100	1.000	0.200	60.000	0.000	0.000	0.000	0.000
80.071	35.007	0.997	40.000	1.000	10.000	1.000	0.100	1.000	0.200	60.000	0.000	0.000	0.000	0.000
80.308	35.028	0.994	40.000	1.000	10.000	1.000	0.100	1.000	0.200	60.000	0.000	0.000	0.000	0.000
80.548	35.058	0.993	40.000	1.000	10.000	1.000	0.100	1.000	0.200	60.000	0.000	0.000	0.000	0.000
80.777	35.091	0.989	40.000	1.000	10.000	1.000	0.100	1.000	0.200	60.000	0.000	0.000	0.000	0.000
81.011	35.132	0.987	40.000	1.000	10.000	1.000	0.100	1.000	0.200	60.000	0.000	0.000	0.000	0.000
81.239	35.170	0.984	40.000	1.000	10.000	1.000	0.100	1.000	0.200	60.000	0.000	0.000	0.000	0.000
81.468	35.218	0.985	40.000	1.000	10.000	1.000	0.100	1.000	0.200	60.000	0.000	0.000	0.000	0.000
81.714	35.275	0.980	40.000	1.000	10.000	1.000	0.100	1.000	0.200	60.000	0.000	0.000	0.000	0.000
81.954	35.331	0.978	40.000	1.000	10.000	1.000	0.100	1.000	0.200	60.000	0.000	0.000	0.000	0.000
82.194	35.390	0.978	40.000	1.000	10.000	1.000	0.100	1.000	0.200	60.000	0.000	0.000	0.000	0.000
82.440	35.460	0.977	40.000	1.000	10.000	1.000	0.100	1.000	0.200	60.000	0.000	0.000	0.000	0.000
82.674	35.520	0.973	40.000	1.000	10.000	1.000	0.100	1.000	0.200	60.000	0.000	0.000	0.000	0.000
82.907	35.587	0.976	40.000	1.000	10.000	1.000	0.100	1.000	0.200	60.000	0.000	0.000	0.000	0.000
83.136	35.655	0.972	40.000	1.000	10.000	1.000	0.100	1.000	0.200	60.000	0.000	0.000	0.000	0.000
83.368	35.725	0.972	40.000	1.000	10.000	1.000	0.100	1.000	0.200	60.000	0.000	0.000	0.000	0.000
83.602	35.799	0.971	40.000	1.000	10.000	1.000	0.100	1.000	0.200	60.000	0.000	0.000	0.000	0.000
83.848	35.878	0.970	40.000	1.000	10.000	1.000	0.100	1.000	0.200	60.000	0.000	0.000	0.000	0.000
84.330	36.037	0.969	40.000	1.000	10.000	1.000	0.100	1.000	0.200	60.000	0.000	0.000	0.000	0.000
84.564	36.116	0.968	40.000	1.000	10.000	1.000	0.100	1.000	0.200	60.000	0.000	0.000	0.000	0.000
84.793	36.196	0.967	40.000	1.000	10.000	1.000	0.100	1.000	0.200	60.000	0.000	0.000	0.000	0.000
85.023	36.280	0.966	40.000	1.000	10.000	1.000	0.100	1.000	0.200	60.000	0.000	0.000	0.000	0.000
85.264	36.363	0.965	40.000	1.000	10.000	1.000	0.100	1.000	0.200	60.000	0.000	0.000	0.000	0.000
85.505	36.444	0.967	40.000	1.000	10.000	1.000	0.100	1.000	0.200	60.000	0.000	0.000	0.000	0.000
85.738	36.536	0.968	40.000	1.000	10.000	1.000	0.100	1.000	0.200	60.000	0.000	0.000	0.000	0.000
85.974	36.623	0.962	40.000	1.000	10.000	1.000	0.100	1.000	0.200	60.000	0.000	0.000	0.000	0.000
86.209	36.714	0.964	40.000	1.000	10.000	1.000	0.100	1.000	0.200	60.000	0.000	0.000	0.000	0.000
86.440	36.802	0.963	40.000	1.000	10.000	1.000	0.100	1.000	0.200	60.000	0.000	0.000	0.000	0.000
86.671	36.887	0.963	40.000	1.000	10.000	1.000	0.100	1.000	0.200	60.000	0.000	0.000	0.000	0.000
86.907	36.978	0.964	40.000	1.000	10.000	1.000	0.100	1.000	0.200	60.000	0.000	0.000	0.000	0.000
87.145	37.073	0.963	40.000	1.000	10.000	1.000	0.100	1.000	0.200	60.000	0.000	0.000	0.000	0.000
87.379	37.165	0.962	40.000	1.000	10.000	1.000	0.100	1.000	0.200	60.000	0.000	0.000	0.000	0.000
87.612	37.258	0.962	40.000	1.000	10.000	1.000	0.100	1.000	0.200	60.000	0.000	0.000	0.000	0.000
87.849	37.351	0.962	40.000	1.000	10.000	1.000	0.100	1.000	0.200	60.000	0.000	0.000	0.000	0.000
88.082	37.444	0.962	40.000	1.000	10.000	1.000	0.100	1.000	0.200	60.000	0.000	0.000	0.000	0.000
88.323	37.541	0.961	40.000	1.000	10.000	1.000	0.100	1.000	0.200	60.000	0.000	0.000	0.000	0.000
88.570	37.644	0.961	40.000	1.000	10.000	1.000	0.100	1.000	0.200	60.000	0.000	0.000	0.000	0.000
88.814	37.744	0.960	40.000	1.000	10.000	1.000	0.100	1.000	0.200	60.000	0.000	0.000	0.000	0.000
89.061	37.845	0.960	40.000	1.000	10.000	1.000	0.100	1.000	0.200	60.000	0.000	0.000	0.000	0.000
89.295	37.943	0.961	40.000	1.000	10.000	1.000	0.100	1.000	0.200	60.000	0.000	0.000	0.000	0.000
89.545	38.039	0.959	40.000	1.000	10.000	1.000	0.100	1.000	0.200	60.000	0.000	0.000	0.000	0.000
89.785	38.144	0.963	40.000	1.000	10.000	1.000	0.100	1.000	0.200	60.000	0.000	0.000	0.000	0.000
90.018	38.244	0.958	40.000	1.000	10.000	1.000	0.100	1.000	0.200	60.000	0.000	0.000	0.000	0.000
90.261	38.344	0.958	40.000	1.000	10.000	1.000	0.100	1.000	0.200	60.000	0.000	0.000	0.000	0.000
90.490	38.439	0.960	40.000	1.000	10.000	1.000	0.100	1.000	0.200	60.000	0.000	0.000	0.000	0.000
90.735	38.540	0.960	40.000	1.000	10.000	1.000	0.100	1.000	0.200	60.000	0.000	0.000	0.000	0.000
90.973	38.645	0.960	40.000	1.000	10.000	1.000	0.100	1.000	0.200	60.000	0.000	0.000	0.000	0.000
91.219	38.744	0.957	40.000	1.000	10.000	1.000	0.100	1.000	0.200	60.000	0.000	0.000	0.000	0.000
91.456	38.850	0.961	40.000	1.000	10.000	1.000	0.100	1.000	0.200	60.000	0.000	0.000	0.000	0.000
91.698	38.947	0.957	40.000	1.000	10.000	1.000	0.100	1.000	0.200	60.000	0.000	0.000	0.000	0.000
91.933	39.053	0.961	40.000	1.000	10.000	1.000	0.100	1.000	0.200	60.000	0.000	0.000	0.000	0.000
92.165	39.151	0.956	40.000	1.000	10.000	1.000	0.100	1.000	0.200	60.000	0.000	0.000	0.000	0.000
92.398	39.247	0.959	40.000	1.000	10.000	1.000	0.100	1.000	0.200	60.000	0.000	0.000	0.000	0.000
92.642	39.358	0.960	40.000	1.000	10.000	1.000	0.100	1.000	0.200	60.000	0.000	0.000	0.000	0.000
92.875	39.454	0.956	40.000	1.000	10.000	1.000	0.100	1.000	0.200	60.000	0.000	0.000	0.000	0.000
93.115	39.560	0.960	40.000	1.000	10.000	1.000	0.100	1.000	0.200	60.000	0.000	0.000	0.000	0.000
93.361	39.664	0.908	40.000	1.000	10.000	1.000	0.100	1.000	0.200	60.000	0.000	0.000	0.000	0.000
93.595	39.767	0.814	40.000	1.000	10.000	1.000	0.100	1.000	0.200	60.000	0.000	0.000	0.000	0.000
93.838	39.865	0.714	40.000	1.000	10.000	1.000	0.100	1.000	0.200	60.000	0.000	0.000	0.000	0.000
94.081	39.970	0.623	40.000	1.000	10.000	1.000	0.100	1.000	0.200	60.000	0.000	0.000	0.000	0.000
94.316	40.069	0.516	40.000	1.000	10.000	1.000	0.100	1.000	0.200	60.000	0.243	0.000	0.000	0.000
94.546	40.169	0.416	40.000	1.000	10.000	1.000	0.100	1.000	0.200	60.000	0.478	0.000	0.000	0.000
94.789	40.259	0.311	40.000	1.000	10.000	1.000	0.100	1.000	0.200	60.000	0.000	0.000	0.000	0.000
95.032	40.349	0.221	40.000	1.000	10.000	1.000	0.100	1.000	0.200	60.000	0.000	0.000	0.000	0.000
95.278	40.444	0.122	40.000	1.000	10.000	1.000	0.100	1.000	0.200	60.000	0.000	0.000	0.000	0.000
95.515	40.525	0.015	40.000	1.000	10.000	1.000	0.100	1.000	0.200	60.000	0.000	0.000	0.000	0.000
95.759	40.597	0.000	40.000	1.000	10.000	1.000	0.100	1.000	0.200	60.000	0.000	0.000	0.000	0.000
96.003	40.663	0.000	40.000	1.000	10.000	1.000	0.100	1.000	0.200	60.000	0.000	0.000	0.000	0.000
96.245	40.722	0.000	40.000	1.000	10.000	1.000	0.100	1.000	0.200	60.000	0.000	0.000	0.000	0.000
96.478	40.771	0.000	40.000	1.000	10.000	1.000	0.100	1.000	0.200	60.000	0.000	0.000	0.000	0.000
96.707	40.814	0.000	40.000	1.000	10.000	1.000	0.100	1.000	0.200	60.000	0.000	0.000	0.000	0.000
96.954	40.854	0.000	40.000	1.000	10.000	1.000	0.100	1.000	0.200	60.000	0.000	0.000	0.000	0.000
97.188	40.887	0.000	40.000	1.000	10.000	1.000	0.100	1.000	0.200	60.000	0.000	0.000	0.000	0.000
97.422	40.917	0.000	40.000	1.000	10.000	1.000	0.100	1.000	0.200	60.000	0.000	0.000	0.000	0.000
97.666	40.944	0.000	40.000	1.000	10.000	1.000	0.100	1.000	0.200	60.000	0.000	0.000	0.000	0.000
97.917	40.967	0.000	40.000	1.000	10.000	1.000	0.100	1.000	0.200	60.000	0.000	0.000	0.000	0.000
98.164	40.987	0.000	40.000	1.000	10.000	1.000	0.100	1.000	0.200	60.000	0.000	0.000	0.000	0.000
98.407	40.994	0.000	40.000	1.000	10.000	1.000	0.100	1.000	0.200	60.000	0.000	0.000	0.000	0.000
98.642	41.011	0.000	40.000	1.000	10.000	1.000	0.100	1.000	0.200	60.000	0.000	0.000	0.000	0.000
98.886	41.014	0.000	40.000	1.000	10.000	1.000	0.100	1.000	0.200	60.000	0.000	0.000	0.000	0.000
99.133	41.011	0.000	40.000	1.000	10.000	1.000	0.100	1.000	0.200	60.000	0.000	0.000	0.000	0.000
99.379	41.021	0.001	40.000	1.000	10.000	1.000	0.100	1.000	0.200	60.000	0.000	0.000	0.000	0.000
99.625	41.011	0.000	40.000	1.000	10.000	1.000	0.100	1.000	0.200	60.000	0.000	0.000	0.000	0.000
99.868	41.007	0.004	40.000	1.000	10.000	1.000	0.100	1.000	0.200	60.000	0.000	0.000	0.000	0.000
100.113	41.004	0.001	40.000	1.000	10.000	1.000	0.100	1.000	0.200	60.000	0.000	0.000	0.000	0.000
100.356	40.991	0.001	40.000	1.000	10.000	1.000	0.100	1.000	0.200	60.000	0.000	0.000	0.000	0.000
100.589	40.984	0.006	40.000	1.000	10.000	1.000	0.100	1.000	0.200	60.000	0.000	0.000	0.000	0.000
100.823	40.964	0.003	40.000	1.000	10.000	1.000	0.100	1.000	0.200	60.000	0.000	0.000	0.000	0.000
101.052	40.951	0.009	40.000	1.000	10.000	1.000	0.100	1.000	0.200	60.000	0.000	0.000	0.000	0.000
101.296	40.931	0.006	40.000	1.000	10.000	1.000	0.100	1.000	0.200	60.000	0.000	0.000	0.000	0.000
101.540	40.914	0.008	40.000	1.000	10.000	1.000	0.100	1.000	0.200	60.000	0.000	0.000	0.000	0.000
101.778	40.887	0.007	40.000	1.000	10.000	1.000	0.100	1.000	0.200	60.000	0.000	0.000	0.000	0.000
102.018	40.871	0.011	40.000	1.000	10.000	1.000	0.100	1.000	0.200	60.000	0.000	0.000	0.000	0.000
102.249	40.851	0.007	40.000	1.000	10.000	1.000	0.100	1.000	0.200	60.000	0.000	0.000	0.000	0.000
102.480	40.824	0.009	40.000	1.000	10.000	1.000	0.100	1.000	0.200	60.000	0.000	0.000	0.000	0.000
102.709	40.798	0.012	40.000	1.000	10.000	1.000	0.100	1.000	0.200	60.000	0.000	0.000	0.000	0.000
102.942	40.771	0.012	40.000	1.000	10.000	1.000	0.100	1.000	0.200	60.000	0.000	0.000	0.000	0.000
103.186	40.745	0.011	40.000	1.000	10.000	1.000	0.100	1.000	0.200	60.000	0.000	0.000	0.000	0.000
103.426	40.715	0.011	40.000	1.000	10.000	1.000	0.100	1.000	0.200	60.000	0.000	0.000	0.000	0.000
103.665	40.686	0.012	40.000	1.000	10.000	1.000	0.100	1.000	0.200	60.000	0.000	0.000	0.000	0.000
103.910	40.653	0.012	40.000	1.000	10.000	1.000	0.100	1.000	0.200	60.000	0.000	0.000	0.000	0.000
104.142	40.617	0.013	40.000	1.000	10.000	1.000	0.100	1.000	0.200	60.000	0.000	0.000	0.000	0.000
104.374	40.591	0.016	40.000	1.000	10.000	1.000	0.100	1.000	0.200	60.000	0.000	0.000	0.000	0.000
104.608	40.548	0.011	40.000	1.000	10.000	1.000	0.100	1.000	0.200	60.000	0.000	0.000	0.000	0.000
104.840	40.512	0.018	40.000	1.000	10.000	1.000	0.100	1.000	0.200	60.000	0.000	0.000	0.000	0.000
105.080	40.483	0.016	40.000	1.000	10.000	1.000	0.100	1.000	0.200	60.000	0.000	0.000	0.000	0.000
105.324	40.440	0.018	40.000	1.000	10.000	1.000	0.100	1.000	0.200	60.000	0.000	0.000	0.000	0.000
105.569	40.398	0.055	40.000	1.000	10.000	1.000	0.100	1.000	0.200	60.000	0.000	0.000	0.000	0.000
105.803	40.362	0.087	40.000	1.000	10.000	1.000	0.100	1.000	0.200	60.000	0.000	0.000	0.000	0.000
106.042	40.320	0.113	40.000	1.000	10.000	1.000	0.100	1.000	0.200	60.000	0.000	0.000	0.000	0.000
106.271	40.288	0.149	40.000	1.000	10.000	1.000	0.100	1.000	0.200	60.000	0.000	0.000	0.000	0.000
106.517	40.246	0.172	40.000	1.000	10.000	1.000	0.100	1.000	0.200	60.000	0.000	0.000	0.000	0.000
106.759	40.207	0.211	40.000	1.000	10.000	1.000	0.100	1.000	0.200	60.000	0.000	0.000	0.000	0.000
106.990	40.169	0.243	40.000	1.000	10.000	1.000	0.100	1.000	0.200	60.000	0.000	0.000	0.000	0.000
107.220	40.130	0.279	40.000	1.000	10.000	1.000	0.100	1.000	0.200	60.000	0.000	0.000	0.000	0.000
107.454	40.098	0.314	40.000	1.000	10.000	1.000	0.100	1.000	0.200	60.000	0.000	0.000	0.000	0.000
107.801	40.050	0.341	40.000	1.000	10.000	1.000	0.100	1.000	0.200	60.000	0.234	0.000	0.000	0.000
108.165	39.999	0.388	40.000	1.000	10.000	1.000	0.100	1.000	0.200	60.000	0.581	0.000	0.000	0.000
108.875	39.926	0.484	40.000	1.000	10.000	1.000	0.100	1.000	0.200	60.000	1.298	0.000	0.000	0.000
109.234	39.891	0.511	40.000	1.000	10.000	1.000	0.100	1.000	0.200	60.000	1.655	0.000	0.000	0.000
109.571	39.862	0.551	40.000	1.000	10.000	1.000	0.100	1.000	0.200	60.000	0.000	0.000	0.000	0.000
109.905	39.846	0.583	40.000	1.000	10.000	1.000	0.100	1.000	0.200	60.000	0.000	0.000	0.000	0.000
110.256	39.834	0.600	40.000	1.000	10.000	1.000	0.100	1.000	0.200	60.000	0.000	0.000	0.000	0.000
110.586	39.818	0.618	40.000	1.000	10.000	1.000	0.100	1.000	0.200	60.000	0.000	0.000	0.000	0.000
110.940	39.821	0.641	40.000	1.000	10.000	1.000	0.100	1.000	0.200	60.000	0.000	0.000	0.000	0.000
111.267	39.821	0.638	40.000	1.000	10.000	1.000	0.100	1.000	0.200	60.000	0.000	0.000	0.000	0.000
111.608	39.834	0.645	45.000	1.000	10.000	1.000	0.100	1.000	0.200	60.000	0.000	0.000	0.000	0.000
111.852	39.837	1.001	45.000	1.000	10.000	1.000	0.100	1.000	0.200	60.000	0.000	0.000	0.000	0.000
112.081	39.846	1.000	45.000	1.000	10.000	1.000	0.100	1.000	0.200	60.000	0.000	0.000	0.000	0.000
112.319	39.862	0.997	45.000	1.000	10.000	1.000	0.100	1.000	0.200	60.000	0.000	0.000	0.000	0.000
112.561	39.881	0.995	45.000	1.000	10.000	1.000	0.100	1.000	0.200	60.000	0.000	0.000	0.000	0.000
112.806	39.907	0.993	45.000	1.000	10.000	1.000	0.100	1.000	0.200	60.000	0.000	0.000	0.000	0.000
113.052	39.935	0.991	45.000	1.000	10.000	1.000	0.100	1.000	0.200	60.000	0.000	0.000	0.000	0.000
113.297	39.967	0.990	45.000	1.000	10.000	1.000	0.100	1.000	0.200	60.000	0.000	0.000	0.000	0.000
113.546	40.005	0.989	45.000	1.000	10.000	1.000	0.100	1.000	0.200	60.000	0.000	0.000	0.000	0.000
113.783	40.050	0.986	45.000	1.000	10.000	1.000	0.100	1.000	0.200	60.000	0.000	0.000	0.000	0.000
114.027	40.098	0.982	45.000	1.000	10.000	1.000	0.100	1.000	0.200	60.000	0.000	0.000	0.000	0.000
114.267	40.146	0.982	45.000	1.000	10.000	1.000	0.100	1.000	0.200	60.000	0.000	0.000	0.000	0.000
114.512	40.191	0.981	45.000	1.000	10.000	1.000	0.100	1.000	0.200	60.000	0.000	0.000	0.000	0.000
114.749	40.252	0.983	45.000	1.000	10.000	1.000	0.100	1.000	0.200	60.000	0.000	0.000	0.000	0.000
114.991	40.304	0.976	45.000	1.000	10.000	1.000	0.100	1.000	0.200	60.000	0.000	0.000	0.000	0.000
115.226	40.366	0.980	45.000	1.000	10.000	1.000	0.100	1.000	0.200	60.000	0.000	0.000	0.000	0.000
115.464	40.421	0.975	45.000	1.000	10.000	1.000	0.100	1.000	0.200	60.000	0.000	0.000	0.000	0.000
115.703	40.479	0.978	45.000	1.000	10.000	1.000	0.100	1.000	0.200	60.000	0.000	0.000	0.000	0.000
115.937	40.545	0.977	45.000	1.000	10.000	1.000	0.100	1.000	0.200	60.000	0.000	0.000	0.000	0.000
116.174	40.607	0.973	45.000	1.000	10.000	1.000	0.100	1.000	0.200	60.000	0.000	0.000	0.000	0.000
116.417	40.676	0.975	45.000	1.000	10.000	1.000	0.100	1.000	0.200	60.000	0.000	0.000	0.000	0.000
116.649	40.738	0.973	45.000	1.000	10.000	1.000	0.100	1.000	0.200	60.000	0.000	0.000	0.000	0.000
116.890	40.808	0.974	45.000	1.000	10.000	1.000	0.100	1.000	0.200	60.000	0.000	0.000	0.000	0.000
117.137	40.877	0.972	45.000	1.000	10.000	1.000	0.100	1.000	0.200	60.000	0.000	0.000	0.000	0.000
117.370	40.954	0.973	45.000	1.000	10.000	1.000	0.100	1.000	0.200	60.000	0.000	0.000	0.000	0.000
117.617	41.021	0.969	45.000	1.000	10.000	1.000	0.100	1.000	0.200	60.000	0.000	0.000	0.000	0.000
117.852	41.098	0.974	45.000	1.000	10.000	1.000	0.100	1.000	0.200	60.000	0.000	0.000	0.000	0.000
118.089	41.175	0.969	45.000	1.000	10.000	1.000	0.100	1.000	0.200	60.000	0.000	0.000	0.000	0.000
118.320	41.246	0.969	45.000	1.000	10.000	1.000	0.100	1.000	0.200	60.000	0.000	0.000	0.000	0.000
118.564	41.323	0.971	45.000	1.000	10.000	1.000	0.100	1.000	0.200	60.000	0.000	0.000	0.000	0.000
118.805	41.402	0.969	45.000	1.000	10.000	1.000	0.100	1.000	0.200	60.000	0.000	0.000	0.000	0.000
119.040	41.480	0.969	45.000	1.000	10.000	1.000	0.100	1.000	0.200	60.000	0.000	0.000	0.000	0.000
119.283	41.558	0.968	45.000	1.000	10.000	1.000	0.100	1.000	0.200	60.000	0.000	0.000	0.000	0.000
119.512	41.637	0.969	45.000	1.000	10.000	1.000	0.100	1.000	0.200	60.000	0.000	0.000	0.000	0.000
119.758	41.720	0.967	45.000	1.000	10.000	1.000	0.100	1.000	0.200	60.000	0.000	0.000	0.000	0.000
120.005	41.796	0.968	45.000	1.000	10.000	1.000	0.100	1.000	0.200	60.000	0.000	0.000	0.000	0.000
120.239	41.876	0.970	45.000	1.000	10.000	1.000	0.100	1.000	0.200	60.000	0.000	0.000	0.000	0.000
120.486	41.966	0.967	45.000	1.000	10.000	1.000	0.100	1.000	0.200	60.000	0.000	0.000	0.000	0.000
120.724	42.047	0.965	45.000	1.000	10.000	1.000	0.100	1.000	0.200	60.000	0.000	0.000	0.000	0.000
120.965	42.127	0.967	45.000	1.000	10.000	1.000	0.100	1.000	0.200	60.000	0.000	0.000	0.000	0.000
121.208	42.215	0.968	45.000	1.000	10.000	1.000	0.100	1.000	0.200	60.000	0.000	0.000	0.000	0.000
121.455	42.304	0.965	45.000	1.000	10.000	1.000	0.100	1.000	0.200	60.000	0.000	0.000	0.000	0.000
121.695	42.389	0.966	45.000	1.000	10.000	1.000	0.100	1.000	0.200	60.000	0.000	0.000	0.000	0.000
121.927	42.474	0.966	45.000	1.000	10.000	1.000	0.100	1.000	0.200	60.000	0.000	0.000	0.000	0.000
122.172	42.556	0.965	45.000	1.000	10.000	1.000	0.100	1.000	0.200	60.000	0.000	0.000	0.000	0.000
122.407	42.639	0.968	45.000	1.000	10.000	1.000	0.100	1.000	0.200	60.000	0.000	0.000	0.000	0.000
122.636	42.725	0.966	45.000	1.000	10.000	1.000	0.100	1.000	0.200	60.000	0.000	0.000	0.000	0.000
122.869	42.809	0.964	45.000	1.000	10.000	1.000	0.100	1.000	0.200	60.000	0.000	0.000	0.000	0.000
123.115	42.896	0.966	45.000	1.000	10.000	1.000	0.100	1.000	0.200	60.000	0.000	0.000	0.000	0.000
123.362	42.980	0.966	45.000	1.000	10.000	1.000	0.100	1.000	0.200	60.000	0.000	0.000	0.000	0.000
123.598	43.071	0.967	45.000	1.000	10.000	1.000	0.100	1.000	0.200	60.000	0.000	0.000	0.000	0.000
123.836	43.159	0.963	45.000	1.000	10.000	1.000	0.100	1.000	0.200	60.000	0.000	0.000	0.000	0.000
124.069	43.248	0.964	45.000	1.000	10.000	1.000	0.100	1.000	0.200	60.000	0.000	0.000	0.000	0.000
124.301	43.329	0.963	45.000	1.000	10.000	1.000	0.100	1.000	0.200	60.000	0.000	0.000	0.000	0.000
124.539	43.422	0.966	45.000	1.000	10.000	1.000	0.100	1.000	0.200	60.000	0.000	0.000	0.000	0.000
124.771	43.500	0.962	45.000	1.000	10.000	1.000	0.100	1.000	0.200	60.000	0.000	0.000	0.000	0.000
125.008	43.590	0.968	45.000	1.000	10.000	1.000	0.100	1.000	0.200	60.000	0.000	0.000	0.000	0.000
125.244	43.680	0.963	45.000	1.000	10.000	1.000	0.100	1.000	0.200	60.000	0.000	0.000	0.000	0.000
125.483	43.771	0.963	45.000	1.000	10.000	1.000	0.100	1.000	0.200	60.000	0.000	0.000	0.000	0.000
125.722	43.851	0.963	45.000	1.000	10.000	1.000	0.100	1.000	0.200	60.000	0.000	0.000	0.000	0.000
125.957	43.942	0.968	45.000	1.000	10.000	1.000	0.100	1.000	0.200	60.000	0.000	0.000	0.000	0.000
126.191	44.030	0.962	45.000	1.000	10.000	1.000	0.100	1.000	0.200	60.000	0.000	0.000	0.000	0.000
126.422	44.114	0.964	45.000	1.000	10.000	1.000	0.100	1.000	0.200	60.000	0.000	0.000	0.000	0.000
126.652	44.195	0.965	45.000	1.000	10.000	1.000	0.100	1.000	0.200	60.000	0.000	0.000	0.000	0.000
126.890	44.284	0.966	45.000	1.000	10.000	1.000	0.100	1.000	0.200	60.000	0.000	0.000	0.000	0.000
127.133	44.381	0.964	45.000	1.000	10.000	1.000	0.100	1.000	0.200	60.000	0.000	0.000	0.000	0.000
127.375	44.474	0.961	45.000	1.000	10.000	1.000	0.100	1.000	0.200	60.000	0.000	0.000	0.000	0.000
127.613	44.560	0.963	45.000	1.000	10.000	1.000	0.100	1.000	0.200	60.000	0.000	0.000	0.000	0.000
127.842	44.651	0.915	45.000	1.000	10.000	1.000	0.100	1.000	0.200	60.000	0.000	0.000	0.000	0.000
128.085	44.741	0.829	45.000	1.000	10.000	1.000	0.100	1.000	0.200	60.000	0.000	0.000	0.000	0.000
128.318	44.825	0.747	45.000	1.000	10.000	1.000	0.100	1.000	0.200	60.000	0.000	0.000	0.000	0.000
128.556	44.908	0.670	45.000	1.000	10.000	1.000	0.100	1.000	0.200	60.000	0.000	0.000	0.000	0.000
128.790	45.000	0.589	45.000	1.000	10.000	1.000	0.100	1.000	0.200	60.000	0.239	0.000	0.000	0.000
129.025	45.084	0.493	45.000	1.000	10.000	1.000	0.100	1.000	0.200	60.000	0.472	0.000	0.000	0.000
129.264	45.164	0.410	45.000	1.000	10.000	1.000	0.100	1.000	0.200	60.000	0.707	0.000	0.000	0.000
129.508	45.249	0.328	45.000	1.000	10.000	1.000	0.100	1.000	0.200	60.000	0.000	0.000	0.000	0.000
129.743	45.322	0.236	45.000	1.000	10.000	1.000	0.100	1.000	0.200	60.000	0.000	0.000	0.000	0.000
129.977	45.383	0.159	45.000	1.000	10.000	1.000	0.100	1.000	0.200	60.000	0.000	0.000	0.000	0.000
130.218	45.452	0.094	45.000	1.000	10.000	1.000	0.100	1.000	0.200	60.000	0.000	0.000	0.000	0.000
130.449	45.505	0.011	45.000	1.000	10.000	1.000	0.100	1.000	0.200	60.000	0.000	0.000	0.000	0.000
130.694	45.562	0.000	45.000	1.000	10.000	1.000	0.100	1.000	0.200	60.000	0.000	0.000	0.000	0.000
130.927	45.599	0.000	45.000	1.000	10.000	1.000	0.100	1.000	0.200	60.000	0.000	0.000	0.000	0.000
131.171	45.644	0.000	45.000	1.000	10.000	1.000	0.100	1.000	0.200	60.000	0.000	0.000	0.000	0.000
131.406	45.669	0.000	45.000	1.000	10.000	1.000	0.100	1.000	0.200	60.000	0.000	0.000	0.000	0.000
131.646	45.698	0.000	45.000	1.000	10.000	1.000	0.100	1.000	0.200	60.000	0.000	0.000	0.000	0.000
131.885	45.719	0.000	45.000	1.000	10.000	1.000	0.100	1.000	0.200	60.000	0.000	0.000	0.000	0.000
132.128	45.731	0.000	45.000	1.000	10.000	1.000	0.100	1.000	0.200	60.000	0.000	0.000	0.000	0.000
132.360	45.747	0.000	45.000	1.000	10.000	1.000	0.100	1.000	0.200	60.000	0.000	0.000	0.000	0.000
132.602	45.752	0.000	45.000	1.000	10.000	1.000	0.100	1.000	0.200	60.000	0.000	0.000	0.000	0.000
132.841	45.764	0.000	45.000	1.000	10.000	1.000	0.100	1.000	0.200	60.000	0.000	0.000	0.000	0.000
133.070	45.752	0.000	45.000	1.000	10.000	1.000	0.100	1.000	0.200	60.000	0.000	0.000	0.000	0.000
133.312	45.752	0.005	45.000	1.000	10.000	1.000	0.100	1.000	0.200	60.000	0.000	0.000	0.000	0.000
133.785	45.731	0.002	45.000	1.000	10.000	1.000	0.100	1.000	0.200	60.000	0.000	0.000	0.000	0.000
134.029	45.710	0.007	45.000	1.000	10.000	1.000	0.100	1.000	0.200	60.000	0.000	0.000	0.000	0.000
134.273	45.702	0.009	45.000	1.000	10.000	1.000	0.100	1.000	0.200	60.000	0.000	0.000	0.000	0.000
134.510	45.686	0.003	45.000	1.000	10.000	1.000	0.100	1.000	0.200	60.000	0.000	0.000	0.000	0.000
134.740	45.661	0.007	45.000	1.000	10.000	1.000	0.100	1.000	0.200	60.000	0.000	0.000	0.000	0.000
134.984	45.640	0.011	45.000	1.000	10.000	1.000	0.100	1.000	0.200	60.000	0.000	0.000	0.000	0.000
135.218	45.616	0.009	45.000	1.000	10.000	1.000	0.100	1.000	0.200	60.000	0.000	0.000	0.000	0.000
135.449	45.587	0.011	45.000	1.000	10.000	1.000	0.100	1.000	0.200	60.000	0.000	0.000	0.000	0.000
135.687	45.558	0.013	45.000	1.000	10.000	1.000	0.100	1.000	0.200	60.000	0.000	0.000	0.000	0.000
135.920	45.525	0.012	45.000	1.000	10.000	1.000	0.100	1.000	0.200	60.000	0.000	0.000	0.000	0.000
136.158	45.493	0.014	45.000	1.000	10.000	1.000	0.100	1.000	0.200	60.000	0.000	0.000	0.000	0.000
136.388	45.456	0.009	45.000	1.000	10.000	1.000	0.100	1.000	0.200	60.000	0.000	0.000	0.000	0.000
136.623	45.423	0.038	45.000	1.000	10.000	1.000	0.100	1.000	0.200	60.000	0.000	0.000	0.000	0.000
136.867	45.387	0.059	45.000	1.000	10.000	1.000	0.100	1.000	0.200	60.000	0.000	0.000	0.000	0.000
137.105	45.354	0.087	45.000	1.000	10.000	1.000	0.100	1.000	0.200	60.000	0.000	0.000	0.000	0.000
137.339	45.306	0.110	45.000	1.000	10.000	1.000	0.100	1.000	0.200	60.000	0.000	0.000	0.000	0.000
137.582	45.269	0.158	45.000	1.000	10.000	1.000	0.100	1.000	0.200	60.000	0.000	0.000	0.000	0.000
137.829	45.225	0.183	45.000	1.000	10.000	1.000	0.100	1.000	0.200	60.000	0.000	0.000	0.000	0.000
138.067	45.196	0.224	45.000	1.000	10.000	1.000	0.100	1.000	0.200	60.000	0.000	0.000	0.000	0.000
138.315	45.144	0.242	45.000	1.000	10.000	1.000	0.100	1.000	0.200	60.000	0.000	0.000	0.000	0.000
138.550	45.092	0.300	45.000	1.000	10.000	1.000	0.100	1.000	0.200	60.000	0.000	0.000	0.000	0.000
138.783	45.068	0.351	45.000	1.000	10.000	1.000	0.100	1.000	0.200	60.000	0.235	0.000	0.000	0.000
139.021	45.028	0.362	45.000	1.000	10.000	1.000	0.100	1.000	0.200	60.000	0.468	0.000	0.000	0.000
139.259	44.992	0.408	45.000	1.000	10.000	1.000	0.100	1.000	0.200	60.000	0.706	0.000	0.000	0.000
139.500	44.960	0.442	45.000	1.000	10.000	1.000	0.100	1.000	0.200	60.000	0.944	0.000	0.000	0.000
139.745	44.920	0.474	45.000	1.000	10.000	1.000	0.100	1.000	0.200	60.000	1.185	0.000	0.000	0.000
139.982	44.896	0.518	45.000	1.000	10.000	1.000	0.100	1.000	0.200	60.000	1.430	0.000	0.000	0.000
140.216	44.868	0.539	45.000	1.000	10.000	1.000	0.100	1.000	0.200	60.000	0.000	0.000	0.000	0.000
140.460	44.840	0.571	45.000	1.000	10.000	1.000	0.100	1.000	0.200	60.000	0.000	0.000	0.000	0.000
140.692	44.821	0.603	45.000	1.000	10.000	1.000	0.100	1.000	0.200	60.000	0.000	0.000	0.000	0.000
140.943	44.801	0.624	45.000	1.000	10.000	1.000	0.100	1.000	0.200	60.000	0.000	0.000	0.000	0.000
141.175	44.777	0.648	45.000	1.000	10.000	1.000	0.100	1.000	0.200	60.000	0.000	0.000	0.000	0.000
141.416	44.761	0.679	45.000	1.000	10.000	1.000	0.100	1.000	0.200	60.000	0.000	0.000	0.000	0.000
141.657	44.753	0.697	45.000	1.000	10.000	1.000	0.100	1.000	0.200	60.000	0.000	0.000	0.000	0.000
141.895	44.741	0.708	45.000	1.000	10.000	1.000	0.100	1.000	0.200	60.000	0.000	0.000	0.000	0.000
142.136	44.734	0.727	45.000	1.000	10.000	1.000	0.100	1.000	0.200	60.000	0.000	0.000	0.000	0.000
142.374	44.734	0.740	45.000	1.000	10.000	1.000	0.100	1.000	0.200	60.000	0.000	0.000	0.000	0.000
142.605	44.737	0.743	45.000	1.000	10.000	1.000	0.100	1.000	0.200	60.000	0.000	0.000	0.000	0.000
142.849	44.737	0.744	45.000	1.000	10.000	1.000	0.100	1.000	0.200	60.000	0.000	0.000	0.000	0.000
143.084	44.741	0.752	45.000	1.000	10.000	1.000	0.100	1.000	0.200	60.000	0.000	0.000	0.000	0.000
143.314	44.741	0.752	45.000	1.000	10.000	1.000	0.100	1.000	0.200	60.000	0.000	0.000	0.000	0.000
143.552	44.761	0.760	45.000	1.000	10.000	1.000	0.100	1.000	0.200	60.000	0.000	0.000	0.000	0.000
143.795	44.769	0.737	45.000	1.000	10.000	1.000	0.100	1.000	0.200	60.000	0.000	0.000	0.000	0.000
144.043	44.785	0.740	45.000	1.000	10.000	1.000	0.100	1.000	0.200	60.000	0.000	0.000	0.000	0.000
144.285	44.793	0.727	45.000	1.000	10.000	1.000	0.100	1.000	0.200	60.000	0.000	0.000	0.000	0.000
144.514	44.821	0.727	45.000	1.000	10.000	1.000	0.100	1.000	0.200	60.000	0.000	0.000	0.000	0.000
144.745	44.829	0.694	45.000	1.000	10.000	1.000	0.100	1.000	0.200	60.000	0.000	0.000	0.000	0.000
144.987	44.848	0.699	45.000	1.000	10.000	1.000	0.100	1.000	0.200	60.000	0.000	0.000	0.000	0.000
145.224	44.872	0.678	45.000	1.000	10.000	1.000	0.100	1.000	0.200	60.000	0.000	0.000	0.000	0.000
145.456	44.892	0.655	45.000	1.000	10.000	1.000	0.100	1.000	0.200	60.000	0.000	0.000	0.000	0.000
145.684	44.916	0.639	45.000	1.000	10.000	1.000	0.100	1.000	0.200	60.000	0.000	0.000	0.000	0.000
145.922	44.928	0.615	45.000	1.000	10.000	1.000	0.100	1.000	0.200	60.000	0.228	0.000	0.000	0.000
146.163	44.952	0.611	45.000	1.000	10.000	1.000	0.100	1.000	0.200	60.000	0.466	0.000	0.000	0.000
146.399	44.976	0.583	45.000	1.000	10.000	1.000	0.100	1.000	0.200	60.000	0.707	0.000	0.000	0.000
146.648	45.000	0.559	45.000	1.000	10.000	1.000	0.100	1.000	0.200	60.000	0.943	0.000	0.000	0.000
146.893	45.024	0.536	45.000	1.000	10.000	1.000	0.100	1.000	0.200	60.000	1.192	0.000	0.000	0.000
147.124	45.040	0.511	45.000	1.000	10.000	1.000	0.100	1.000	0.200	60.000	1.437	0.000	0.000	0.000
147.369	45.064	0.497	45.000	1.000	10.000	1.000	0.100	1.000	0.200	60.000	1.668	0.000	0.000	0.000
147.605	45.084	0.469	45.000	1.000	10.000	1.000	0.100	1.000	0.200	60.000	1.913	0.000	0.000	0.000
147.849	45.100	0.448	45.000	1.000	10.000	1.000	0.100	1.000	0.200	60.000	2.149	0.000	0.000	0.000
148.098	45.120	0.431	45.000	1.000	10.000	1.000	0.100	1.000	0.200	60.000	2.393	0.000	0.000	0.000
148.331	45.136	0.407	45.000	1.000	10.000	1.000	0.100	1.000	0.200	60.000	0.000	0.000	0.000	0.000
148.560	45.148	0.389	45.000	1.000	10.000	1.000	0.100	1.000	0.200	60.000	0.000	0.000	0.000	0.000
148.800	45.164	0.375	45.000	1.000	10.000	1.000	0.100	1.000	0.200	60.000	0.000	0.000	0.000	0.000
149.051	45.176	0.353	45.000	1.000	10.000	1.000	0.100	1.000	0.200	60.000	0.000	0.000	0.000	0.000
149.285	45.188	0.338	45.000	1.000	10.000	1.000	0.100	1.000	0.200	60.000	0.000	0.000	0.000	0.000
149.521	45.192	0.322	45.000	1.000	10.000	1.000	0.100	1.000	0.200	60.000	0.000	0.000	0.000	0.000
149.754	45.196	0.317	45.000	1.000	10.000	1.000	0.100	1.000	0.200	60.000	0.000	0.000	0.000	0.000
149.999	45.205	0.308	45.000	1.000	10.000	1.000	0.100	1.000	0.200	60.000	0.000	0.000	0.000	0.000
150.237	45.205	0.293	45.000	1.000	10.000	1.000	0.100	1.000	0.200	60.000	0.000	0.000	0.000	0.000
150.486	45.205	0.292	45.000	1.000	10.000	1.000	0.100	1.000	0.200	60.000	0.000	0.000	0.000	0.000
150.729	45.209	0.286	45.000	1.000	10.000	1.000	0.100	1.000	0.200	60.000	0.000	0.000	0.000	0.000
150.964	45.213	0.276	45.000	1.000	10.000	1.000	0.100	1.000	0.200	60.000	0.000	0.000	0.000	0.000
151.207	45.205	0.267	45.000	1.000	10.000	1.000	0.100	1.000	0.200	60.000	0.000	0.000	0.000	0.000
151.440	45.205	0.275	45.000	1.000	10.000	1.000	0.100	1.000	0.200	60.000	0.000	0.000	0.000	0.000
151.680	45.188	0.267	45.000	1.000	10.000	1.000	0.100	1.000	0.200	60.000	0.000	0.000	0.000	0.000
151.922	45.184	0.285	45.000	1.000	10.000	1.000	0.100	1.000	0.200	60.000	0.000	0.000	0.000	0.000
152.167	45.168	0.280	45.000	1.000	10.000	1.000	0.100	1.000	0.200	60.000	0.000	0.000	0.000	0.000
152.401	45.160	0.296	45.000	1.000	10.000	1.000	0.100	1.000	0.200	60.000	0.000	0.000	0.000	0.000
152.644	45.144	0.298	45.000	1.000	10.000	1.000	0.100	1.000	0.200	60.000	0.000	0.000	0.000	0.000
152.889	45.144	0.313	45.000	1.000	10.000	1.000	0.100	1.000	0.200	60.000	0.000	0.000	0.000	0.000
153.127	45.132	0.303	45.000	1.000	10.000	1.000	0.100	1.000	0.200	60.000	0.000	0.000	0.000	0.000
153.360	45.120	0.317	45.000	1.000	10.000	1.000	0.100	1.000	0.200	60.000	0.000	0.000	0.000	0.000
153.599	45.100	0.327	45.000	1.000	10.000	1.000	0.100	1.000	0.200	60.000	0.000	0.000	0.000	0.000
153.842	45.084	0.348	45.000	1.000	10.000	1.000	0.100	1.000	0.200	60.000	0.239	0.000	0.000	0.000
154.089	45.068	0.360	45.000	1.000	10.000	1.000	0.100	1.000	0.200	60.000	0.482	0.000	0.000	0.000
154.331	45.052	0.374	45.000	1.000	10.000	1.000	0.100	1.000	0.200	60.000	0.729	0.000	0.000	0.000
154.564	45.048	0.389	45.000	1.000	10.000	1.000	0.100	1.000	0.200	60.000	0.971	0.000	0.000	0.000
154.797	45.028	0.387	45.000	1.000	10.000	1.000	0.100	1.000	0.200	60.000	1.205	0.000	0.000	0.000
155.029	45.012	0.413	45.000	1.000	10.000	1.000	0.100	1.000	0.200	60.000	1.437	0.000	0.000	0.000
155.275	45.004	0.427	45.000	1.000	10.000	1.000	0.100	1.000	0.200	60.000	1.669	0.000	0.000	0.000
155.521	44.988	0.432	45.000	1.000	10.000	1.000	0.100	1.000	0.200	60.000	1.915	0.000	0.000	0.000
155.759	44.976	0.451	45.000	1.000	10.000	1.000	0.100	1.000	0.200	60.000	2.161	0.000	0.000	0.000
155.991	44.960	0.462	45.000	1.000	10.000	1.000	0.100	1.000	0.200	60.000	2.399	0.000	0.000	0.000
156.228	44.952	0.481	45.000	1.000	10.000	1.000	0.100	1.000	0.200	60.000	2.632	0.000	0.000	0.000
156.471	44.936	0.487	45.000	1.000	10.000	1.000	0.100	1.000	0.200	60.000	2.868	0.000	0.000	0.000
156.704	44.928	0.507	45.000	1.000	10.000	1.000	0.100	1.000	0.200	60.000	3.111	0.000	0.000	0.000
156.941	44.924	0.514	45.000	1.000	10.000	1.000	0.100	1.000	0.200	60.000	3.344	0.000	0.000	0.000
157.186	44.912	0.518	45.000	1.000	10.000	1.000	0.100	1.000	0.200	60.000	3.581	0.000	0.000	0.000
157.421	44.908	0.535	45.000	1.000	10.000	1.000	0.100	1.000	0.200	60.000	3.826	0.000	0.000	0.000
157.893	44.900	0.550	45.000	1.000	10.000	1.000	0.100	1.000	0.200	60.000	4.302	0.000	0.000	0.000
158.137	44.892	0.549	45.000	1.000	10.000	1.000	0.100	1.000	0.200	60.000	4.533	0.000	0.000	0.000
158.386	44.888	0.563	45.000	1.000	10.000	1.000	0.100	1.000	0.200	60.000	0.000	0.000	0.000	0.000
158.637	44.888	0.568	45.000	1.000	10.000	1.000	0.100	1.000	0.200	60.000	0.000	0.000	0.000	0.000
158.881	44.884	0.569	45.000	1.000	10.000	1.000	0.100	1.000	0.200	60.000	0.000	0.000	0.000	0.000
159.125	44.888	0.578	45.000	1.000	10.000	1.000	0.100	1.000	0.200	60.000	0.000	0.000	0.000	0.000
159.375	44.892	0.573	45.000	1.000	10.000	1.000	0.100	1.000	0.200	60.000	0.000	0.000	0.000	0.000
159.614	44.896	0.572	45.000	1.000	10.000	1.000	0.100	1.000	0.200	60.000	0.000	0.000	0.000	0.000
159.856	44.896	0.571	45.000	1.000	10.000	1.000	0.100	1.000	0.200	60.000	0.000	0.000	0.000	0.000
160.094	44.904	0.575	45.000	1.000	10.000	1.000	0.100	1.000	0.200	60.000	0.000	0.000	0.000	0.000
160.341	44.908	0.566	45.000	1.000	10.000	1.000	0.100	1.000	0.200	60.000	0.238	0.000	0.000	0.000
160.581	44.912	0.566	45.000	1.000	10.000	1.000	0.100	1.000	0.200	60.000	0.486	0.000	0.000	0.000
160.812	44.920	0.564	45.000	1.000	10.000	1.000	0.100	1.000	0.200	60.000	0.725	0.000	0.000	0.000
161.047	44.924	0.556	45.000	1.000	10.000	1.000	0.100	1.000	0.200	60.000	0.956	0.000	0.000	0.000
161.282	44.932	0.556	45.000	1.000	10.000	1.000	0.100	1.000	0.200	60.000	1.191	0.000	0.000	0.000
161.523	44.936	0.547	45.000	1.000	10.000	1.000	0.100	1.000	0.200	60.000	1.426	0.000	0.000	0.000
161.758	44.948	0.547	45.000	1.000	10.000	1.000	0.100	1.000	0.200	60.000	1.667	0.000	0.000	0.000
162.005	44.956	0.533	45.000	1.000	10.000	1.000	0.100	1.000	0.200	60.000	1.902	0.000	0.000	0.000
162.258	44.968	0.527	45.000	1.000	10.000	1.000	0.100	1.000	0.200	60.000	2.149	0.000	0.000	0.000
162.500	44.976	0.515	45.000	1.000	10.000	1.000	0.100	1.000	0.200	60.000	2.402	0.000	0.000	0.000
162.728	44.984	0.509	45.000	1.000	10.000	1.000	0.100	1.000	0.200	60.000	2.644	0.000	0.000	0.000
162.964	44.992	0.501	45.000	1.000	10.000	1.000	0.100	1.000	0.200	60.000	2.872	0.000	0.000	0.000
163.205	45.004	0.493	45.000	1.000	10.000	1.000	0.100	1.000	0.200	60.000	3.108	0.000	0.000	0.000
163.448	45.012	0.480	45.000	1.000	10.000	1.000	0.100	1.000	0.200	60.000	3.349	0.000	0.000	0.000
163.682	45.020	0.473	45.000	1.000	10.000	1.000	0.100	1.000	0.200	60.000	3.592	0.000	0.000	0.000
163.922	45.020	0.464	45.000	1.000	10.000	1.000	0.100	1.000	0.200	60.000	3.826	0.000	0.000	0.000
164.157	45.032	0.467	45.000	1.000	10.000	1.000	0.100	1.000	0.200	60.000	4.066	0.000	0.000	0.000
164.401	45.040	0.449	45.000	1.000	10.000	1.000	0.100	1.000	0.200	60.000	4.301	0.000	0.000	0.000
164.645	45.040	0.442	45.000	1.000	10.000	1.000	0.100	1.000	0.200	60.000	4.545	0.000	0.000	0.000
164.873	45.056	0.445	45.000	1.000	10.000	1.000	0.100	1.000	0.200	60.000	4.789	0.000	0.000	0.000
165.117	45.068	0.420	45.000	1.000	10.000	1.000	0.100	1.000	0.200	60.000	5.017	0.000	0.000	0.000
165.354	45.060	0.409	45.000	1.000	10.000	1.000	0.100	1.000	0.200	60.000	5.261	0.000	0.000	0.000
165.593	45.068	0.424	45.000	1.000	10.000	1.000	0.100	1.000	0.200	60.000	5.498	0.000	0.000	0.000
165.827	45.068	0.407	45.000	1.000	10.000	1.000	0.100	1.000	0.200	60.000	5.737	0.000	0.000	0.000
166.073	45.076	0.409	45.000	1.000	10.000	1.000	0.100	1.000	0.200	60.000	5.972	0.000	0.000	0.000
166.314	45.084	0.396	45.000	1.000	10.000	1.000	0.100	1.000	0.200	60.000	6.217	0.000	0.000	0.000
166.555	45.076	0.386	45.000	1.000	10.000	1.000	0.100	1.000	0.200	60.000	6.458	0.000	0.000	0.000
166.785	45.072	0.399	45.000	1.000	10.000	1.000	0.100	1.000	0.200	60.000	6.699	0.000	0.000	0.000
167.031	45.080	0.399	45.000	1.000	10.000	1.000	0.100	1.000	0.200	60.000	6.929	0.000	0.000	0.000
167.277	45.072	0.384	45.000	1.000	10.000	1.000	0.100	1.000	0.200	60.000	7.175	0.000	0.000	0.000
167.505	45.080	0.397	45.000	1.000	10.000	1.000	0.100	1.000	0.200	60.000	7.421	0.000	0.000	0.000
167.743	45.076	0.380	45.000	1.000	10.000	1.000	0.100	1.000	0.200	60.000	7.649	0.000	0.000	0.000
167.982	45.076	0.388	45.000	1.000	10.000	1.000	0.100	1.000	0.200	60.000	7.887	0.000	0.000	0.000
168.223	45.072	0.384	45.000	1.000	10.000	1.000	0.100	1.000	0.200	60.000	8.126	0.000	0.000	0.000
168.467	45.068	0.388	45.000	1.000	10.000	1.000	0.100	1.000	0.200	60.000	8.367	0.000	0.000	0.000
168.702	45.064	0.391	45.000	1.000	10.000	1.000	0.100	1.000	0.200	60.000	8.611	0.000	0.000	0.000
168.933	45.060	0.393	45.000	1.000	10.000	1.000	0.100	1.000	0.200	60.000	8.846	0.000	0.000	0.000
169.178	45.044	0.396	45.000	1.000	10.000	1.000	0.100	1.000	0.200	60.000	9.077	0.000	0.000	0.000
169.414	45.052	0.416	45.000	1.000	10.000	1.000	0.100	1.000	0.200	60.000	9.322	0.000	0.000	0.000
169.645	45.048	0.397	45.000	1.000	10.000	1.000	0.100	1.000	0.200	60.000	9.558	0.000	0.000	0.000
169.886	45.040	0.405	45.000	1.000	10.000	1.000	0.100	1.000	0.200	60.000	9.789	0.000	0.000	0.000
170.117	45.032	0.413	45.000	1.000	10.000	1.000	0.100	1.000	0.200	60.000	10.030	0.000	0.000	0.000
170.361	45.032	0.421	45.000	1.000	10.000	1.000	0.100	1.000	0.200	60.000	10.261	0.000	0.000	0.000
170.607	45.024	0.416	45.000	1.000	10.000	1.000	0.100	1.000	0.200	60.000	10.505	0.000	0.000	0.000
170.839	45.016	0.427	45.000	1.000	10.000	1.000	0.100	1.000	0.200	60.000	10.751	0.000	0.000	0.000
171.068	45.012	0.435	45.000	1.000	10.000	1.000	0.100	1.000	0.200	60.000	10.983	0.000	0.000	0.000
171.310	45.008	0.437	45.000	1.000	10.000	1.000	0.100	1.000	0.200	60.000	11.212	0.000	0.000	0.000
171.548	45.004	0.441	45.000	1.000	10.000	1.000	0.100	1.000	0.200	60.000	11.455	0.000	0.000	0.000
171.791	44.992	0.445	45.000	1.000	10.000	1.000	0.100	1.000	0.200	60.000	11.692	0.000	0.000	0.000
172.033	45.004	0.460	45.000	1.000	10.000	1.000	0.100	1.000	0.200	60.000	11.935	0.000	0.000	0.000
172.277	44.988	0.438	45.000	1.000	10.000	1.000	0.100	1.000	0.200	60.000	12.177	0.000	0.000	0.000
172.525	44.980	0.466	45.000	1.000	10.000	1.000	0.100	1.000	0.200	60.000	12.422	0.000	0.000	0.000
172.759	44.980	0.471	45.000	1.000	10.000	1.000	0.100	1.000	0.200	60.000	12.669	0.000	0.000	0.000
172.992	44.976	0.468	45.000	1.000	10.000	1.000	0.100	1.000	0.200	60.000	12.903	0.000	0.000	0.000
173.223	44.968	0.475	45.000	1.000	10.000	1.000	0.100	1.000	0.200	60.000	13.136	0.000	0.000	0.000
173.469	44.972	0.485	45.000	1.000	10.000	1.000	0.100	1.000	0.200	60.000	13.367	0.000	0.000	0.000
173.702	44.960	0.477	45.000	1.000	10.000	1.000	0.100	1.000	0.200	60.000	13.613	0.000	0.000	0.000
173.944	44.964	0.496	45.000	1.000	10.000	1.000	0.100	1.000	0.200	60.000	13.846	0.000	0.000	0.000
174.188	44.960	0.487	45.000	1.000	10.000	1.000	0.100	1.000	0.200	60.000	14.088	0.000	0.000	0.000
174.424	44.964	0.495	45.000	1.000	10.000	1.000	0.100	1.000	0.200	60.000	14.332	0.000	0.000	0.000
174.662	44.960	0.488	45.000	1.000	10.000	1.000	0.100	1.000	0.200	60.000	14.568	0.000	0.000	0.000
174.897	44.960	0.497	45.000	1.000	10.000	1.000	0.100	1.000	0.200	60.000	14.806	0.000	0.000	0.000
175.138	44.960	0.496	45.000	1.000	10.000	1.000	0.100	1.000	0.200	60.000	15.041	0.000	0.000	0.000
175.370	44.960	0.497	45.000	1.000	10.000	1.000	0.100	1.000	0.200	60.000	15.283	0.000	0.000	0.000
175.614	44.960	0.498	45.000	1.000	10.000	1.000	0.100	1.000	0.200	60.000	15.514	0.000	0.000	0.000
175.858	44.952	0.499	45.000	1.000	10.000	1.000	0.100	1.000	0.200	60.000	15.758	0.000	0.000	0.000
176.101	44.960	0.511	45.000	1.000	10.000	1.000	0.100	1.000	0.200	60.000	16.002	0.000	0.000	0.000
176.342	44.964	0.498	45.000	1.000	10.000	1.000	0.100	1.000	0.200	60.000	16.245	0.000	0.000	0.000
176.590	44.964	0.496	45.000	1.000	10.000	1.000	0.100	1.000	0.200	60.000	16.487	0.000	0.000	0.000
176.837	44.964	0.499	45.000	1.000	10.000	1.000	0.100	1.000	0.200	60.000	16.734	0.000	0.000	0.000
177.079	44.968	0.500	45.000	1.000	10.000	1.000	0.100	1.000	0.200	60.000	16.981	0.000	0.000	0.000
177.323	44.968	0.495	45.000	1.000	10.000	1.000	0.100	1.000	0.200	60.000	17.223	0.000	0.000	0.000
177.555	44.980	0.497	45.000	1.000	10.000	1.000	0.100	1.000	0.200	60.000	17.467	0.000	0.000	0.000
177.794	44.980	0.480	45.000	1.000	10.000	1.000	0.100	1.000	0.200	60.000	17.699	0.000	0.000	0.000
178.028	44.980	0.486	45.000	1.000	10.000	1.000	0.100	1.000	0.200	60.000	17.938	0.000	0.000	0.000
178.269	44.984	0.487	45.000	1.000	10.000	1.000	0.100	1.000	0.200	60.000	18.172	0.000	0.000	0.000
178.512	44.988	0.481	45.000	1.000	10.000	1.000	0.100	1.000	0.200	60.000	18.413	0.000	0.000	0.000
178.756	44.996	0.478	45.000	1.000	10.000	1.000	0.100	1.000	0.200	60.000	18.656	0.000	0.000	0.000
178.990	44.992	0.468	45.000	1.000	10.000	1.000	0.100	1.000	0.200	60.000	18.900	0.000	0.000	0.000
179.227	44.996	0.477	45.000	1.000	10.000	1.000	0.100	1.000	0.200	60.000	19.134	0.000	0.000	0.000
179.469	44.996	0.470	45.000	1.000	10.000	1.000	0.100	1.000	0.200	60.000	19.371	0.000	0.000	0.000
179.716	45.000	0.472	45.000	1.000	10.000	1.000	0.100	1.000	0.200	60.000	19.613	0.000	0.000	0.000
179.952	45.008	0.466	45.000	1.000	10.000	1.000	0.100	1.000	0.200	60.000	19.860	0.000	0.000	0.000
180.188	45.008	0.456	45.000	1.000	10.000	1.000	0.100	1.000	0.200	60.000	20.096	0.000	0.000	0.000
180.423	45.012	0.459	45.000	1.000	10.000	1.000	0.100	1.000	0.200	60.000	20.332	0.000	0.000	0.000
180.659	45.016	0.453	45.000	1.000	10.000	1.000	0.100	1.000	0.200	60.000	20.567	0.000	0.000	0.000
180.889	45.020	0.449	45.000	1.000	10.000	1.000	0.100	1.000	0.200	60.000	20.803	0.000	0.000	0.000
181.130	45.016	0.445	45.000	1.000	10.000	1.000	0.100	1.000	0.200	60.000	21.033	0.000	0.000	0.000
181.365	45.024	0.452	45.000	1.000	10.000	1.000	0.100	1.000	0.200	60.000	21.274	0.000	0.000	0.000
181.608	45.020	0.438	45.000	1.000	10.000	1.000	0.100	1.000	0.200	60.000	21.509	0.000	0.000	0.000
182.075	45.028	0.433	45.000	1.000	10.000	1.000	0.100	1.000	0.200	60.000	21.988	0.000	0.000	0.000
182.306	45.028	0.435	45.000	1.000	10.000	1.000	0.100	1.000	0.200	60.000	22.219	0.000	0.000	0.000
182.538	45.032	0.435	45.000	1.000	10.000	1.000	0.100	1.000	0.200	60.000	22.450	0.000	0.000	0.000
182.770	45.028	0.428	45.000	1.000	10.000	1.000	0.100	1.000	0.200	60.000	22.682	0.000	0.000	0.000
183.015	45.028	0.435	45.000	1.000	10.000	1.000	0.100	1.000	0.200	60.000	22.914	0.000	0.000	0.000
183.257	45.024	0.433	45.000	1.000	10.000	1.000	0.100	1.000	0.200	60.000	23.159	0.000	0.000	0.000
183.495	45.032	0.438	45.000	1.000	10.000	1.000	0.100	1.000	0.200	60.000	23.401	0.000	0.000	0.000
183.729	45.032	0.424	45.000	1.000	10.000	1.000	0.100	1.000	0.200	60.000	23.639	0.000	0.000	0.000
183.964	45.036	0.427	45.000	1.000	10.000	1.000	0.100	1.000	0.200	60.000	23.873	0.000	0.000	0.000
184.214	45.024	0.420	45.000	1.000	10.000	1.000	0.100	1.000	0.200	60.000	24.108	0.000	0.000	0.000
184.447	45.028	0.438	45.000	1.000	10.000	1.000	0.100	1.000	0.200	60.000	24.358	0.000	0.000	0.000
184.685	45.028	0.427	45.000	1.000	10.000	1.000	0.100	1.000	0.200	60.000	24.591	0.000	0.000	0.000
184.917	45.028	0.428	45.000	1.000	10.000	1.000	0.100	1.000	0.200	60.000	24.829	0.000	0.000	0.000
185.150	45.020	0.427	45.000	1.000	10.000	1.000	0.100	1.000	0.200	60.000	25.061	0.000	0.000	0.000
185.398	45.020	0.438	45.000	1.000	10.000	1.000	0.100	1.000	0.200	60.000	25.294	0.000	0.000	0.000
185.633	45.024	0.434	45.000	1.000	10.000	1.000	0.100	1.000	0.200	60.000	25.542	0.000	0.000	0.000
185.875	45.020	0.428	45.000	1.000	10.000	1.000	0.100	1.000	0.200	60.000	25.777	0.000	0.000	0.000
186.110	45.016	0.435	45.000	1.000	10.000	1.000	0.100	1.000	0.200	60.000	26.019	0.000	0.000	0.000
186.348	45.016	0.439	45.000	1.000	10.000	1.000	0.100	1.000	0.200	60.000	26.254	0.000	0.000	0.000
186.591	45.016	0.437	45.000	1.000	10.000	1.000	0.100	1.000	0.200	60.000	26.492	0.000	0.000	0.000
186.829	45.008	0.436	45.000	1.000	10.000	1.000	0.100	1.000	0.200	60.000	26.735	0.000	0.000	0.000
187.063	45.004	0.448	45.000	1.000	10.000	1.000	0.100	1.000	0.200	60.000	26.973	0.000	0.000	0.000
187.297	45.004	0.450	45.000	1.000	10.000	1.000	0.100	1.000	0.200	60.000	27.207	0.000	0.000	0.000
187.545	45.008	0.448	45.000	1.000	10.000	1.000	0.100	1.000	0.200	60.000	27.441	0.000	0.000	0.000
187.774	45.004	0.442	45.000	1.000	10.000	1.000	0.100	1.000	0.200	60.000	27.689	0.000	0.000	0.000
188.013	45.000	0.449	45.000	1.000	10.000	1.000	0.100	1.000	0.200	60.000	27.918	0.000	0.000	0.000
188.251	44.996	0.453	45.000	1.000	10.000	1.000	0.100	1.000	0.200	60.000	28.157	0.000	0.000	0.000
188.496	44.996	0.457	45.000	1.000	10.000	1.000	0.100	1.000	0.200	60.000	28.395	0.000	0.000	0.000
188.742	44.992	0.456	45.000	1.000	10.000	1.000	0.100	1.000	0.200	60.000	28.640	0.000	0.000	0.000
188.981	44.996	0.462	45.000	1.000	10.000	1.000	0.100	1.000	0.200	60.000	28.886	0.000	0.000	0.000
189.216	44.996	0.455	45.000	1.000	10.000	1.000	0.100	1.000	0.200	60.000	29.125	0.000	0.000	0.000
189.457	44.992	0.456	45.000	1.000	10.000	1.000	0.100	1.000	0.200	60.000	29.360	0.000	0.000	0.000
189.687	44.996	0.462	45.000	1.000	10.000	1.000	0.100	1.000	0.200	60.000	29.601	0.000	0.000	0.000
189.927	44.996	0.455	45.000	1.000	10.000	1.000	0.100	1.000	0.200	60.000	29.831	0.000	0.000	0.000
190.162	44.992	0.457	45.000	1.000	10.000	1.000	0.100	1.000	0.200	60.000	30.071	0.000	0.000	0.000
190.395	44.996	0.463	45.000	1.000	10.000	1.000	0.100	1.000	0.200	60.000	30.306	0.000	0.000	0.000
190.631	44.988	0.455	45.000	1.000	10.000	1.000	0.100	1.000	0.200	60.000	30.539	0.000	0.000	0.000
190.870	44.992	0.469	45.000	1.000	10.000	1.000	0.100	1.000	0.200	60.000	30.775	0.000	0.000	0.000
191.109	44.992	0.460	45.000	1.000	10.000	1.000	0.100	1.000	0.200	60.000	31.014	0.000	0.000	0.000
191.343	44.992	0.462	45.000	1.000	10.000	1.000	0.100	1.000	0.200	60.000	31.253	0.000	0.000	0.000
191.584	44.980	0.462	45.000	1.000	10.000	1.000	0.100	1.000	0.200	60.000	31.487	0.000	0.000	0.000
191.832	44.984	0.479	45.000	1.000	10.000	1.000	0.100	1.000	0.200	60.000	31.728	0.000	0.000	0.000
192.071	44.984	0.469	45.000	1.000	10.000	1.000	0.100	1.000	0.200	60.000	31.976	0.000	0.000	0.000
192.315	44.984	0.471	45.000	1.000	10.000	1.000	0.100	1.000	0.200	60.000	32.215	0.000	0.000	0.000
192.551	44.984	0.472	45.000	1.000	10.000	1.000	0.100	1.000	0.200	60.000	32.459	0.000	0.000	0.000
192.795	44.984	0.472	45.000	1.000	10.000	1.000	0.100	1.000	0.200	60.000	32.695	0.000	0.000	0.000
193.043	44.988	0.472	45.000	1.000	10.000	1.000	0.100	1.000	0.200	60.000	32.939	0.000	0.000	0.000
193.279	44.984	0.467	45.000	1.000	10.000	1.000	0.100	1.000	0.200	60.000	33.187	0.000	0.000	0.000
193.510	44.980	0.475	45.000	1.000	10.000	1.000	0.100	1.000	0.200	60.000	33.423	0.000	0.000	0.000
193.754	44.984	0.479	45.000	1.000	10.000	1.000	0.100	1.000	0.200	60.000	33.654	0.000	0.000	0.000
193.999	44.996	0.472	45.000	1.000	10.000	1.000	0.100	1.000	0.200	60.000	33.898	0.000	0.000	0.000
194.238	44.992	0.457	45.000	1.000	10.000	1.000	0.100	1.000	0.200	60.000	34.143	0.000	0.000	0.000
194.473	44.984	0.468	45.000	1.000	10.000	1.000	0.100	1.000	0.200	60.000	34.382	0.000	0.000	0.000
194.706	44.992	0.478	45.000	1.000	10.000	1.000	0.100	1.000	0.200	60.000	34.617	0.000	0.000	0.000
194.936	44.996	0.463	45.000	1.000	10.000	1.000	0.100	1.000	0.200	60.000	34.850	0.000	0.000	0.000
195.180	44.996	0.461	45.000	1.000	10.000	1.000	0.100	1.000	0.200	60.000	35.080	0.000	0.000	0.000
195.421	44.992	0.463	45.000	1.000	10.000	1.000	0.100	1.000	0.200	60.000	35.324	0.000	0.000	0.000
195.653	45.004	0.469	45.000	1.000	10.000	1.000	0.100	1.000	0.200	60.000	35.565	0.000	0.000	0.000
195.885	44.996	0.450	45.000	1.000	10.000	1.000	0.100	1.000	0.200	60.000	35.797	0.000	0.000	0.000
196.115	45.000	0.467	45.000	1.000	10.000	1.000	0.100	1.000	0.200	60.000	36.029	0.000	0.000	0.000
196.358	45.004	0.457	45.000	1.000	10.000	1.000	0.100	1.000	0.200	60.000	36.259	0.000	0.000	0.000
196.608	44.996	0.453	45.000	1.000	10.000	1.000	0.100	1.000	0.200	60.000	36.502	0.000	0.000	0.000
196.856	45.004	0.466	45.000	1.000	10.000	1.000	0.100	1.000	0.200	60.000	36.752	0.000	0.000	0.000
197.094	45.004	0.452	45.000	1.000	10.000	1.000	0.100	1.000	0.200	60.000	37.001	0.000	0.000	0.000
197.339	45.004	0.455	45.000	1.000	10.000	1.000	0.100	1.000	0.200	60.000	37.238	0.000	0.000	0.000
197.579	45.008	0.455	45.000	1.000	10.000	1.000	0.100	1.000	0.200	60.000	37.483	0.000	0.000	0.000
197.814	45.012	0.449	45.000	1.000	10.000	1.000	0.100	1.000	0.200	60.000	37.723	0.000	0.000	0.000
198.046	45.012	0.445	45.000	1.000	10.000	1.000	0.100	1.000	0.200	60.000	37.958	0.000	0.000	0.000
198.276	45.008	0.446	45.000	1.000	10.000	1.000	0.100	1.000	0.200	60.000	38.190	0.000	0.000	0.000
198.520	45.008	0.452	45.000	1.000	10.000	1.000	0.100	1.000	0.200	60.000	38.420	0.000	0.000	0.000
198.766	45.012	0.450	45.000	1.000	10.000	1.000	0.100	1.000	0.200	60.000	38.664	0.000	0.000	0.000
199.006	45.016	0.444	45.000	1.000	10.000	1.000	0.100	1.000	0.200	60.000	38.910	0.000	0.000	0.000
199.255	45.012	0.439	45.000	1.000	10.000	1.000	0.100	1.000	0.200	60.000	39.150	0.000	0.000	0.000
199.493	45.008	0.446	45.000	1.000	10.000	1.000	0.100	1.000	0.200	60.000	39.399	0.000	0.000	0.000
199.736	45.020	0.450	45.000	1.000	10.000	1.000	0.100	1.000	0.200	60.000	39.637	0.000	0.000	0.000
199.970	45.020	0.431	45.000	1.000	10.000	1.000	0.100	1.000	0.200	60.000	39.881	0.000	0.000	0.000
200.207	45.020	0.436	45.000	1.000	10.000	1.000	0.100	1.000	0.200	60.000	40.114	0.000	0.000	0.000
200.440	45.020	0.435	45.000	1.000	10.000	1.000	0.100	1.000	0.200	60.000	40.351	0.000	0.000	0.000
200.685	45.016	0.435	45.000	1.000	10.000	1.000	0.100	1.000	0.200	60.000	40.584	0.000	0.000	0.000
200.931	45.012	0.440	45.000	1.000	10.000	1.000	0.100	1.000	0.200	60.000	40.829	0.000	0.000	0.000
201.174	45.016	0.444	45.000	1.000	10.000	1.000	0.100	1.000	0.200	60.000	41.075	0.000	0.000	0.000
201.416	45.016	0.436	45.000	1.000	10.000	1.000	0.100	1.000	0.200	60.000	41.318	0.000	0.000	0.000
201.655	45.016	0.437	45.000	1.000	10.000	1.000	0.100	1.000	0.200	60.000	41.560	0.000	0.000	0.000
201.897	45.012	0.437	45.000	1.000	10.000	1.000	0.100	1.000	0.200	60.000	41.799	0.000	0.000	0.000
202.127	45.016	0.442	45.000	1.000	10.000	1.000	0.100	1.000	0.200	60.000	42.041	0.000	0.000	0.000
202.365	45.016	0.435	45.000	1.000	10.000	1.000	0.100	1.000	0.200	60.000	42.271	0.000	0.000	0.000
202.609	45.012	0.436	45.000	1.000	10.000	1.000	0.100	1.000	0.200	60.000	42.509	0.000	0.000	0.000
202.855	45.012	0.441	45.000	1.000	10.000	1.000	0.100	1.000	0.200	60.000	42.753	0.000	0.000	0.000
203.103	45.016	0.439	45.000	1.000	10.000	1.000	0.100	1.000	0.200	60.000	42.999	0.000	0.000	0.000
203.340	45.012	0.433	45.000	1.000	10.000	1.000	0.100	1.000	0.200	60.000	43.247	0.000	0.000	0.000
203.585	45.004	0.440	45.000	1.000	10.000	1.000	0.100	1.000	0.200	60.000	43.484	0.000	0.000	0.000
203.820	45.008	0.450	45.000	1.000	10.000	1.000	0.100	1.000	0.200	60.000	43.729	0.000	0.000	0.000
204.061	45.000	0.441	45.000	1.000	10.000	1.000	0.100	1.000	0.200	60.000	43.964	0.000	0.000	0.000
204.294	45.008	0.454	45.000	1.000	10.000	1.000	0.100	1.000	0.200	60.000	44.205	0.000	0.000	0.000
204.534	45.000	0.439	45.000	1.000	10.000	1.000	0.100	1.000	0.200	60.000	44.438	0.000	0.000	0.000
204.782	44.996	0.454	45.000	1.000	10.000	1.000	0.100	1.000	0.200	60.000	44.679	0.000	0.000	0.000
205.018	44.992	0.456	45.000	1.000	10.000	1.000	0.100	1.000	0.200	60.000	44.926	0.000	0.000	0.000
205.258	44.992	0.460	45.000	1.000	10.000	1.000	0.100	1.000	0.200	60.000	45.162	0.000	0.000	0.000
205.489	44.996	0.459	45.000	1.000	10.000	1.000	0.100	1.000	0.200	60.000	45.402	0.000	0.000	0.000
205.731	44.996	0.453	45.000	1.000	10.000	1.000	0.100	1.000	0.200	60.000	45.633	0.000	0.000	0.000
206.219	44.996	0.455	45.000	1.000	10.000	1.000	0.100	1.000	0.200	60.000	46.125	0.000	0.000	0.000
206.452	44.996	0.455	45.000	1.000	10.000	1.000	0.100	1.000	0.200	60.000	46.364	0.000	0.000	0.000
206.698	44.996	0.455	45.000	1.000	10.000	1.000	0.100	1.000	0.200	60.000	46.596	0.000	0.000	0.000
206.944	44.992	0.455	45.000	1.000	10.000	1.000	0.100	1.000	0.200	60.000	46.842	0.000	0.000	0.000
207.190	44.996	0.461	45.000	1.000	10.000	1.000	0.100	1.000	0.200	60.000	47.088	0.000	0.000	0.000
207.427	44.992	0.454	45.000	1.000	10.000	1.000	0.100	1.000	0.200	60.000	47.334	0.000	0.000	0.000
207.670	44.992	0.462	45.000	1.000	10.000	1.000	0.100	1.000	0.200	60.000	47.571	0.000	0.000	0.000
207.917	44.996	0.460	45.000	1.000	10.000	1.000	0.100	1.000	0.200	60.000	47.814	0.000	0.000	0.000
208.159	44.996	0.455	45.000	1.000	10.000	1.000	0.100	1.000	0.200	60.000	48.061	0.000	0.000	0.000
208.404	44.992	0.456	45.000	1.000	10.000	1.000	0.100	1.000	0.200	60.000	48.303	0.000	0.000	0.000
208.633	44.992	0.462	45.000	1.000	10.000	1.000	0.100	1.000	0.200	60.000	48.548	0.000	0.000	0.000
208.878	44.992	0.461	45.000	1.000	10.000	1.000	0.100	1.000	0.200	60.000	48.777	0.000	0.000	0.000
209.115	45.004	0.461	45.000	1.000	10.000	1.000	0.100	1.000	0.200	60.000	49.022	0.000	0.000	0.000
209.351	44.992	0.444	45.000	1.000	10.000	1.000	0.100	1.000	0.200	60.000	49.260	0.000	0.000	0.000
209.582	44.996	0.466	45.000	1.000	10.000	1.000	0.100	1.000	0.200	60.000	49.495	0.000	0.000	0.000
209.816	44.992	0.455	45.000	1.000	10.000	1.000	0.100	1.000	0.200	60.000	49.726	0.000	0.000	0.000
210.051	44.992	0.463	45.000	1.000	10.000	1.000	0.100	1.000	0.200	60.000	49.960	0.000	0.000	0.000
210.292	44.988	0.462	45.000	1.000	10.000	1.000	0.100	1.000	0.200	60.000	50.195	0.000	0.000	0.000
210.520	44.996	0.467	45.000	1.000	10.000	1.000	0.100	1.000	0.200	60.000	50.436	0.000	0.000	0.000
210.754	44.992	0.454	45.000	1.000	10.000	1.000	0.100	1.000	0.200	60.000	50.664	0.000	0.000	0.000
210.988	44.988	0.464	45.000	1.000	10.000	1.000	0.100	1.000	0.200	60.000	50.898	0.000	0.000	0.000
211.227	44.992	0.468	45.000	1.000	10.000	1.000	0.100	1.000	0.200	60.000	51.132	0.000	0.000	0.000
211.470	44.996	0.461	45.000	1.000	10.000	1.000	0.100	1.000	0.200	60.000	51.371	0.000	0.000	0.000
211.710	44.996	0.457	45.000	1.000	10.000	1.000	0.100	1.000	0.200	60.000	51.614	0.000	0.000	0.000
211.947	45.004	0.459	45.000	1.000	10.000	1.000	0.100	1.000	0.200	60.000	51.854	0.000	0.000	0.000
212.181	45.004	0.447	45.000	1.000	10.000	1.000	0.100	1.000	0.200	60.000	52.091	0.000	0.000	0.000
212.412	44.996	0.451	45.000	1.000	10.000	1.000	0.100	1.000	0.200	60.000	52.325	0.000	0.000	0.000
212.650	45.000	0.462	45.000	1.000	10.000	1.000	0.100	1.000	0.200	60.000	52.556	0.000	0.000	0.000
212.884	45.004	0.453	45.000	1.000	10.000	1.000	0.100	1.000	0.200	60.000	52.794	0.000	0.000	0.000
213.127	45.004	0.449	45.000	1.000	10.000	1.000	0.100	1.000	0.200	60.000	53.028	0.000	0.000	0.000
213.371	45.008	0.451	45.000	1.000	10.000	1.000	0.100	1.000	0.200	60.000	53.271	0.000	0.000	0.000
213.618	45.008	0.445	45.000	1.000	10.000	1.000	0.100	1.000	0.200	60.000	53.515	0.000	0.000	0.000
213.855	45.012	0.446	45.000	1.000	10.000	1.000	0.100	1.000	0.200	60.000	53.762	0.000	0.000	0.000
214.092	45.004	0.440	45.000	1.000	10.000	1.000	0.100	1.000	0.200	60.000	53.999	0.000	0.000	0.000
214.337	45.008	0.453	45.000	1.000	10.000	1.000	0.100	1.000	0.200	60.000	54.236	0.000	0.000	0.000
214.571	45.008	0.444	45.000	1.000	10.000	1.000	0.100	1.000	0.200	60.000	54.481	0.000	0.000	0.000
214.815	45.008	0.445	45.000	1.000	10.000	1.000	0.100	1.000	0.200	60.000	54.715	0.000	0.000	0.000
215.048	45.008	0.445	45.000	1.000	10.000	1.000	0.100	1.000	0.200	60.000	54.959	0.000	0.000	0.000
215.289	45.004	0.445	45.000	1.000	10.000	1.000	0.100	1.000	0.200	60.000	55.192	0.000	0.000	0.000
215.534	45.016	0.451	45.000	1.000	10.000	1.000	0.100	1.000	0.200	60.000	55.433	0.000	0.000	0.000
215.764	45.008	0.432	45.000	1.000	10.000	1.000	0.100	1.000	0.200	60.000	55.678	0.000	0.000	0.000
215.997	45.004	0.448	45.000	1.000	10.000	1.000	0.100	1.000	0.200	60.000	55.908	0.000	0.000	0.000
216.234	45.008	0.450	45.000	1.000	10.000	1.000	0.100	1.000	0.200	60.000	56.142	0.000	0.000	0.000
216.479	45.012	0.442	45.000	1.000	10.000	1.000	0.100	1.000	0.200	60.000	56.378	0.000	0.000	0.000
216.724	45.008	0.438	45.000	1.000	10.000	1.000	0.100	1.000	0.200	60.000	56.623	0.000	0.000	0.000
216.961	45.012	0.445	45.000	1.000	10.000	1.000	0.100	1.000	0.200	60.000	56.868	0.000	0.000	0.000
217.193	45.008	0.438	45.000	1.000	10.000	1.000	0.100	1.000	0.200	60.000	57.105	0.000	0.000	0.000
217.434	45.008	0.445	45.000	1.000	10.000	1.000	0.100	1.000	0.200	60.000	57.337	0.000	0.000	0.000
217.680	45.012	0.443	45.000	1.000	10.000	1.000	0.100	1.000	0.200	60.000	57.578	0.000	0.000	0.000
217.918	45.004	0.437	45.000	1.000	10.000	1.000	0.100	1.000	0.200	60.000	57.824	0.000	0.000	0.000
218.153	45.008	0.450	45.000	1.000	10.000	1.000	0.100	1.000	0.200	60.000	58.062	0.000	0.000	0.000
218.384	45.012	0.441	45.000	1.000	10.000	1.000	0.100	1.000	0.200	60.000	58.297	0.000	0.000	0.000
218.620	45.008	0.436	45.000	1.000	10.000	1.000	0.100	1.000	0.200	60.000	58.528	0.000	0.000	0.000
218.849	45.008	0.444	45.000	1.000	10.000	1.000	0.100	1.000	0.200	60.000	58.764	0.000	0.000	0.000
219.084	45.008	0.442	45.000	1.000	10.000	1.000	0.100	1.000	0.200	60.000	58.993	0.000	0.000	0.000
219.317	45.004	0.442	45.000	1.000	10.000	1.000	0.100	1.000	0.200	60.000	59.228	0.000	0.000	0.000
219.552	45.004	0.447	45.000	1.000	10.000	1.000	0.100	1.000	0.200	60.000	59.461	0.000	0.000	0.000
219.795	45.004	0.445	45.000	1.000	10.000	1.000	0.100	1.000	0.200	60.000	59.696	0.000	0.000	0.000
220.041	45.008	0.445	45.000	1.000	10.000	1.000	0.100	1.000	0.200	60.000	59.939	0.000	0.000	0.000
220.277	45.000	0.439	45.000	1.000	10.000	1.000	0.100	1.000	0.200	60.000	60.185	1.000	0.000	0.000
220.509	44.996	0.453	45.000	1.000	10.000	1.000	0.100	1.000	0.200	60.000	60.421	1.000	0.000	0.000
220.855	44.996	0.455	45.000	1.000	10.000	1.000	0.100	1.000	0.200	60.000	60.653	1.000	0.000	0.000
221.208	45.004	0.453	45.000	1.000	10.000	1.000	0.100	1.000	0.200	60.000	60.999	1.000	0.000	0.000
221.547	45.000	0.443	45.000	1.000	10.000	1.000	0.100	1.000	0.200	60.000	61.353	1.000	0.000	0.000
221.893	45.000	0.450	45.000	1.000	10.000	1.000	0.100	1.000	0.200	60.000	61.691	1.000	0.000	0.000
222.243	45.000	0.449	45.000	1.000	10.000	1.000	0.100	1.000	0.200	60.000	62.037	1.000	0.000	0.000
222.603	44.996	0.449	45.000	1.000	10.000	1.000	0.100	1.000	0.200	60.000	62.387	1.000	0.000	0.000
222.951	45.000	0.454	45.000	1.000	10.000	1.000	0.100	1.000	0.200	60.000	62.747	1.000	0.000	0.000
223.312	44.992	0.448	45.000	1.000	10.000	1.000	0.100	1.000	0.200	60.000	63.095	1.000	0.000	0.000
223.667	45.004	0.460	45.000	1.000	10.000	1.000	0.100	1.000	0.200	60.000	63.456	1.000	0.000	0.000
224.022	44.996	0.442	45.000	1.000	10.000	1.000	0.100	1.000	0.200	60.000	63.811	1.000	0.000	0.000
224.387	45.000	0.456	45.000	1.000	10.000	1.000	0.100	1.000	0.200	60.000	64.166	1.000	0.000	0.000
224.718	45.000	0.449	30.000	1.000	10.000	1.000	0.100	1.000	0.200	60.000	64.531	1.000	0.000	0.000
224.962	45.008	0.000	30.000	1.000	10.000	1.000	0.100	1.000	0.200	60.000	0.000	0.000	0.000	0.000
225.203	45.000	0.000	30.000	1.000	10.000	1.000	0.100	1.000	0.200	60.000	0.000	0.000	0.000	0.000
225.452	45.000	0.003	30.000	1.000	10.000	1.000	0.100	1.000	0.200	60.000	0.000	0.000	0.000	0.000
225.696	44.992	0.000	30.000	1.000	10.000	1.000	0.100	1.000	0.200	60.000	0.000	0.000	0.000	0.000
225.945	44.988	0.003	30.000	1.000	10.000	1.000	0.100	1.000	0.200	60.000	0.000	0.000	0.000	0.000
226.185	44.968	0.002	30.000	1.000	10.000	1.000	0.100	1.000	0.200	60.000	0.000	0.000	0.000	0.000
226.419	44.948	0.008	30.000	1.000	10.000	1.000	0.100	1.000	0.200	60.000	0.000	0.000	0.000	0.000
226.655	44.932	0.009	30.000	1.000	10.000	1.000	0.100	1.000	0.200	60.000	0.000	0.000	0.000	0.000
226.902	44.888	0.007	30.000	1.000	10.000	1.000	0.100	1.000	0.200	60.000	0.000	0.000	0.000	0.000
227.142	44.864	0.018	30.000	1.000	10.000	1.000	0.100	1.000	0.200	60.000	0.000	0.000	0.000	0.000
227.389	44.836	0.010	30.000	1.000	10.000	1.000	0.100	1.000	0.200	60.000	0.000	0.000	0.000	0.000
227.636	44.805	0.011	30.000	1.000	10.000	1.000	0.100	1.000	0.200	60.000	0.000	0.000	0.000	0.000
227.870	44.773	0.013	30.000	1.000	10.000	1.000	0.100	1.000	0.200	60.000	0.000	0.000	0.000	0.000
228.108	44.734	0.014	30.000	1.000	10.000	1.000	0.100	1.000	0.200	60.000	0.000	0.000	0.000	0.000
228.355	44.694	0.017	30.000	1.000	10.000	1.000	0.100	1.000	0.200	60.000	0.000	0.000	0.000	0.000
228.601	44.651	0.016	30.000	1.000	10.000	1.000	0.100	1.000	0.200	60.000	0.000	0.000	0.000	0.000
228.839	44.608	0.018	30.000	1.000	10.000	1.000	0.100	1.000	0.200	60.000	0.000	0.000	0.000	0.000
229.071	44.564	0.018	30.000	1.000	10.000	1.000	0.100	1.000	0.200	60.000	0.000	0.000	0.000	0.000
229.310	44.521	0.019	30.000	1.000	10.000	1.000	0.100	1.000	0.200	60.000	0.000	0.000	0.000	0.000
229.560	44.474	0.018	30.000	1.000	10.000	1.000	0.100	1.000	0.200	60.000	0.000	0.000	0.000	0.000
229.805	44.424	0.019	30.000	1.000	10.000	1.000	0.100	1.000	0.200	60.000	0.000	0.000	0.000	0.000
230.041	44.377	0.021	30.000	1.000	10.000	1.000	0.100	1.000	0.200	60.000	0.000	0.000	0.000	0.000
230.280	44.323	0.020	30.000	1.000	10.000	1.000	0.100	1.000	0.200	60.000	0.000	0.000	0.000	0.000
230.517	44.276	0.023	30.000	1.000	10.000	1.000	0.100	1.000	0.200	60.000	0.000	0.000	0.000	0.000
230.756	44.230	0.020	30.000	1.000	10.000	1.000	0.100	1.000	0.200	60.000	0.000	0.000	0.000	0.000
230.994	44.180	0.020	30.000	1.000	10.000	1.000	0.100	1.000	0.200	60.000	0.000	0.000	0.000	0.000
231.228	44.122	0.021	30.000	1.000	10.000	1.000	0.100	1.000	0.200	60.000	0.000	0.000	0.000	0.000
