Npts = 8192
Rate = 2048 Hz

<data below>

2.468E+0
2.493E+0
2.523E+0
2.560E+0
2.601E+0
2.473E+0
2.483E+0
2.493E+0
2.502E+0
2.510E+0
2.514E+0
2.513E+0
2.505E+0
2.443E+0
2.438E+0
2.428E+0
2.415E+0
2.396E+0
2.372E+0
2.341E+0
2.304E+0
2.261E+0
2.390E+0
2.380E+0
2.370E+0
2.360E+0
2.353E+0
2.348E+0
2.348E+0
2.357E+0
2.419E+0
2.425E+0
2.434E+0
2.448E+0
2.466E+0
2.490E+0
2.520E+0
2.557E+0
2.599E+0
2.472E+0
2.482E+0
2.492E+0
2.502E+0
2.510E+0
2.515E+0
2.514E+0
2.507E+0
2.444E+0
2.438E+0
2.429E+0
2.416E+0
2.398E+0
2.373E+0
2.343E+0
2.307E+0
2.264E+0
2.391E+0
2.381E+0
2.370E+0
2.360E+0
2.352E+0
2.347E+0
2.346E+0
2.354E+0
2.419E+0
2.424E+0
2.433E+0
2.446E+0
2.464E+0
2.487E+0
2.517E+0
2.554E+0
2.597E+0
2.471E+0
2.481E+0
2.491E+0
2.502E+0
2.510E+0
2.515E+0
2.516E+0
2.510E+0
2.444E+0
2.438E+0
2.430E+0
2.417E+0
2.399E+0
2.375E+0
2.346E+0
2.309E+0
2.266E+0
2.391E+0
2.381E+0
2.370E+0
2.360E+0
2.351E+0
2.345E+0
2.344E+0
2.350E+0
2.418E+0
2.422E+0
2.432E+0
2.444E+0
2.462E+0
2.485E+0
2.514E+0
2.550E+0
2.594E+0
2.471E+0
2.481E+0
2.491E+0
2.502E+0
2.511E+0
2.517E+0
2.519E+0
2.513E+0
2.446E+0
2.440E+0
2.432E+0
2.420E+0
2.402E+0
2.380E+0
2.350E+0
2.314E+0
2.271E+0
2.394E+0
2.383E+0
2.373E+0
2.362E+0
2.352E+0
2.346E+0
2.344E+0
2.348E+0
2.418E+0
2.422E+0
2.431E+0
2.443E+0
2.460E+0
2.483E+0
2.512E+0
2.548E+0
2.591E+0
2.470E+0
2.480E+0
2.491E+0
2.502E+0
2.511E+0
2.518E+0
2.521E+0
2.516E+0
2.446E+0
2.442E+0
2.434E+0
2.422E+0
2.406E+0
2.384E+0
2.355E+0
2.319E+0
2.276E+0
2.396E+0
2.386E+0
2.374E+0
2.365E+0
2.355E+0
2.347E+0
2.345E+0
2.348E+0
2.419E+0
2.423E+0
2.431E+0
2.443E+0
2.459E+0
2.481E+0
2.510E+0
2.545E+0
2.588E+0
2.470E+0
2.480E+0
2.491E+0
2.502E+0
2.512E+0
2.519E+0
2.522E+0
2.519E+0
2.448E+0
2.444E+0
2.436E+0
2.425E+0
2.409E+0
2.387E+0
2.359E+0
2.324E+0
2.281E+0
2.398E+0
2.388E+0
2.377E+0
2.366E+0
2.356E+0
2.348E+0
2.344E+0
2.346E+0
2.419E+0
2.423E+0
2.430E+0
2.441E+0
2.457E+0
2.477E+0
2.506E+0
2.541E+0
2.584E+0
2.469E+0
2.479E+0
2.490E+0
2.500E+0
2.511E+0
2.519E+0
2.524E+0
2.522E+0
2.449E+0
2.445E+0
2.438E+0
2.428E+0
2.413E+0
2.391E+0
2.364E+0
2.329E+0
2.286E+0
2.401E+0
2.391E+0
2.380E+0
2.369E+0
2.359E+0
2.350E+0
2.345E+0
2.347E+0
2.419E+0
2.423E+0
2.430E+0
2.440E+0
2.455E+0
2.476E+0
2.503E+0
2.538E+0
2.581E+0
2.468E+0
2.478E+0
2.489E+0
2.500E+0
2.511E+0
2.520E+0
2.525E+0
2.525E+0
2.450E+0
2.447E+0
2.441E+0
2.431E+0
2.417E+0
2.396E+0
2.369E+0
2.335E+0
2.293E+0
2.404E+0
2.395E+0
2.384E+0
2.374E+0
2.363E+0
2.354E+0
2.348E+0
2.348E+0
2.424E+0
2.427E+0
2.434E+0
2.443E+0
2.458E+0
2.478E+0
2.505E+0
2.539E+0
2.581E+0
2.472E+0
2.482E+0
2.493E+0
2.505E+0
2.515E+0
2.525E+0
2.532E+0
2.532E+0
2.457E+0
2.453E+0
2.447E+0
2.438E+0
2.424E+0
2.404E+0
2.378E+0
2.344E+0
2.302E+0
2.410E+0
2.401E+0
2.390E+0
2.379E+0
2.368E+0
2.358E+0
2.352E+0
2.351E+0
2.428E+0
2.431E+0
2.437E+0
2.446E+0
2.460E+0
2.480E+0
2.506E+0
2.540E+0
2.582E+0
2.475E+0
2.486E+0
2.496E+0
2.508E+0
2.520E+0
2.530E+0
2.537E+0
2.539E+0
2.461E+0
2.459E+0
2.454E+0
2.444E+0
2.431E+0
2.412E+0
2.386E+0
2.353E+0
2.311E+0
2.416E+0
2.407E+0
2.396E+0
2.385E+0
2.374E+0
2.363E+0
2.356E+0
2.354E+0
2.431E+0
2.435E+0
2.441E+0
2.449E+0
2.463E+0
2.482E+0
2.507E+0
2.540E+0
2.582E+0
2.478E+0
2.488E+0
2.499E+0
2.511E+0
2.522E+0
2.533E+0
2.541E+0
2.543E+0
2.495E+0
2.462E+0
2.457E+0
2.448E+0
2.435E+0
2.417E+0
2.391E+0
2.358E+0
2.317E+0
2.419E+0
2.410E+0
2.399E+0
2.387E+0
2.376E+0
2.365E+0
2.357E+0
2.354E+0
2.376E+0
2.436E+0
2.440E+0
2.450E+0
2.462E+0
2.480E+0
2.505E+0
2.537E+0
2.579E+0
2.477E+0
2.487E+0
2.498E+0
2.510E+0
2.522E+0
2.532E+0
2.541E+0
2.544E+0
2.536E+0
2.462E+0
2.457E+0
2.449E+0
2.436E+0
2.417E+0
2.393E+0
2.360E+0
2.318E+0
2.418E+0
2.408E+0
2.397E+0
2.385E+0
2.373E+0
2.361E+0
2.352E+0
2.347E+0
2.352E+0
2.430E+0
2.433E+0
2.441E+0
2.453E+0
2.470E+0
2.494E+0
2.526E+0
2.566E+0
2.468E+0
2.477E+0
2.487E+0
2.499E+0
2.511E+0
2.522E+0
2.531E+0
2.535E+0
2.532E+0
2.452E+0
2.447E+0
2.439E+0
2.427E+0
2.409E+0
2.385E+0
2.353E+0
2.313E+0
2.408E+0
2.399E+0
2.388E+0
2.375E+0
2.363E+0
2.351E+0
2.341E+0
2.336E+0
2.337E+0
2.418E+0
2.421E+0
2.428E+0
2.440E+0
2.456E+0
2.480E+0
2.510E+0
2.551E+0
2.456E+0
2.464E+0
2.474E+0
2.486E+0
2.498E+0
2.509E+0
2.519E+0
2.525E+0
2.523E+0
2.441E+0
2.437E+0
2.429E+0
2.418E+0
2.401E+0
2.377E+0
2.346E+0
2.306E+0
2.399E+0
2.389E+0
2.379E+0
2.367E+0
2.354E+0
2.342E+0
2.332E+0
2.325E+0
2.325E+0
2.409E+0
2.412E+0
2.419E+0
2.430E+0
2.446E+0
2.469E+0
2.499E+0
2.539E+0
2.447E+0
2.456E+0
2.466E+0
2.478E+0
2.490E+0
2.502E+0
2.512E+0
2.519E+0
2.519E+0
2.435E+0
2.431E+0
2.425E+0
2.414E+0
2.398E+0
2.375E+0
2.344E+0
2.304E+0
2.395E+0
2.386E+0
2.375E+0
2.363E+0
2.350E+0
2.337E+0
2.326E+0
2.318E+0
2.318E+0
2.402E+0
2.406E+0
2.412E+0
2.423E+0
2.439E+0
2.460E+0
2.491E+0
2.530E+0
2.441E+0
2.450E+0
2.460E+0
2.472E+0
2.485E+0
2.497E+0
2.508E+0
2.517E+0
2.518E+0
2.431E+0
2.429E+0
2.423E+0
2.412E+0
2.397E+0
2.375E+0
2.345E+0
2.306E+0
2.394E+0
2.385E+0
2.374E+0
2.363E+0
2.350E+0
2.337E+0
2.326E+0
2.318E+0
2.315E+0
2.402E+0
2.406E+0
2.412E+0
2.421E+0
2.437E+0
2.458E+0
2.488E+0
2.527E+0
2.441E+0
2.451E+0
2.461E+0
2.473E+0
2.486E+0
2.499E+0
2.511E+0
2.519E+0
2.523E+0
2.434E+0
2.432E+0
2.426E+0
2.416E+0
2.402E+0
2.381E+0
2.352E+0
2.313E+0
2.398E+0
2.389E+0
2.379E+0
2.367E+0
2.355E+0
2.341E+0
2.330E+0
2.321E+0
2.318E+0
2.407E+0
2.410E+0
2.416E+0
2.425E+0
2.440E+0
2.462E+0
2.490E+0
2.530E+0
2.447E+0
2.456E+0
2.467E+0
2.479E+0
2.493E+0
2.506E+0
2.519E+0
2.528E+0
2.532E+0
2.443E+0
2.440E+0
2.435E+0
2.426E+0
2.412E+0
2.392E+0
2.363E+0
2.325E+0
2.407E+0
2.398E+0
2.388E+0
2.376E+0
2.364E+0
2.351E+0
2.338E+0
2.329E+0
2.324E+0
2.415E+0
2.418E+0
2.423E+0
2.433E+0
2.447E+0
2.468E+0
2.497E+0
2.535E+0
2.455E+0
2.464E+0
2.476E+0
2.488E+0
2.502E+0
2.516E+0
2.529E+0
2.539E+0
2.544E+0
2.454E+0
2.452E+0
2.447E+0
2.439E+0
2.425E+0
2.405E+0
2.378E+0
2.340E+0
2.420E+0
2.411E+0
2.402E+0
2.390E+0
2.377E+0
2.364E+0
2.352E+0
2.342E+0
2.337E+0
2.430E+0
2.433E+0
2.438E+0
2.448E+0
2.462E+0
2.483E+0
2.511E+0
2.549E+0
2.473E+0
2.482E+0
2.494E+0
2.507E+0
2.521E+0
2.536E+0
2.550E+0
2.562E+0
2.568E+0
2.477E+0
2.475E+0
2.471E+0
2.463E+0
2.450E+0
2.432E+0
2.405E+0
2.369E+0
2.446E+0
2.438E+0
2.428E+0
2.417E+0
2.404E+0
2.392E+0
2.379E+0
2.369E+0
2.364E+0
2.458E+0
2.462E+0
2.467E+0
2.478E+0
2.492E+0
2.513E+0
2.542E+0
2.580E+0
2.507E+0
2.518E+0
2.529E+0
2.543E+0
2.559E+0
2.575E+0
2.589E+0
2.603E+0
2.611E+0
2.518E+0
2.518E+0
2.514E+0
2.508E+0
2.495E+0
2.478E+0
2.452E+0
2.417E+0
2.491E+0
2.484E+0
2.474E+0
2.464E+0
2.452E+0
2.439E+0
2.426E+0
2.416E+0
2.411E+0
2.508E+0
2.511E+0
2.518E+0
2.528E+0
2.542E+0
2.563E+0
2.592E+0
2.630E+0
2.560E+0
2.570E+0
2.583E+0
2.597E+0
2.613E+0
2.629E+0
2.644E+0
2.658E+0
2.667E+0
2.572E+0
2.572E+0
2.569E+0
2.562E+0
2.551E+0
2.532E+0
2.507E+0
2.472E+0
2.543E+0
2.536E+0
2.526E+0
2.515E+0
2.502E+0
2.488E+0
2.476E+0
2.465E+0
2.459E+0
2.556E+0
2.559E+0
2.565E+0
2.574E+0
2.588E+0
2.608E+0
2.636E+0
2.673E+0
2.649E+0
2.616E+0
2.628E+0
2.642E+0
2.656E+0
2.672E+0
2.688E+0
2.700E+0
2.710E+0
2.613E+0
2.612E+0
2.608E+0
2.601E+0
2.589E+0
2.570E+0
2.544E+0
2.510E+0
2.493E+0
2.568E+0
2.558E+0
2.546E+0
2.532E+0
2.518E+0
2.504E+0
2.492E+0
2.485E+0
2.584E+0
2.586E+0
2.592E+0
2.601E+0
2.615E+0
2.634E+0
2.662E+0
2.698E+0
2.737E+0
2.644E+0
2.657E+0
2.671E+0
2.687E+0
2.702E+0
2.719E+0
2.732E+0
2.742E+0
2.645E+0
2.645E+0
2.642E+0
2.635E+0
2.624E+0
2.606E+0
2.582E+0
2.548E+0
2.506E+0
2.606E+0
2.597E+0
2.585E+0
2.573E+0
2.560E+0
2.547E+0
2.537E+0
2.532E+0
2.635E+0
2.639E+0
2.648E+0
2.659E+0
2.676E+0
2.699E+0
2.730E+0
2.770E+0
2.819E+0
2.727E+0
2.744E+0
2.764E+0
2.785E+0
2.807E+0
2.828E+0
2.848E+0
2.863E+0
2.770E+0
2.775E+0
2.779E+0
2.779E+0
2.773E+0
2.763E+0
2.745E+0
2.718E+0
2.683E+0
2.787E+0
2.785E+0
2.781E+0
2.776E+0
2.770E+0
2.766E+0
2.765E+0
2.769E+0
2.883E+0
2.897E+0
2.915E+0
2.937E+0
2.964E+0
2.998E+0
3.039E+0
3.088E+0
3.146E+0
3.067E+0
3.094E+0
3.123E+0
3.153E+0
3.183E+0
3.211E+0
3.237E+0
3.256E+0
3.165E+0
3.176E+0
3.182E+0
3.185E+0
3.181E+0
3.172E+0
3.155E+0
3.130E+0
3.097E+0
3.198E+0
3.195E+0
3.190E+0
3.184E+0
3.179E+0
3.175E+0
3.175E+0
3.181E+0
3.299E+0
3.314E+0
3.331E+0
3.353E+0
3.381E+0
3.416E+0
3.457E+0
3.504E+0
3.559E+0
3.481E+0
3.507E+0
3.532E+0
3.558E+0
3.582E+0
3.602E+0
3.617E+0
3.626E+0
3.520E+0
3.518E+0
3.511E+0
3.498E+0
3.478E+0
3.450E+0
3.415E+0
3.370E+0
3.320E+0
3.397E+0
3.371E+0
3.345E+0
3.318E+0
3.292E+0
3.270E+0
3.252E+0
3.243E+0
3.347E+0
3.345E+0
3.347E+0
3.357E+0
3.373E+0
3.396E+0
3.426E+0
3.463E+0
3.504E+0
3.419E+0
3.433E+0
3.448E+0
3.459E+0
3.468E+0
3.470E+0
3.465E+0
3.449E+0
3.317E+0
3.292E+0
3.260E+0
3.219E+0
3.171E+0
3.114E+0
3.051E+0
2.982E+0
2.908E+0
2.960E+0
2.912E+0
2.867E+0
2.825E+0
2.789E+0
2.760E+0
2.740E+0
2.732E+0
2.844E+0
2.847E+0
2.858E+0
2.879E+0
2.909E+0
2.946E+0
2.992E+0
3.043E+0
3.097E+0
3.028E+0
3.055E+0
3.080E+0
3.101E+0
3.117E+0
3.123E+0
3.119E+0
3.104E+0
2.969E+0
2.942E+0
2.907E+0
2.863E+0
2.812E+0
2.753E+0
2.686E+0
2.617E+0
2.544E+0
2.593E+0
2.549E+0
2.508E+0
2.473E+0
2.444E+0
2.425E+0
2.417E+0
2.421E+0
2.548E+0
2.564E+0
2.591E+0
2.626E+0
2.670E+0
2.722E+0
2.780E+0
2.844E+0
2.910E+0
2.855E+0
2.893E+0
2.928E+0
2.958E+0
2.981E+0
2.995E+0
2.998E+0
2.989E+0
2.858E+0
2.837E+0
2.807E+0
2.770E+0
2.723E+0
2.670E+0
2.609E+0
2.545E+0
2.478E+0
2.531E+0
2.493E+0
2.458E+0
2.429E+0
2.405E+0
2.391E+0
2.387E+0
2.394E+0
2.527E+0
2.546E+0
2.574E+0
2.611E+0
2.657E+0
2.709E+0
2.768E+0
2.831E+0
2.897E+0
2.846E+0
2.885E+0
2.920E+0
2.951E+0
2.977E+0
2.993E+0
3.001E+0
2.996E+0
2.868E+0
2.853E+0
2.829E+0
2.798E+0
2.759E+0
2.713E+0
2.660E+0
2.602E+0
2.542E+0
2.597E+0
2.564E+0
2.533E+0
2.506E+0
2.485E+0
2.470E+0
2.465E+0
2.470E+0
2.600E+0
2.616E+0
2.639E+0
2.670E+0
2.708E+0
2.754E+0
2.805E+0
2.862E+0
2.922E+0
2.869E+0
2.902E+0
2.933E+0
2.962E+0
2.986E+0
3.003E+0
3.013E+0
3.012E+0
2.887E+0
2.876E+0
2.857E+0
2.832E+0
2.800E+0
2.760E+0
2.714E+0
2.663E+0
2.607E+0
2.663E+0
2.635E+0
2.606E+0
2.580E+0
2.558E+0
2.542E+0
2.532E+0
2.531E+0
2.656E+0
2.666E+0
2.681E+0
2.704E+0
2.733E+0
2.770E+0
2.812E+0
2.861E+0
2.915E+0
2.858E+0
2.885E+0
2.912E+0
2.937E+0
2.959E+0
2.976E+0
2.987E+0
2.990E+0
2.866E+0
2.859E+0
2.844E+0
2.824E+0
2.797E+0
2.764E+0
2.724E+0
2.676E+0
2.625E+0
2.681E+0
2.655E+0
2.630E+0
2.605E+0
2.582E+0
2.564E+0
2.552E+0
2.547E+0
2.668E+0
2.675E+0
2.686E+0
2.703E+0
2.727E+0
2.757E+0
2.795E+0
2.839E+0
2.889E+0
2.832E+0
2.855E+0
2.880E+0
2.903E+0
2.925E+0
2.943E+0
2.956E+0
2.962E+0
2.842E+0
2.837E+0
2.826E+0
2.811E+0
2.789E+0
2.760E+0
2.725E+0
2.682E+0
2.633E+0
2.689E+0
2.667E+0
2.643E+0
2.620E+0
2.599E+0
2.580E+0
2.565E+0
2.558E+0
2.639E+0
2.681E+0
2.689E+0
2.702E+0
2.723E+0
2.749E+0
2.782E+0
2.823E+0
2.869E+0
2.814E+0
2.834E+0
2.857E+0
2.879E+0
2.900E+0
2.919E+0
2.933E+0
2.943E+0
2.918E+0
2.821E+0
2.814E+0
2.802E+0
2.783E+0
2.758E+0
2.726E+0
2.687E+0
2.641E+0
2.696E+0
2.675E+0
2.654E+0
2.632E+0
2.610E+0
2.591E+0
2.574E+0
2.564E+0
2.569E+0
2.683E+0
2.689E+0
2.700E+0
2.716E+0
2.739E+0
2.769E+0
2.807E+0
2.851E+0
2.796E+0
2.815E+0
2.835E+0
2.857E+0
2.877E+0
2.897E+0
2.913E+0
2.924E+0
2.927E+0
2.805E+0
2.799E+0
2.789E+0
2.773E+0
2.751E+0
2.721E+0
2.685E+0
2.640E+0
2.693E+0
2.674E+0
2.653E+0
2.632E+0
2.611E+0
2.590E+0
2.573E+0
2.560E+0
2.555E+0
2.677E+0
2.682E+0
2.691E+0
2.705E+0
2.726E+0
2.753E+0
2.789E+0
2.831E+0
2.779E+0
2.797E+0
2.816E+0
2.837E+0
2.858E+0
2.877E+0
2.895E+0
2.907E+0
2.913E+0
2.789E+0
2.785E+0
2.776E+0
2.761E+0
2.741E+0
2.713E+0
2.678E+0
2.635E+0
2.685E+0
2.667E+0
2.647E+0
2.625E+0
2.603E+0
2.582E+0
2.564E+0
2.550E+0
2.542E+0
2.665E+0
2.669E+0
2.676E+0
2.689E+0
2.708E+0
2.734E+0
2.768E+0
2.810E+0
2.760E+0
2.778E+0
2.797E+0
2.817E+0
2.838E+0
2.858E+0
2.876E+0
2.890E+0
2.898E+0
2.773E+0
2.770E+0
2.762E+0
2.749E+0
2.730E+0
2.704E+0
2.669E+0
2.628E+0
2.674E+0
2.657E+0
2.637E+0
2.615E+0
2.594E+0
2.573E+0
2.554E+0
2.538E+0
2.529E+0
2.653E+0
2.655E+0
2.662E+0
2.674E+0
2.692E+0
2.717E+0
2.749E+0
2.790E+0
2.744E+0
2.761E+0
2.780E+0
2.800E+0
2.821E+0
2.840E+0
2.859E+0
2.874E+0
2.883E+0
2.759E+0
2.756E+0
2.749E+0
2.736E+0
2.718E+0
2.693E+0
2.660E+0
2.619E+0
2.663E+0
2.645E+0
2.627E+0
2.605E+0
2.584E+0
2.563E+0
2.543E+0
2.527E+0
2.516E+0
2.640E+0
2.642E+0
2.649E+0
2.660E+0
2.677E+0
2.701E+0
2.733E+0
2.773E+0
2.730E+0
2.746E+0
2.765E+0
2.785E+0
2.806E+0
2.827E+0
2.846E+0
2.863E+0
2.873E+0
2.748E+0
2.746E+0
2.739E+0
2.728E+0
2.711E+0
2.687E+0
2.655E+0
2.615E+0
2.656E+0
2.639E+0
2.621E+0
2.600E+0
2.579E+0
2.557E+0
2.536E+0
2.520E+0
2.507E+0
2.632E+0
2.634E+0
2.639E+0
2.650E+0
2.666E+0
2.689E+0
2.720E+0
2.759E+0
2.719E+0
2.735E+0
2.754E+0
2.774E+0
2.795E+0
2.817E+0
2.837E+0
2.854E+0
2.866E+0
2.740E+0
2.738E+0
2.733E+0
2.723E+0
2.707E+0
2.684E+0
2.653E+0
2.613E+0
2.652E+0
2.636E+0
2.617E+0
2.597E+0
2.575E+0
2.554E+0
2.533E+0
2.515E+0
2.503E+0
2.628E+0
2.629E+0
2.634E+0
2.644E+0
2.659E+0
2.681E+0
2.712E+0
2.750E+0
2.714E+0
2.730E+0
2.748E+0
2.768E+0
2.790E+0
2.812E+0
2.833E+0
2.851E+0
2.864E+0
2.738E+0
2.737E+0
2.732E+0
2.723E+0
2.708E+0
2.685E+0
2.655E+0
2.617E+0
2.652E+0
2.636E+0
2.618E+0
2.597E+0
2.576E+0
2.554E+0
2.533E+0
2.514E+0
2.501E+0
2.627E+0
2.628E+0
2.632E+0
2.641E+0
2.656E+0
2.678E+0
2.708E+0
2.746E+0
2.713E+0
2.729E+0
2.747E+0
2.769E+0
2.791E+0
2.813E+0
2.835E+0
2.854E+0
2.868E+0
2.742E+0
2.742E+0
2.738E+0
2.729E+0
2.715E+0
2.693E+0
2.664E+0
2.626E+0
2.658E+0
2.642E+0
2.623E+0
2.603E+0
2.582E+0
2.559E+0
2.538E+0
2.519E+0
2.504E+0
2.631E+0
2.632E+0
2.636E+0
2.645E+0
2.659E+0
2.681E+0
2.711E+0
2.748E+0
2.719E+0
2.736E+0
2.754E+0
2.776E+0
2.798E+0
2.821E+0
2.843E+0
2.863E+0
2.878E+0
2.752E+0
2.752E+0
2.749E+0
2.740E+0
2.726E+0
2.706E+0
2.677E+0
2.640E+0
2.669E+0
2.653E+0
2.634E+0
2.614E+0
2.592E+0
2.569E+0
2.548E+0
2.528E+0
2.514E+0
2.642E+0
2.642E+0
2.646E+0
2.655E+0
2.670E+0
2.691E+0
2.720E+0
2.758E+0
2.733E+0
2.750E+0
2.769E+0
2.790E+0
2.814E+0
2.837E+0
2.861E+0
2.882E+0
2.898E+0
2.771E+0
2.772E+0
2.769E+0
2.762E+0
2.748E+0
2.728E+0
2.699E+0
2.663E+0
2.688E+0
2.672E+0
2.655E+0
2.634E+0
2.612E+0
2.589E+0
2.567E+0
2.548E+0
2.532E+0
2.661E+0
2.662E+0
2.666E+0
2.675E+0
2.689E+0
2.712E+0
2.741E+0
2.779E+0
2.757E+0
2.774E+0
2.795E+0
2.817E+0
2.841E+0
2.866E+0
2.890E+0
2.912E+0
2.930E+0
2.804E+0
2.805E+0
2.803E+0
2.797E+0
2.784E+0
2.765E+0
2.738E+0
2.702E+0
2.705E+0
2.709E+0
2.692E+0
2.672E+0
2.650E+0
2.628E+0
2.606E+0
2.587E+0
2.571E+0
2.700E+0
2.701E+0
2.706E+0
2.716E+0
2.730E+0
2.753E+0
2.783E+0
2.821E+0
2.854E+0
2.821E+0
2.842E+0
2.865E+0
2.890E+0
2.916E+0
2.941E+0
2.965E+0
2.983E+0
2.858E+0
2.861E+0
2.860E+0
2.854E+0
2.843E+0
2.825E+0
2.799E+0
2.765E+0
2.728E+0
2.771E+0
2.754E+0
2.735E+0
2.713E+0
2.692E+0
2.670E+0
2.651E+0
2.636E+0
2.766E+0
2.767E+0
2.773E+0
2.782E+0
2.797E+0
2.819E+0
2.850E+0
2.887E+0
2.933E+0
2.892E+0
2.913E+0
2.937E+0
2.963E+0
2.989E+0
3.015E+0
3.039E+0
3.060E+0
2.935E+0
2.938E+0
2.939E+0
2.934E+0
2.924E+0
2.907E+0
2.883E+0
2.851E+0
2.809E+0
2.854E+0
2.838E+0
2.819E+0
2.798E+0
2.776E+0
2.755E+0
2.735E+0
2.719E+0
2.848E+0
2.848E+0
2.853E+0
2.860E+0
2.875E+0
2.895E+0
2.923E+0
2.959E+0
3.004E+0
2.965E+0
2.985E+0
3.007E+0
3.032E+0
3.058E+0
3.085E+0
3.109E+0
3.131E+0
3.006E+0
3.010E+0
3.011E+0
3.007E+0
2.999E+0
2.984E+0
2.961E+0
2.930E+0
2.889E+0
2.932E+0
2.916E+0
2.898E+0
2.878E+0
2.856E+0
2.834E+0
2.813E+0
2.795E+0
2.924E+0
2.923E+0
2.926E+0
2.933E+0
2.945E+0
2.963E+0
2.989E+0
3.024E+0
3.067E+0
3.030E+0
3.049E+0
3.070E+0
3.094E+0
3.119E+0
3.143E+0
3.168E+0
3.190E+0
3.064E+0
3.067E+0
3.069E+0
3.065E+0
3.056E+0
3.041E+0
3.018E+0
2.987E+0
2.946E+0
2.984E+0
2.967E+0
2.948E+0
2.927E+0
2.903E+0
2.878E+0
2.854E+0
2.832E+0
2.958E+0
2.954E+0
2.953E+0
2.955E+0
2.963E+0
2.976E+0
2.996E+0
3.025E+0
3.063E+0
3.023E+0
3.036E+0
3.051E+0
3.068E+0
3.087E+0
3.107E+0
3.126E+0
3.142E+0
3.012E+0
3.009E+0
3.004E+0
2.995E+0
2.980E+0
2.961E+0
2.933E+0
2.897E+0
2.851E+0
2.880E+0
2.858E+0
2.833E+0
2.806E+0
2.776E+0
2.745E+0
2.713E+0
2.681E+0
2.799E+0
2.788E+0
2.779E+0
2.773E+0
2.771E+0
2.776E+0
2.786E+0
2.806E+0
2.836E+0
2.793E+0
2.798E+0
2.807E+0
2.818E+0
2.832E+0
2.848E+0
2.866E+0
2.883E+0
2.753E+0
2.750E+0
2.745E+0
2.738E+0
2.727E+0
2.711E+0
2.688E+0
2.657E+0
2.616E+0
2.645E+0
2.629E+0
2.609E+0
2.587E+0
2.562E+0
2.534E+0
2.506E+0
2.476E+0
2.595E+0
2.588E+0
2.582E+0
2.579E+0
2.580E+0
2.586E+0
2.599E+0
2.620E+0
2.653E+0
2.617E+0
2.626E+0
2.637E+0
2.652E+0
2.670E+0
2.690E+0
2.714E+0
2.737E+0
2.614E+0
2.616E+0
2.615E+0
2.614E+0
2.608E+0
2.598E+0
2.581E+0
2.555E+0
2.519E+0
2.548E+0
2.536E+0
2.520E+0
2.501E+0
2.479E+0
2.454E+0
2.426E+0
2.397E+0
2.515E+0
2.510E+0
2.505E+0
2.502E+0
2.503E+0
2.508E+0
2.520E+0
2.540E+0
2.572E+0
2.540E+0
2.547E+0
2.559E+0
2.573E+0
2.591E+0
2.611E+0
2.635E+0
2.660E+0
2.538E+0
2.540E+0
2.540E+0
2.539E+0
2.535E+0
2.526E+0
2.510E+0
2.486E+0
2.451E+0
2.477E+0
2.464E+0
2.450E+0
2.431E+0
2.410E+0
2.385E+0
2.357E+0
2.329E+0
2.446E+0
2.440E+0
2.435E+0
2.432E+0
2.432E+0
2.437E+0
2.448E+0
2.468E+0
2.499E+0
2.471E+0
2.478E+0
2.490E+0
2.504E+0
2.522E+0
2.543E+0
2.568E+0
2.594E+0
2.474E+0
2.476E+0
2.478E+0
2.477E+0
2.474E+0
2.467E+0
2.453E+0
2.430E+0
2.396E+0
2.420E+0
2.409E+0
2.395E+0
2.378E+0
2.357E+0
2.334E+0
2.306E+0
2.277E+0
2.393E+0
2.388E+0
2.384E+0
2.380E+0
2.381E+0
2.385E+0
2.396E+0
2.416E+0
2.445E+0
2.421E+0
2.429E+0
2.440E+0
2.455E+0
2.473E+0
2.495E+0
2.519E+0
2.546E+0
2.427E+0
2.430E+0
2.433E+0
2.433E+0
2.431E+0
2.424E+0
2.411E+0
2.390E+0
2.357E+0
2.378E+0
2.367E+0
2.354E+0
2.337E+0
2.317E+0
2.293E+0
2.266E+0
2.237E+0
2.353E+0
2.347E+0
2.343E+0
2.340E+0
2.340E+0
2.344E+0
2.354E+0
2.373E+0
2.402E+0
2.381E+0
2.390E+0
2.401E+0
2.415E+0
2.433E+0
2.455E+0
2.481E+0
2.508E+0
2.391E+0
2.395E+0
2.397E+0
2.399E+0
2.397E+0
2.391E+0
2.379E+0
2.360E+0
2.328E+0
2.346E+0
2.337E+0
2.323E+0
2.307E+0
2.287E+0
2.264E+0
2.236E+0
2.207E+0
2.321E+0
2.317E+0
2.312E+0
2.310E+0
2.309E+0
2.313E+0
2.323E+0
2.340E+0
2.369E+0
2.351E+0
2.360E+0
2.370E+0
2.385E+0
2.403E+0
2.425E+0
2.451E+0
2.479E+0
2.416E+0
2.367E+0
2.370E+0
2.372E+0
2.371E+0
2.366E+0
2.355E+0
2.336E+0
2.307E+0
2.321E+0
2.312E+0
2.299E+0
2.283E+0
2.264E+0
2.240E+0
2.213E+0
2.184E+0
2.188E+0
2.293E+0
2.289E+0
2.286E+0
2.285E+0
2.289E+0
2.298E+0
2.315E+0
2.343E+0
2.329E+0
2.337E+0
2.348E+0
2.362E+0
2.381E+0
2.403E+0
2.429E+0
2.458E+0
2.477E+0
2.346E+0
2.350E+0
2.352E+0
2.351E+0
2.347E+0
2.337E+0
2.319E+0
2.291E+0
2.302E+0
2.292E+0
2.280E+0
2.264E+0
2.245E+0
2.221E+0
2.194E+0
2.164E+0
2.135E+0
2.272E+0
2.267E+0
2.264E+0
2.263E+0
2.266E+0
2.274E+0
2.290E+0
2.317E+0
2.306E+0
2.314E+0
2.326E+0
2.339E+0
2.358E+0
2.379E+0
2.405E+0
2.434E+0
2.464E+0
2.325E+0
2.328E+0
2.331E+0
2.331E+0
2.327E+0
2.318E+0
2.301E+0
2.273E+0
2.281E+0
2.272E+0
2.260E+0
2.245E+0
2.226E+0
2.203E+0
2.175E+0
2.146E+0
2.113E+0
2.252E+0
2.247E+0
2.244E+0
2.243E+0
2.244E+0
2.253E+0
2.267E+0
2.293E+0
2.287E+0
2.294E+0
2.305E+0
2.319E+0
2.337E+0
2.358E+0
2.384E+0
2.414E+0
2.446E+0
2.307E+0
2.310E+0
2.314E+0
2.315E+0
2.312E+0
2.304E+0
2.288E+0
2.262E+0
2.267E+0
2.259E+0
2.248E+0
2.233E+0
2.214E+0
2.192E+0
2.165E+0
2.135E+0
2.102E+0
2.240E+0
2.236E+0
2.232E+0
2.230E+0
2.233E+0
2.240E+0
2.255E+0
2.279E+0
2.276E+0
2.284E+0
2.294E+0
2.308E+0
2.326E+0
2.349E+0
2.375E+0
2.404E+0
2.437E+0
2.298E+0
2.303E+0
2.306E+0
2.308E+0
2.306E+0
2.298E+0
2.284E+0
2.259E+0
2.261E+0
2.253E+0
2.242E+0
2.228E+0
2.210E+0
2.188E+0
2.160E+0
2.130E+0
2.097E+0
2.234E+0
2.229E+0
2.225E+0
2.224E+0
2.225E+0
2.231E+0
2.245E+0
2.269E+0
2.268E+0
2.276E+0
2.286E+0
2.300E+0
2.317E+0
2.340E+0
2.366E+0
2.396E+0
2.429E+0
2.291E+0
2.296E+0
2.300E+0
2.302E+0
2.300E+0
2.293E+0
2.280E+0
2.257E+0
2.255E+0
2.249E+0
2.238E+0
2.224E+0
2.206E+0
2.184E+0
2.157E+0
2.126E+0
2.093E+0
2.230E+0
2.225E+0
2.220E+0
2.218E+0
2.219E+0
2.225E+0
2.237E+0
2.260E+0
2.262E+0
2.270E+0
2.279E+0
2.292E+0
2.310E+0
2.332E+0
2.358E+0
2.388E+0
2.422E+0
2.286E+0
2.290E+0
2.294E+0
2.295E+0
2.295E+0
2.289E+0
2.276E+0
2.254E+0
2.249E+0
2.242E+0
2.232E+0
2.218E+0
2.201E+0
2.178E+0
2.152E+0
2.121E+0
2.087E+0
2.223E+0
2.217E+0
2.213E+0
2.210E+0
2.210E+0
2.215E+0
2.227E+0
2.248E+0
2.253E+0
2.260E+0
2.270E+0
2.283E+0
2.301E+0
2.322E+0
2.348E+0
2.379E+0
2.413E+0
2.278E+0
2.282E+0
2.287E+0
2.289E+0
2.289E+0
2.285E+0
2.273E+0
2.252E+0
2.245E+0
2.238E+0
2.228E+0
2.215E+0
2.198E+0
2.176E+0
2.150E+0
2.119E+0
2.084E+0
2.219E+0
2.214E+0
2.209E+0
2.206E+0
2.205E+0
2.211E+0
2.221E+0
2.242E+0
2.250E+0
2.257E+0
2.267E+0
2.280E+0
2.297E+0
2.318E+0
2.345E+0
2.375E+0
2.410E+0
2.277E+0
2.282E+0
2.287E+0
2.290E+0
2.290E+0
2.287E+0
2.276E+0
2.257E+0
2.247E+0
2.241E+0
2.232E+0
2.219E+0
2.203E+0
2.182E+0
2.156E+0
2.126E+0
2.091E+0
2.225E+0
2.220E+0
2.215E+0
2.212E+0
2.212E+0
2.216E+0
2.226E+0
2.246E+0
2.258E+0
2.264E+0
2.275E+0
2.287E+0
2.305E+0
2.326E+0
2.353E+0
2.384E+0
2.420E+0
2.287E+0
2.294E+0
2.299E+0
2.303E+0
2.305E+0
2.302E+0
2.293E+0
2.274E+0
2.262E+0
2.257E+0
2.248E+0
2.236E+0
2.220E+0
2.200E+0
2.174E+0
2.144E+0
2.110E+0
2.242E+0
2.238E+0
2.233E+0
2.231E+0
2.230E+0
2.234E+0
2.244E+0
2.263E+0
2.278E+0
2.285E+0
2.295E+0
2.309E+0
2.325E+0
2.348E+0
2.374E+0
2.407E+0
2.443E+0
2.313E+0
2.319E+0
2.325E+0
2.330E+0
2.333E+0
2.331E+0
2.323E+0
2.306E+0
2.292E+0
2.287E+0
2.279E+0
2.267E+0
2.252E+0
2.232E+0
2.207E+0
2.177E+0
2.143E+0
2.274E+0
2.270E+0
2.266E+0
2.263E+0
2.262E+0
2.266E+0
2.276E+0
2.293E+0
2.311E+0
2.318E+0
2.328E+0
2.342E+0
2.359E+0
2.381E+0
2.408E+0
2.439E+0
2.476E+0
2.347E+0
2.354E+0
2.360E+0
2.366E+0
2.369E+0
2.367E+0
2.360E+0
2.344E+0
2.327E+0
2.323E+0
2.314E+0
2.304E+0
2.288E+0
2.268E+0
2.244E+0
2.214E+0
2.180E+0
2.309E+0
2.305E+0
2.301E+0
2.297E+0
2.296E+0
2.299E+0
2.308E+0
2.326E+0
2.352E+0
2.353E+0
2.362E+0
2.376E+0
2.393E+0
2.414E+0
2.441E+0
2.472E+0
2.509E+0
2.382E+0
2.388E+0
2.395E+0
2.400E+0
2.403E+0
2.402E+0
2.395E+0
2.380E+0
2.355E+0
2.355E+0
2.347E+0
2.335E+0
2.319E+0
2.299E+0
2.275E+0
2.244E+0
2.210E+0
2.338E+0
2.332E+0
2.328E+0
2.324E+0
2.322E+0
2.324E+0
2.332E+0
2.349E+0
2.375E+0
2.377E+0
2.387E+0
2.399E+0
2.416E+0
2.437E+0
2.464E+0
2.496E+0
2.532E+0
2.407E+0
2.414E+0
2.421E+0
2.426E+0
2.430E+0
2.431E+0
2.425E+0
2.412E+0
2.387E+0
2.386E+0
2.379E+0
2.368E+0
2.355E+0
2.336E+0
2.312E+0
2.284E+0
2.250E+0
2.379E+0
2.375E+0
2.373E+0
2.371E+0
2.372E+0
2.376E+0
2.387E+0
2.407E+0
2.438E+0
2.448E+0
2.463E+0
2.482E+0
2.506E+0
2.534E+0
2.569E+0
2.611E+0
2.658E+0
2.546E+0
2.566E+0
2.588E+0
2.610E+0
2.631E+0
2.650E+0
2.666E+0
2.675E+0
2.674E+0
2.694E+0
2.714E+0
2.730E+0
2.745E+0
2.755E+0
2.761E+0
2.765E+0
2.766E+0
2.930E+0
2.960E+0
2.992E+0
3.027E+0
3.065E+0
3.108E+0
3.158E+0
3.217E+0
3.287E+0
3.338E+0
3.392E+0
3.447E+0
3.508E+0
3.571E+0
3.637E+0
3.705E+0
3.775E+0
3.683E+0
3.724E+0
3.763E+0
3.798E+0
3.827E+0
3.850E+0
3.866E+0
3.870E+0
3.864E+0
3.871E+0
3.879E+0
3.882E+0
3.878E+0
3.870E+0
3.857E+0
3.843E+0
3.825E+0
3.966E+0
3.973E+0
3.980E+0
3.990E+0
4.004E+0
4.022E+0
4.049E+0
4.082E+0
4.126E+0
4.157E+0
4.185E+0
4.215E+0
4.250E+0
4.287E+0
4.328E+0
4.371E+0
4.413E+0
4.296E+0
4.314E+0
4.328E+0
4.340E+0
4.347E+0
4.348E+0
4.341E+0
4.324E+0
4.299E+0
4.283E+0
4.270E+0
4.255E+0
4.233E+0
4.208E+0
4.180E+0
4.149E+0
4.118E+0
4.244E+0
4.237E+0
4.230E+0
4.227E+0
4.227E+0
4.231E+0
4.244E+0
4.265E+0
4.296E+0
4.317E+0
4.330E+0
4.348E+0
4.368E+0
4.392E+0
4.418E+0
4.446E+0
4.474E+0
4.342E+0
4.343E+0
4.341E+0
4.336E+0
4.326E+0
4.309E+0
4.284E+0
4.250E+0
4.205E+0
4.166E+0
4.134E+0
4.099E+0
4.059E+0
4.015E+0
3.967E+0
3.917E+0
3.866E+0
3.972E+0
3.945E+0
3.919E+0
3.897E+0
3.879E+0
3.866E+0
3.860E+0
3.862E+0
3.874E+0
3.882E+0
3.880E+0
3.882E+0
3.889E+0
3.897E+0
3.911E+0
3.925E+0
3.941E+0
3.801E+0
3.792E+0
3.782E+0
3.768E+0
3.752E+0
3.729E+0
3.700E+0
3.663E+0
3.616E+0
3.571E+0
3.538E+0
3.502E+0
3.462E+0
3.418E+0
3.371E+0
3.321E+0
3.270E+0
3.375E+0
3.349E+0
3.325E+0
3.304E+0
3.286E+0
3.273E+0
3.267E+0
3.270E+0
3.283E+0
3.296E+0
3.295E+0
3.297E+0
3.305E+0
3.316E+0
3.331E+0
3.350E+0
3.371E+0
3.237E+0
3.232E+0
3.227E+0
3.219E+0
3.209E+0
3.194E+0
3.173E+0
3.144E+0
3.106E+0
3.066E+0
3.042E+0
3.013E+0
2.982E+0
2.946E+0
2.908E+0
2.866E+0
2.821E+0
2.931E+0
2.912E+0
2.895E+0
2.880E+0
2.868E+0
2.862E+0
2.861E+0
2.868E+0
2.885E+0
2.907E+0
2.912E+0
2.920E+0
2.933E+0
2.950E+0
2.971E+0
2.997E+0
3.025E+0
2.901E+0
2.903E+0
2.905E+0
2.905E+0
2.903E+0
2.897E+0
2.884E+0
2.863E+0
2.834E+0
2.798E+0
2.782E+0
2.761E+0
2.737E+0
2.708E+0
2.675E+0
2.638E+0
2.598E+0
2.710E+0
2.696E+0
2.684E+0
2.673E+0
2.664E+0
2.660E+0
2.662E+0
2.671E+0
2.689E+0
2.717E+0
2.724E+0
2.734E+0
2.750E+0
2.769E+0
2.793E+0
2.821E+0
2.853E+0
2.735E+0
2.741E+0
2.745E+0
2.749E+0
2.750E+0
2.747E+0
2.739E+0
2.724E+0
2.699E+0
2.663E+0
2.650E+0
2.633E+0
2.611E+0
2.586E+0
2.556E+0
2.522E+0
2.484E+0
2.596E+0
2.586E+0
2.575E+0
2.566E+0
2.559E+0
2.556E+0
2.559E+0
2.569E+0
2.589E+0
2.621E+0
2.630E+0
2.643E+0
2.659E+0
2.681E+0
2.707E+0
2.738E+0
2.772E+0
2.658E+0
2.666E+0
2.674E+0
2.680E+0
2.684E+0
2.685E+0
2.681E+0
2.669E+0
2.647E+0
2.611E+0
2.600E+0
2.586E+0
2.567E+0
2.545E+0
2.517E+0
2.485E+0
2.449E+0
2.561E+0
2.552E+0
2.544E+0
2.536E+0
2.531E+0
2.529E+0
2.533E+0
2.544E+0
2.564E+0
2.602E+0
2.612E+0
2.627E+0
2.645E+0
2.668E+0
2.696E+0
2.728E+0
2.765E+0
2.656E+0
2.665E+0
2.676E+0
2.685E+0
2.692E+0
2.695E+0
2.693E+0
2.685E+0
2.666E+0
2.630E+0
2.621E+0
2.609E+0
2.593E+0
2.572E+0
2.547E+0
2.518E+0
2.484E+0
2.552E+0
2.591E+0
2.584E+0
2.579E+0
2.576E+0
2.577E+0
2.583E+0
2.597E+0
2.619E+0
2.663E+0
2.676E+0
2.694E+0
2.716E+0
2.742E+0
2.773E+0
2.809E+0
2.848E+0
2.854E+0
2.754E+0
2.767E+0
2.777E+0
2.787E+0
2.792E+0
2.791E+0
2.784E+0
2.766E+0
2.726E+0
2.718E+0
2.706E+0
2.689E+0
2.668E+0
2.642E+0
2.611E+0
2.577E+0
2.550E+0
2.679E+0
2.671E+0
2.664E+0
2.660E+0
2.659E+0
2.664E+0
2.676E+0
2.697E+0
2.743E+0
2.755E+0
2.771E+0
2.792E+0
2.817E+0
2.846E+0
2.879E+0
2.916E+0
2.953E+0
2.820E+0
2.830E+0
2.839E+0
2.845E+0
2.847E+0
2.843E+0
2.832E+0
2.811E+0
2.764E+0
2.751E+0
2.735E+0
2.714E+0
2.688E+0
2.658E+0
2.624E+0
2.586E+0
2.548E+0
2.681E+0
2.670E+0
2.661E+0
2.653E+0
2.651E+0
2.654E+0
2.665E+0
2.685E+0
2.734E+0
2.746E+0
2.761E+0
2.782E+0
2.806E+0
2.836E+0
2.869E+0
2.905E+0
2.942E+0
2.808E+0
2.818E+0
2.826E+0
2.831E+0
2.832E+0
2.826E+0
2.814E+0
2.791E+0
2.739E+0
2.725E+0
2.706E+0
2.684E+0
2.656E+0
2.624E+0
2.588E+0
2.549E+0
2.509E+0
2.641E+0
2.628E+0
2.618E+0
2.611E+0
2.608E+0
2.611E+0
2.622E+0
2.642E+0
2.694E+0
2.706E+0
2.723E+0
2.744E+0
2.770E+0
2.799E+0
2.833E+0
2.870E+0
2.908E+0
2.775E+0
2.786E+0
2.794E+0
2.799E+0
2.800E+0
2.795E+0
2.781E+0
2.760E+0
2.704E+0
2.689E+0
2.670E+0
2.646E+0
2.619E+0
2.586E+0
2.550E+0
2.511E+0
2.471E+0
2.600E+0
2.587E+0
2.577E+0
2.569E+0
2.566E+0
2.569E+0
2.580E+0
2.600E+0
2.655E+0
2.667E+0
2.685E+0
2.706E+0
2.732E+0
2.763E+0
2.797E+0
2.834E+0
2.872E+0
2.742E+0
2.752E+0
2.761E+0
2.767E+0
2.769E+0
2.765E+0
2.752E+0
2.730E+0
2.672E+0
2.657E+0
2.639E+0
2.615E+0
2.587E+0
2.555E+0
2.519E+0
2.481E+0
2.440E+0
2.568E+0
2.555E+0
2.544E+0
2.537E+0
2.533E+0
2.536E+0
2.546E+0
2.565E+0
2.624E+0
2.636E+0
2.653E+0
2.676E+0
2.702E+0
2.733E+0
2.767E+0
2.804E+0
2.843E+0
2.715E+0
2.727E+0
2.736E+0
2.743E+0
2.745E+0
2.741E+0
2.730E+0
2.709E+0
2.649E+0
2.635E+0
2.616E+0
2.593E+0
2.566E+0
2.534E+0
2.498E+0
2.459E+0
2.418E+0
2.544E+0
2.531E+0
2.520E+0
2.512E+0
2.507E+0
2.509E+0
2.519E+0
2.537E+0
2.598E+0
2.611E+0
2.628E+0
2.650E+0
2.676E+0
2.707E+0
2.741E+0
2.779E+0
2.819E+0
2.693E+0
2.705E+0
2.715E+0
2.723E+0
2.726E+0
2.723E+0
2.713E+0
2.694E+0
2.630E+0
2.617E+0
2.599E+0
2.576E+0
2.549E+0
2.518E+0
2.482E+0
2.443E+0
2.403E+0
2.526E+0
2.513E+0
2.502E+0
2.493E+0
2.489E+0
2.490E+0
2.499E+0
2.516E+0
2.580E+0
2.593E+0
2.609E+0
2.631E+0
2.657E+0
2.688E+0
2.723E+0
2.761E+0
2.801E+0
2.677E+0
2.690E+0
2.701E+0
2.709E+0
2.712E+0
2.711E+0
2.701E+0
2.682E+0
2.616E+0
2.603E+0
2.585E+0
2.563E+0
2.536E+0
2.504E+0
2.468E+0
2.429E+0
2.388E+0
2.509E+0
2.496E+0
2.483E+0
2.474E+0
2.469E+0
2.470E+0
2.478E+0
2.494E+0
2.560E+0
2.573E+0
2.589E+0
2.611E+0
2.637E+0
2.668E+0
2.703E+0
2.740E+0
2.782E+0
2.661E+0
2.674E+0
2.685E+0
2.693E+0
2.697E+0
2.696E+0
2.687E+0
2.670E+0
2.600E+0
2.587E+0
2.569E+0
2.547E+0
2.519E+0
2.487E+0
2.451E+0
2.411E+0
2.370E+0
2.488E+0
2.474E+0
2.462E+0
2.451E+0
2.446E+0
2.446E+0
2.453E+0
2.469E+0
2.538E+0
2.550E+0
2.566E+0
2.588E+0
2.615E+0
2.645E+0
2.681E+0
2.719E+0
2.760E+0
2.641E+0
2.654E+0
2.666E+0
2.675E+0
2.680E+0
2.679E+0
2.671E+0
2.654E+0
2.582E+0
2.568E+0
2.550E+0
2.527E+0
2.500E+0
2.467E+0
2.430E+0
2.390E+0
2.348E+0
2.465E+0
2.450E+0
2.437E+0
2.426E+0
2.420E+0
2.420E+0
2.427E+0
2.443E+0
2.516E+0
2.528E+0
2.546E+0
2.568E+0
2.596E+0
2.628E+0
2.664E+0
2.704E+0
2.745E+0
2.630E+0
2.644E+0
2.657E+0
2.667E+0
2.672E+0
2.672E+0
2.665E+0
2.648E+0
2.573E+0
2.560E+0
2.541E+0
2.517E+0
2.489E+0
2.456E+0
2.419E+0
2.378E+0
2.336E+0
2.450E+0
2.435E+0
2.421E+0
2.411E+0
2.404E+0
2.404E+0
2.412E+0
2.428E+0
2.504E+0
2.519E+0
2.538E+0
2.562E+0
2.591E+0
2.625E+0
2.663E+0
2.705E+0
2.748E+0
2.635E+0
2.652E+0
2.666E+0
2.677E+0
2.685E+0
2.686E+0
2.678E+0
2.663E+0
2.610E+0
2.571E+0
2.553E+0
2.529E+0
2.500E+0
2.468E+0
2.430E+0
2.389E+0
2.347E+0
2.459E+0
2.445E+0
2.432E+0
2.422E+0
2.418E+0
2.420E+0
2.429E+0
2.448E+0
2.490E+0
2.548E+0
2.570E+0
2.598E+0
2.631E+0
2.669E+0
2.711E+0
2.756E+0
2.803E+0
2.697E+0
2.717E+0
2.735E+0
2.750E+0
2.760E+0
2.763E+0
2.759E+0
2.745E+0
2.717E+0
2.654E+0
2.637E+0
2.615E+0
2.587E+0
2.555E+0
2.518E+0
2.479E+0
2.439E+0
2.552E+0
2.539E+0
2.528E+0
2.521E+0
2.519E+0
2.524E+0
2.537E+0
2.560E+0
2.594E+0
2.670E+0
2.696E+0
2.729E+0
2.765E+0
2.808E+0
2.853E+0
2.902E+0
2.952E+0
2.851E+0
2.875E+0
2.896E+0
2.913E+0
2.926E+0
2.932E+0
2.931E+0
2.920E+0
2.898E+0
2.831E+0
2.817E+0
2.797E+0
2.773E+0
2.743E+0
2.711E+0
2.675E+0
2.637E+0
2.749E+0
2.739E+0
2.732E+0
2.727E+0
2.728E+0
2.734E+0
2.748E+0
2.772E+0
2.805E+0
2.887E+0
2.914E+0
2.946E+0
2.983E+0
3.025E+0
3.071E+0
3.120E+0
3.171E+0
3.073E+0
3.097E+0
3.119E+0
3.138E+0
3.154E+0
3.163E+0
3.165E+0
3.160E+0
3.143E+0
3.078E+0
3.069E+0
3.054E+0
3.035E+0
3.010E+0
2.981E+0
2.947E+0
2.910E+0
3.021E+0
3.011E+0
3.002E+0
2.994E+0
2.989E+0
2.988E+0
2.993E+0
3.005E+0
3.025E+0
3.097E+0
3.111E+0
3.128E+0
3.150E+0
3.175E+0
3.205E+0
3.239E+0
3.277E+0
3.168E+0
3.175E+0
3.184E+0
3.188E+0
3.192E+0
3.190E+0
3.184E+0
3.169E+0
3.145E+0
3.067E+0
3.047E+0
3.023E+0
2.995E+0
2.960E+0
2.921E+0
2.876E+0
2.826E+0
2.921E+0
2.898E+0
2.876E+0
2.854E+0
2.835E+0
2.817E+0
2.804E+0
2.798E+0
2.801E+0
2.860E+0
2.858E+0
2.860E+0
2.867E+0
2.878E+0
2.895E+0
2.918E+0
2.947E+0
2.833E+0
2.833E+0
2.834E+0
2.834E+0
2.833E+0
2.831E+0
2.824E+0
2.813E+0
2.793E+0
2.713E+0
2.697E+0
2.676E+0
2.653E+0
2.624E+0
2.590E+0
2.550E+0
2.503E+0
2.598E+0
2.581E+0
2.564E+0
2.548E+0
2.531E+0
2.518E+0
2.507E+0
2.503E+0
2.507E+0
2.573E+0
2.576E+0
2.582E+0
2.593E+0
2.610E+0
2.632E+0
2.662E+0
2.699E+0
2.597E+0
2.604E+0
2.613E+0
2.622E+0
2.631E+0
2.639E+0
2.643E+0
2.642E+0
2.634E+0
2.561E+0
2.555E+0
2.543E+0
2.529E+0
2.509E+0
2.483E+0
2.450E+0
2.409E+0
2.506E+0
2.495E+0
2.483E+0
2.471E+0
2.458E+0
2.448E+0
2.439E+0
2.435E+0
2.440E+0
2.510E+0
2.514E+0
2.521E+0
2.532E+0
2.549E+0
2.572E+0
2.602E+0
2.639E+0
2.541E+0
2.549E+0
2.558E+0
2.568E+0
2.578E+0
2.586E+0
2.591E+0
2.592E+0
2.586E+0
2.512E+0
2.506E+0
2.496E+0
2.482E+0
2.463E+0
2.438E+0
2.406E+0
2.365E+0
2.459E+0
2.449E+0
2.437E+0
2.424E+0
2.412E+0
2.400E+0
2.391E+0
2.386E+0
2.389E+0
2.462E+0
2.465E+0
2.472E+0
2.483E+0
2.499E+0
2.521E+0
2.551E+0
2.590E+0
2.494E+0
2.502E+0
2.511E+0
2.521E+0
2.532E+0
2.541E+0
2.548E+0
2.551E+0
2.546E+0
2.470E+0
2.464E+0
2.456E+0
2.442E+0
2.425E+0
2.400E+0
2.369E+0
2.329E+0
2.420E+0
2.410E+0
2.399E+0
2.387E+0
2.374E+0
2.363E+0
2.353E+0
2.348E+0
2.350E+0
2.425E+0
2.428E+0
2.434E+0
2.445E+0
2.461E+0
2.483E+0
2.512E+0
2.550E+0
2.458E+0
2.467E+0
2.476E+0
2.486E+0
2.498E+0
2.507E+0
2.516E+0
2.519E+0
2.516E+0
2.439E+0
2.434E+0
2.426E+0
2.414E+0
2.396E+0
2.373E+0
2.342E+0
2.303E+0
2.393E+0
2.382E+0
2.372E+0
2.360E+0
2.347E+0
2.336E+0
2.326E+0
2.321E+0
2.321E+0
2.399E+0
2.402E+0
2.409E+0
2.419E+0
2.435E+0
2.457E+0
2.486E+0
2.524E+0
2.435E+0
2.443E+0
2.453E+0
2.464E+0
2.475E+0
2.486E+0
2.495E+0
2.500E+0
2.498E+0
2.419E+0
2.415E+0
2.407E+0
2.395E+0
2.378E+0
2.356E+0
2.326E+0
2.287E+0
2.374E+0
2.364E+0
2.354E+0
2.341E+0
2.329E+0
2.318E+0
2.307E+0
2.301E+0
2.301E+0
2.381E+0
2.385E+0
2.391E+0
2.401E+0
2.416E+0
2.438E+0
2.467E+0
2.504E+0
2.419E+0
2.428E+0
2.438E+0
2.449E+0
2.461E+0
2.473E+0
2.482E+0
2.488E+0
2.487E+0
2.407E+0
2.402E+0
2.395E+0
2.384E+0
2.368E+0
2.346E+0
2.317E+0
2.279E+0
2.362E+0
2.353E+0
2.343E+0
2.331E+0
2.318E+0
2.306E+0
2.295E+0
2.289E+0
2.288E+0
2.369E+0
2.373E+0
2.379E+0
2.389E+0
2.404E+0
2.425E+0
2.454E+0
2.490E+0
2.456E+0
2.416E+0
2.426E+0
2.438E+0
2.449E+0
2.462E+0
2.472E+0
2.479E+0
2.479E+0
2.396E+0
2.393E+0
2.386E+0
2.376E+0
2.360E+0
2.338E+0
2.310E+0
2.272E+0
2.258E+0
2.344E+0
2.333E+0
2.321E+0
2.308E+0
2.296E+0
2.285E+0
2.278E+0
2.277E+0
2.360E+0
2.363E+0
2.368E+0
2.379E+0
2.393E+0
2.414E+0
2.442E+0
2.479E+0
2.516E+0
2.407E+0
2.417E+0
2.429E+0
2.442E+0
2.454E+0
2.464E+0
2.471E+0
2.474E+0
2.388E+0
2.386E+0
2.379E+0
2.369E+0
2.354E+0
2.333E+0
2.304E+0
2.267E+0
2.223E+0
2.337E+0
2.325E+0
2.313E+0
2.300E+0
2.288E+0
2.276E+0
2.268E+0
2.265E+0
2.350E+0
2.353E+0
2.359E+0
2.368E+0
2.383E+0
2.402E+0
2.430E+0
2.466E+0
2.510E+0
2.398E+0
2.408E+0
2.420E+0
2.432E+0
2.445E+0
2.456E+0
2.464E+0
2.467E+0
2.382E+0
2.378E+0
2.373E+0
2.363E+0
2.349E+0
2.328E+0
2.300E+0
2.265E+0
2.219E+0
2.331E+0
2.320E+0
2.308E+0
2.295E+0
2.282E+0
2.270E+0
2.261E+0
2.257E+0
2.344E+0
2.346E+0
2.351E+0
2.360E+0
2.374E+0
2.394E+0
2.421E+0
2.457E+0
2.502E+0
2.391E+0
2.401E+0
2.412E+0
2.425E+0
2.438E+0
2.449E+0
2.458E+0
2.462E+0
2.375E+0
2.372E+0
2.367E+0
2.357E+0
2.343E+0
2.324E+0
2.296E+0
2.261E+0
2.216E+0
2.324E+0
2.314E+0
2.301E+0
2.288E+0
2.275E+0
2.263E+0
2.253E+0
2.248E+0
2.336E+0
2.338E+0
2.343E+0
2.352E+0
2.365E+0
2.384E+0
2.410E+0
2.445E+0
2.490E+0
2.382E+0
2.393E+0
2.404E+0
2.417E+0
2.430E+0
2.442E+0
2.452E+0
2.457E+0
2.368E+0
2.365E+0
2.360E+0
2.352E+0
2.339E+0
2.320E+0
2.293E+0
2.258E+0
2.214E+0
2.318E+0
2.308E+0
2.296E+0
2.282E+0
2.268E+0
2.255E+0
2.244E+0
2.239E+0
2.328E+0
2.329E+0
2.333E+0
2.342E+0
2.354E+0
2.373E+0
2.398E+0
2.433E+0
2.477E+0
2.372E+0
2.382E+0
2.394E+0
2.407E+0
2.420E+0
2.433E+0
2.444E+0
2.450E+0
2.360E+0
2.358E+0
2.353E+0
2.345E+0
2.332E+0
2.314E+0
2.288E+0
2.254E+0
2.210E+0
2.312E+0
2.301E+0
2.289E+0
2.276E+0
2.262E+0
2.249E+0
2.238E+0
2.230E+0
2.321E+0
2.323E+0
2.326E+0
2.334E+0
2.345E+0
2.363E+0
2.389E+0
2.422E+0
2.466E+0
2.365E+0
2.375E+0
2.387E+0
2.400E+0
2.413E+0
2.426E+0
2.437E+0
2.444E+0
2.353E+0
2.351E+0
2.347E+0
2.339E+0
2.327E+0
2.309E+0
2.285E+0
2.250E+0
2.207E+0
2.306E+0
2.295E+0
2.284E+0
2.270E+0
2.256E+0
2.242E+0
2.230E+0
2.222E+0
2.313E+0
2.315E+0
2.318E+0
2.325E+0
2.337E+0
2.354E+0
2.378E+0
2.411E+0
2.454E+0
2.357E+0
2.366E+0
2.378E+0
2.391E+0
2.405E+0
2.418E+0
2.430E+0
2.439E+0
2.346E+0
2.345E+0
2.341E+0
2.334E+0
2.322E+0
2.305E+0
2.280E+0
2.247E+0
2.204E+0
2.300E+0
2.290E+0
2.278E+0
2.264E+0
2.250E+0
2.236E+0
2.223E+0
2.214E+0
2.305E+0
2.306E+0
2.309E+0
2.316E+0
2.327E+0
2.343E+0
2.367E+0
2.399E+0
2.441E+0
2.347E+0
2.356E+0
2.368E+0
2.381E+0
2.395E+0
2.409E+0
2.421E+0
2.430E+0
2.338E+0
2.336E+0
2.333E+0
2.326E+0
2.315E+0
2.299E+0
2.275E+0
2.243E+0
2.199E+0
2.293E+0
2.283E+0
2.271E+0
2.258E+0
2.243E+0
2.229E+0
2.215E+0
2.205E+0
2.299E+0
2.299E+0
2.302E+0
2.308E+0
2.318E+0
2.334E+0
2.357E+0
2.389E+0
2.430E+0
2.339E+0
2.349E+0
2.360E+0
2.373E+0
2.387E+0
2.402E+0
2.415E+0
2.425E+0
2.332E+0
2.331E+0
2.328E+0
2.321E+0
2.311E+0
2.295E+0
2.272E+0
2.240E+0
2.198E+0
2.288E+0
2.278E+0
2.266E+0
2.253E+0
2.238E+0
2.224E+0
2.210E+0
2.198E+0
2.292E+0
2.292E+0
2.295E+0
2.301E+0
2.310E+0
2.326E+0
2.348E+0
2.379E+0
2.420E+0
2.332E+0
2.341E+0
2.352E+0
2.365E+0
2.380E+0
2.395E+0
2.409E+0
2.420E+0
2.326E+0
2.325E+0
2.322E+0
2.317E+0
2.307E+0
2.292E+0
2.270E+0
2.239E+0
2.198E+0
2.283E+0
2.274E+0
2.262E+0
2.249E+0
2.234E+0
2.219E+0
2.204E+0
2.192E+0
2.286E+0
2.286E+0
2.288E+0
2.293E+0
2.302E+0
2.315E+0
2.337E+0
2.366E+0
2.407E+0
2.322E+0
2.331E+0
2.341E+0
2.354E+0
2.369E+0
2.383E+0
2.398E+0
2.410E+0
2.316E+0
2.315E+0
2.313E+0
2.307E+0
2.298E+0
2.284E+0
2.263E+0
2.232E+0
2.192E+0
2.274E+0
2.265E+0
2.254E+0
2.240E+0
2.226E+0
2.210E+0
2.195E+0
2.182E+0
2.244E+0
2.276E+0
2.278E+0
2.282E+0
2.290E+0
2.304E+0
2.325E+0
2.354E+0
2.395E+0
2.314E+0
2.323E+0
2.334E+0
2.348E+0
2.363E+0
2.380E+0
2.397E+0
2.414E+0
2.403E+0
2.327E+0
2.330E+0
2.331E+0
2.329E+0
2.322E+0
2.309E+0
2.287E+0
2.254E+0
2.342E+0
2.342E+0
2.340E+0
2.337E+0
2.333E+0
2.327E+0
2.322E+0
2.321E+0
2.332E+0
2.440E+0
2.455E+0
2.474E+0
2.497E+0
2.526E+0
2.563E+0
2.609E+0
2.667E+0
2.608E+0
2.638E+0
2.671E+0
2.706E+0
2.744E+0
2.783E+0
2.821E+0
2.857E+0
2.886E+0
2.807E+0
2.827E+0
2.845E+0
2.857E+0
2.865E+0
2.866E+0
2.858E+0
2.842E+0
2.942E+0
2.954E+0
2.963E+0
2.972E+0
2.979E+0
2.985E+0
2.993E+0
3.005E+0
3.023E+0
3.153E+0
3.179E+0
3.207E+0
3.242E+0
3.280E+0
3.324E+0
3.376E+0
3.437E+0
3.384E+0
3.417E+0
3.451E+0
3.488E+0
3.523E+0
3.558E+0
3.588E+0
3.615E+0
3.634E+0
3.540E+0
3.550E+0
3.556E+0
3.558E+0
3.552E+0
3.539E+0
3.520E+0
3.492E+0
3.576E+0
3.574E+0
3.570E+0
3.564E+0
3.557E+0
3.551E+0
3.547E+0
3.547E+0
3.554E+0
3.671E+0
3.685E+0
3.702E+0
3.724E+0
3.751E+0
3.784E+0
3.825E+0
3.873E+0
3.811E+0
3.831E+0
3.852E+0
3.874E+0
3.894E+0
3.914E+0
3.930E+0
3.940E+0
3.944E+0
3.833E+0
3.828E+0
3.818E+0
3.801E+0
3.780E+0
3.749E+0
3.712E+0
3.665E+0
3.727E+0
3.706E+0
3.683E+0
3.658E+0
3.632E+0
3.606E+0
3.583E+0
3.563E+0
3.550E+0
3.650E+0
3.644E+0
3.641E+0
3.642E+0
3.649E+0
3.662E+0
3.682E+0
3.711E+0
3.631E+0
3.632E+0
3.635E+0
3.639E+0
3.643E+0
3.646E+0
3.648E+0
3.644E+0
3.635E+0
3.509E+0
3.491E+0
3.470E+0
3.443E+0
3.412E+0
3.373E+0
3.328E+0
3.273E+0
3.325E+0
3.297E+0
3.268E+0
3.237E+0
3.206E+0
3.175E+0
3.147E+0
3.121E+0
3.103E+0
3.201E+0
3.191E+0
3.185E+0
3.184E+0
3.187E+0
3.198E+0
3.216E+0
3.243E+0
3.166E+0
3.167E+0
3.169E+0
3.173E+0
3.178E+0
3.182E+0
3.185E+0
3.185E+0
3.179E+0
3.055E+0
3.040E+0
3.021E+0
2.999E+0
2.971E+0
2.937E+0
2.895E+0
2.845E+0
2.896E+0
2.872E+0
2.847E+0
2.821E+0
2.793E+0
2.766E+0
2.740E+0
2.718E+0
2.700E+0
2.804E+0
2.797E+0
2.794E+0
2.796E+0
2.802E+0
2.817E+0
2.838E+0
2.870E+0
2.801E+0
2.806E+0
2.813E+0
2.822E+0
2.832E+0
2.843E+0
2.853E+0
2.860E+0
2.863E+0
2.744E+0
2.736E+0
2.725E+0
2.710E+0
2.690E+0
2.664E+0
2.629E+0
2.587E+0
2.641E+0
2.624E+0
2.606E+0
2.586E+0
2.565E+0
2.543E+0
2.523E+0
2.505E+0
2.492E+0
2.602E+0
2.601E+0
2.602E+0
2.610E+0
2.621E+0
2.640E+0
2.667E+0
2.702E+0
2.644E+0
2.653E+0
2.667E+0
2.681E+0
2.698E+0
2.715E+0
2.731E+0
2.746E+0
2.755E+0
2.641E+0
2.640E+0
2.634E+0
2.626E+0
2.612E+0
2.591E+0
2.564E+0
2.527E+0
2.583E+0
2.572E+0
2.559E+0
2.544E+0
2.528E+0
2.511E+0
2.495E+0
2.481E+0
2.473E+0
2.589E+0
2.593E+0
2.600E+0
2.611E+0
2.627E+0
2.651E+0
2.683E+0
2.723E+0
2.672E+0
2.687E+0
2.706E+0
2.726E+0
2.747E+0
2.769E+0
2.791E+0
2.810E+0
2.824E+0
2.713E+0
2.717E+0
2.715E+0
2.710E+0
2.700E+0
2.683E+0
2.659E+0
2.626E+0
2.684E+0
2.675E+0
2.665E+0
2.652E+0
2.639E+0
2.625E+0
2.612E+0
2.602E+0
2.597E+0
2.718E+0
2.725E+0
2.735E+0
2.750E+0
2.770E+0
2.797E+0
2.832E+0
2.874E+0
2.829E+0
2.848E+0
2.868E+0
2.890E+0
2.914E+0
2.937E+0
2.960E+0
2.979E+0
2.992E+0
2.879E+0
2.881E+0
2.879E+0
2.872E+0
2.859E+0
2.839E+0
2.812E+0
2.776E+0
2.826E+0
2.815E+0
2.799E+0
2.782E+0
2.765E+0
2.747E+0
2.731E+0
2.716E+0
2.708E+0
2.827E+0
2.830E+0
2.838E+0
2.849E+0
2.866E+0
2.890E+0
2.922E+0
2.961E+0
2.915E+0
2.931E+0
2.949E+0
2.969E+0
2.989E+0
3.009E+0
3.027E+0
3.041E+0
3.050E+0
2.931E+0
2.928E+0
2.921E+0
2.908E+0
2.890E+0
2.864E+0
2.832E+0
2.790E+0
2.833E+0
2.815E+0
2.794E+0
2.773E+0
2.751E+0
2.728E+0
2.709E+0
2.693E+0
2.683E+0
2.801E+0
2.802E+0
2.807E+0
2.817E+0
2.834E+0
2.858E+0
2.889E+0
2.928E+0
2.885E+0
2.900E+0
2.918E+0
2.938E+0
2.957E+0
2.976E+0
2.993E+0
3.006E+0
3.013E+0
2.890E+0
2.885E+0
2.876E+0
2.861E+0
2.840E+0
2.812E+0
2.776E+0
2.733E+0
2.745E+0
2.749E+0
2.727E+0
2.702E+0
2.678E+0
2.655E+0
2.634E+0
2.617E+0
2.606E+0
2.726E+0
2.727E+0
2.732E+0
2.744E+0
2.761E+0
2.786E+0
2.818E+0
2.857E+0
2.886E+0
2.835E+0
2.855E+0
2.875E+0
2.896E+0
2.916E+0
2.933E+0
2.947E+0
2.953E+0
2.830E+0
2.825E+0
2.815E+0
2.800E+0
2.778E+0
2.749E+0
2.713E+0
2.669E+0
2.624E+0
2.681E+0
2.658E+0
2.633E+0
2.608E+0
2.584E+0
2.563E+0
2.546E+0
2.535E+0
2.657E+0
2.658E+0
2.664E+0
2.676E+0
2.694E+0
2.720E+0
2.753E+0
2.793E+0
2.839E+0
2.776E+0
2.796E+0
2.817E+0
2.839E+0
2.861E+0
2.878E+0
2.893E+0
2.900E+0
2.775E+0
2.770E+0
2.760E+0
2.745E+0
2.723E+0
2.695E+0
2.658E+0
2.614E+0
2.565E+0
2.622E+0
2.598E+0
2.573E+0
2.547E+0
2.523E+0
2.501E+0
2.484E+0
2.473E+0
2.596E+0
2.597E+0
2.604E+0
2.616E+0
2.635E+0
2.660E+0
2.694E+0
2.734E+0
2.782E+0
2.722E+0
2.743E+0
2.766E+0
2.788E+0
2.811E+0
2.829E+0
2.844E+0
2.852E+0
2.726E+0
2.722E+0
2.713E+0
2.698E+0
2.676E+0
2.648E+0
2.612E+0
2.569E+0
2.518E+0
2.573E+0
2.548E+0
2.523E+0
2.497E+0
2.472E+0
2.450E+0
2.432E+0
2.420E+0
2.544E+0
2.545E+0
2.551E+0
2.563E+0
2.582E+0
2.607E+0
2.640E+0
2.681E+0
2.728E+0
2.673E+0
2.694E+0
2.717E+0
2.740E+0
2.763E+0
2.783E+0
2.798E+0
2.808E+0
2.681E+0
2.677E+0
2.669E+0
2.654E+0
2.634E+0
2.606E+0
2.571E+0
2.528E+0
2.477E+0
2.529E+0
2.504E+0
2.478E+0
2.452E+0
2.427E+0
2.404E+0
2.385E+0
2.372E+0
2.496E+0
2.497E+0
2.503E+0
2.514E+0
2.532E+0
2.557E+0
2.590E+0
2.630E+0
2.678E+0
2.626E+0
2.648E+0
2.671E+0
2.695E+0
2.718E+0
2.738E+0
2.754E+0
2.764E+0
2.637E+0
2.633E+0
2.625E+0
2.610E+0
2.590E+0
2.562E+0
2.526E+0
2.483E+0
2.432E+0
2.480E+0
2.455E+0
2.428E+0
2.401E+0
2.375E+0
2.352E+0
2.332E+0
2.318E+0
2.443E+0
2.443E+0
2.449E+0
2.460E+0
2.477E+0
2.502E+0
2.534E+0
2.575E+0
2.623E+0
2.575E+0
2.597E+0
2.620E+0
2.645E+0
2.668E+0
2.689E+0
2.706E+0
2.717E+0
2.589E+0
2.586E+0
2.578E+0
2.564E+0
2.543E+0
2.515E+0
2.479E+0
2.436E+0
2.385E+0
2.428E+0
2.403E+0
2.375E+0
2.347E+0
2.320E+0
2.295E+0
2.275E+0
2.260E+0
2.385E+0
2.384E+0
2.389E+0
2.399E+0
2.417E+0
2.441E+0
2.474E+0
2.514E+0
2.561E+0
2.517E+0
2.539E+0
2.564E+0
2.589E+0
2.613E+0
2.635E+0
2.653E+0
2.664E+0
2.537E+0
2.534E+0
2.526E+0
2.513E+0
2.492E+0
2.465E+0
2.430E+0
2.387E+0
2.336E+0
2.376E+0
2.351E+0
2.323E+0
2.296E+0
2.268E+0
2.243E+0
2.223E+0
2.207E+0
2.333E+0
2.333E+0
2.338E+0
2.349E+0
2.366E+0
2.392E+0
2.425E+0
2.465E+0
2.514E+0
2.473E+0
2.498E+0
2.523E+0
2.550E+0
2.575E+0
2.598E+0
2.617E+0
2.631E+0
2.503E+0
2.501E+0
2.493E+0
2.481E+0
2.461E+0
2.434E+0
2.399E+0
2.356E+0
2.306E+0
2.342E+0
2.316E+0
2.288E+0
2.260E+0
2.233E+0
2.207E+0
2.186E+0
2.171E+0
2.298E+0
2.298E+0
2.303E+0
2.315E+0
2.334E+0
2.360E+0
2.394E+0
2.436E+0
2.486E+0
2.451E+0
2.478E+0
2.506E+0
2.534E+0
2.562E+0
2.587E+0
2.609E+0
2.624E+0
2.496E+0
2.496E+0
2.490E+0
2.479E+0
2.460E+0
2.433E+0
2.400E+0
2.357E+0
2.308E+0
2.340E+0
2.314E+0
2.287E+0
2.258E+0
2.231E+0
2.206E+0
2.186E+0
2.172E+0
2.300E+0
2.302E+0
2.309E+0
2.323E+0
2.345E+0
2.373E+0
2.409E+0
2.454E+0
2.507E+0
2.480E+0
2.509E+0
2.540E+0
2.572E+0
2.603E+0
2.632E+0
2.656E+0
2.675E+0
2.548E+0
2.551E+0
2.547E+0
2.537E+0
2.521E+0
2.496E+0
2.463E+0
2.422E+0
2.374E+0
2.404E+0
2.379E+0
2.353E+0
2.326E+0
2.300E+0
2.278E+0
2.260E+0
2.249E+0
2.381E+0
2.387E+0
2.399E+0
2.416E+0
2.442E+0
2.475E+0
2.517E+0
2.568E+0
2.625E+0
2.607E+0
2.642E+0
2.679E+0
2.717E+0
2.753E+0
2.787E+0
2.816E+0
2.838E+0
2.715E+0
2.721E+0
2.721E+0
2.714E+0
2.701E+0
2.680E+0
2.651E+0
2.613E+0
2.569E+0
2.599E+0
2.579E+0
2.556E+0
2.535E+0
2.514E+0
2.496E+0
2.483E+0
2.477E+0
2.615E+0
2.627E+0
2.644E+0
2.667E+0
2.697E+0
2.735E+0
2.781E+0
2.835E+0
2.895E+0
2.884E+0
2.923E+0
2.962E+0
3.002E+0
3.041E+0
3.079E+0
3.113E+0
3.142E+0
3.078E+0
3.038E+0
3.046E+0
3.047E+0
3.043E+0
3.032E+0
3.013E+0
2.986E+0
2.951E+0
2.985E+0
2.971E+0
2.955E+0
2.937E+0
2.916E+0
2.895E+0
2.875E+0
2.856E+0
2.877E+0
2.976E+0
2.974E+0
2.974E+0
2.978E+0
2.988E+0
3.001E+0
3.022E+0
3.050E+0
3.009E+0
3.012E+0
3.016E+0
3.022E+0
3.029E+0
3.036E+0
3.043E+0
3.046E+0
3.038E+0
2.893E+0
2.876E+0
2.856E+0
2.830E+0
2.800E+0
2.764E+0
2.720E+0
2.667E+0
2.680E+0
2.651E+0
2.621E+0
2.588E+0
2.554E+0
2.519E+0
2.484E+0
2.449E+0
2.422E+0
2.544E+0
2.534E+0
2.528E+0
2.525E+0
2.529E+0
2.539E+0
2.558E+0
2.587E+0
2.554E+0
2.562E+0
2.573E+0
2.586E+0
2.603E+0
2.623E+0
2.644E+0
2.666E+0
2.686E+0
2.551E+0
2.551E+0
2.550E+0
2.544E+0
2.534E+0
2.518E+0
2.494E+0
2.460E+0
2.486E+0
2.473E+0
2.458E+0
2.440E+0
2.420E+0
2.396E+0
2.371E+0
2.344E+0
2.319E+0
2.453E+0
2.448E+0
2.447E+0
2.448E+0
2.455E+0
2.468E+0
2.488E+0
2.519E+0
2.492E+0
2.501E+0
2.513E+0
2.527E+0
2.546E+0
2.566E+0
2.590E+0
2.614E+0
2.637E+0
2.502E+0
2.503E+0
2.503E+0
2.499E+0
2.492E+0
2.478E+0
2.455E+0
2.423E+0
2.446E+0
2.435E+0
2.421E+0
2.404E+0
2.384E+0
2.361E+0
2.335E+0
2.309E+0
2.283E+0
2.416E+0
2.412E+0
2.411E+0
2.412E+0
2.417E+0
2.429E+0
2.449E+0
2.479E+0
2.455E+0
2.464E+0
2.476E+0
2.491E+0
2.509E+0
2.529E+0
2.552E+0
2.578E+0
2.602E+0
2.467E+0
2.470E+0
2.470E+0
2.467E+0
2.460E+0
2.447E+0
2.426E+0
2.396E+0
2.416E+0
2.405E+0
2.392E+0
2.375E+0
2.355E+0
2.333E+0
2.308E+0
2.281E+0
2.254E+0
2.387E+0
2.383E+0
2.382E+0
2.383E+0
2.388E+0
2.399E+0
2.418E+0
2.448E+0
2.428E+0
2.436E+0
2.448E+0
2.463E+0
2.481E+0
2.503E+0
2.527E+0
2.553E+0
2.579E+0
2.444E+0
2.447E+0
2.448E+0
2.446E+0
2.439E+0
2.428E+0
2.408E+0
2.378E+0
2.396E+0
2.386E+0
2.373E+0
2.357E+0
2.337E+0
2.315E+0
2.290E+0
2.262E+0
2.235E+0
2.368E+0
2.364E+0
2.362E+0
2.363E+0
2.368E+0
2.378E+0
2.397E+0
2.425E+0
2.408E+0
2.417E+0
2.429E+0
2.444E+0
2.462E+0
2.484E+0
2.508E+0
2.534E+0
2.561E+0
2.427E+0
2.431E+0
2.432E+0
2.431E+0
2.425E+0
2.414E+0
2.395E+0
2.366E+0
2.381E+0
2.372E+0
2.359E+0
2.344E+0
2.325E+0
2.303E+0
2.277E+0
2.250E+0
2.223E+0
2.355E+0
2.351E+0
2.349E+0
2.349E+0
2.354E+0
2.364E+0
2.381E+0
2.409E+0
2.395E+0
2.404E+0
2.416E+0
2.431E+0
2.449E+0
2.471E+0
2.495E+0
2.521E+0
2.550E+0
2.416E+0
2.420E+0
2.421E+0
2.420E+0
2.416E+0
2.406E+0
2.388E+0
2.360E+0
2.371E+0
2.362E+0
2.350E+0
2.335E+0
2.316E+0
2.294E+0
2.269E+0
2.241E+0
2.213E+0
2.345E+0
2.341E+0
2.338E+0
2.338E+0
2.342E+0
2.352E+0
2.368E+0
2.395E+0
2.384E+0
2.393E+0
2.404E+0
2.419E+0
2.437E+0
2.459E+0
2.483E+0
2.511E+0
2.538E+0
2.407E+0
2.410E+0
2.412E+0
2.412E+0
2.408E+0
2.398E+0
2.381E+0
2.355E+0
2.363E+0
2.355E+0
2.342E+0
2.327E+0
2.309E+0
2.287E+0
2.262E+0
2.234E+0
2.205E+0
2.336E+0
2.332E+0
2.329E+0
2.328E+0
2.331E+0
2.340E+0
2.355E+0
2.381E+0
2.373E+0
2.381E+0
2.392E+0
2.406E+0
2.424E+0
2.445E+0
2.470E+0
2.498E+0
2.526E+0
2.395E+0
2.398E+0
2.401E+0
2.401E+0
2.398E+0
2.389E+0
2.373E+0
2.348E+0
2.353E+0
2.344E+0
2.333E+0
2.318E+0
2.300E+0
2.278E+0
2.253E+0
2.225E+0
2.195E+0
2.326E+0
2.321E+0
2.318E+0
2.317E+0
2.319E+0
2.327E+0
2.342E+0
2.366E+0
2.362E+0
2.369E+0
2.380E+0
2.395E+0
2.412E+0
2.433E+0
2.457E+0
2.486E+0
2.515E+0
2.384E+0
2.388E+0
2.391E+0
2.392E+0
2.389E+0
2.381E+0
2.366E+0
2.341E+0
2.344E+0
2.335E+0
2.324E+0
2.310E+0
2.292E+0
2.270E+0
2.245E+0
2.216E+0
2.186E+0
2.316E+0
2.311E+0
2.307E+0
2.306E+0
2.308E+0
2.315E+0
2.329E+0
2.352E+0
2.351E+0
2.358E+0
2.369E+0
2.382E+0
2.400E+0
2.421E+0
2.446E+0
2.474E+0
2.504E+0
2.375E+0
2.379E+0
2.382E+0
2.384E+0
2.382E+0
2.374E+0
2.361E+0
2.337E+0
2.337E+0
2.329E+0
2.319E+0
2.304E+0
2.286E+0
2.266E+0
2.240E+0
2.212E+0
2.181E+0
2.310E+0
2.305E+0
2.302E+0
2.299E+0
2.301E+0
2.308E+0
2.321E+0
2.343E+0
2.359E+0
2.351E+0
2.362E+0
2.375E+0
2.392E+0
2.414E+0
2.438E+0
2.467E+0
2.497E+0
2.368E+0
2.373E+0
2.376E+0
2.378E+0
2.377E+0
2.370E+0
2.357E+0
2.335E+0
2.309E+0
2.324E+0
2.314E+0
2.300E+0
2.283E+0
2.261E+0
2.236E+0
2.207E+0
2.176E+0
2.305E+0
2.300E+0
2.296E+0
2.294E+0
2.296E+0
2.301E+0
2.313E+0
2.334E+0
2.366E+0
2.346E+0
2.355E+0
2.369E+0
2.386E+0
2.407E+0
2.432E+0
2.460E+0
2.491E+0
2.364E+0
2.369E+0
2.372E+0
2.374E+0
2.373E+0
2.367E+0
2.355E+0
2.335E+0
2.302E+0
2.321E+0
2.311E+0
2.298E+0
2.280E+0
2.259E+0
2.234E+0
2.205E+0
2.173E+0
2.300E+0
2.295E+0
2.291E+0
2.289E+0
2.289E+0
2.294E+0
2.305E+0
2.326E+0
2.357E+0
2.339E+0
2.349E+0
2.362E+0
2.379E+0
2.399E+0
2.424E+0
2.453E+0
2.484E+0
2.357E+0
2.362E+0
2.366E+0
2.368E+0
2.368E+0
2.364E+0
2.352E+0
2.333E+0
2.301E+0
2.316E+0
2.307E+0
2.294E+0
2.277E+0
2.256E+0
2.231E+0
2.202E+0
2.170E+0
2.295E+0
2.290E+0
2.286E+0
2.282E+0
2.283E+0
2.287E+0
2.297E+0
2.316E+0
2.347E+0
2.332E+0
2.342E+0
2.354E+0
2.370E+0
2.390E+0
2.414E+0
2.443E+0
2.475E+0
2.349E+0
2.354E+0
2.358E+0
2.361E+0
2.360E+0
2.356E+0
2.346E+0
2.327E+0
2.296E+0
2.308E+0
2.298E+0
2.286E+0
2.269E+0
2.248E+0
2.223E+0
2.194E+0
2.161E+0
2.286E+0
2.280E+0
2.275E+0
2.272E+0
2.271E+0
2.274E+0
2.283E+0
2.302E+0
2.331E+0
2.319E+0
2.328E+0
2.340E+0
2.356E+0
2.376E+0
2.400E+0
2.428E+0
2.460E+0
2.336E+0
2.341E+0
2.345E+0
2.348E+0
2.348E+0
2.345E+0
2.335E+0
2.317E+0
2.287E+0
2.296E+0
2.287E+0
2.274E+0
2.258E+0
2.237E+0
2.212E+0
2.183E+0
2.150E+0
2.272E+0
2.266E+0
2.261E+0
2.257E+0
2.256E+0
2.259E+0
2.266E+0
2.283E+0
2.311E+0
2.303E+0
2.311E+0
2.323E+0
2.338E+0
2.358E+0
2.382E+0
2.410E+0
2.443E+0
2.320E+0
2.326E+0
2.330E+0
2.333E+0
2.334E+0
2.331E+0
2.323E+0
2.306E+0
2.278E+0
2.283E+0
2.275E+0
2.263E+0
2.248E+0
2.228E+0
2.203E+0
2.174E+0
2.141E+0
2.262E+0
2.257E+0
2.251E+0
2.248E+0
2.245E+0
2.247E+0
2.255E+0
2.271E+0
2.297E+0
2.293E+0
2.301E+0
2.313E+0
2.327E+0
2.346E+0
2.370E+0
2.399E+0
2.432E+0
2.311E+0
2.316E+0
2.321E+0
2.324E+0
2.326E+0
2.324E+0
2.316E+0
2.301E+0
2.274E+0
2.277E+0
2.268E+0
2.257E+0
2.242E+0
2.222E+0
2.198E+0
2.169E+0
2.135E+0
2.255E+0
2.250E+0
2.244E+0
2.240E+0
2.238E+0
2.239E+0
2.245E+0
2.260E+0
2.285E+0
2.284E+0
2.292E+0
2.303E+0
2.318E+0
2.337E+0
2.360E+0
2.388E+0
2.422E+0
2.303E+0
2.308E+0
2.313E+0
2.316E+0
2.319E+0
2.318E+0
2.311E+0
2.297E+0
2.272E+0
2.271E+0
2.263E+0
2.253E+0
2.238E+0
2.219E+0
2.195E+0
2.166E+0
2.132E+0
2.250E+0
2.245E+0
2.240E+0
2.235E+0
2.233E+0
2.234E+0
2.240E+0
2.255E+0
2.281E+0
2.286E+0
2.296E+0
2.309E+0
2.327E+0
2.349E+0
2.378E+0
2.411E+0
2.451E+0
2.339E+0
2.350E+0
2.363E+0
2.374E+0
2.385E+0
2.393E+0
2.395E+0
2.391E+0
2.376E+0
2.382E+0
2.384E+0
2.385E+0
2.381E+0
2.373E+0
2.361E+0
2.344E+0
2.324E+0
2.455E+0
2.462E+0
2.472E+0
2.482E+0
2.495E+0
2.513E+0
2.536E+0
2.567E+0
2.609E+0
2.635E+0
2.662E+0
2.692E+0
2.728E+0
2.768E+0
2.814E+0
2.864E+0
2.918E+0
2.823E+0
2.850E+0
2.878E+0
2.904E+0
2.927E+0
2.947E+0
2.961E+0
2.966E+0
2.961E+0
2.972E+0
2.981E+0
2.987E+0
2.989E+0
2.987E+0
2.979E+0
2.968E+0
2.953E+0
3.090E+0
3.100E+0
3.111E+0
3.124E+0
3.139E+0
3.160E+0
3.186E+0
3.221E+0
3.266E+0
3.297E+0
3.327E+0
3.359E+0
3.396E+0
3.435E+0
3.479E+0
3.526E+0
3.575E+0
3.475E+0
3.499E+0
3.524E+0
3.546E+0
3.565E+0
3.579E+0
3.585E+0
3.584E+0
3.572E+0
3.571E+0
3.572E+0
3.570E+0
3.563E+0
3.552E+0
3.535E+0
3.516E+0
3.493E+0
3.620E+0
3.617E+0
3.615E+0
3.615E+0
3.616E+0
3.620E+0
3.629E+0
3.643E+0
3.666E+0
3.675E+0
3.679E+0
3.684E+0
3.692E+0
3.704E+0
3.716E+0
3.731E+0
3.746E+0
3.611E+0
3.598E+0
3.584E+0
3.569E+0
3.548E+0
3.523E+0
3.493E+0
3.454E+0
3.405E+0
3.365E+0
3.331E+0
3.294E+0
3.253E+0
3.209E+0
3.161E+0
3.110E+0
3.057E+0
3.104E+0
3.125E+0
3.098E+0
3.074E+0
3.052E+0
3.033E+0
3.022E+0
3.018E+0
3.023E+0
3.024E+0
3.016E+0
3.012E+0
3.012E+0
3.017E+0
3.027E+0
3.040E+0
3.058E+0
3.044E+0
2.921E+0
2.914E+0
2.905E+0
2.896E+0
2.881E+0
2.863E+0
2.838E+0
2.804E+0
2.773E+0
2.753E+0
2.730E+0
2.703E+0
2.672E+0
2.637E+0
2.598E+0
2.556E+0
2.521E+0
2.646E+0
2.631E+0
2.618E+0
2.607E+0
2.600E+0
2.598E+0
2.603E+0
2.619E+0
2.634E+0
2.636E+0
2.643E+0
2.653E+0
2.669E+0
2.689E+0
2.713E+0
2.743E+0
2.773E+0
2.629E+0
2.632E+0
2.634E+0
2.634E+0
2.631E+0
2.624E+0
2.609E+0
2.584E+0
2.560E+0
2.548E+0
2.533E+0
2.515E+0
2.492E+0
2.465E+0
2.433E+0
2.398E+0
2.360E+0
2.499E+0
2.490E+0
2.482E+0
2.477E+0
2.475E+0
2.478E+0
2.489E+0
2.509E+0
2.532E+0
2.540E+0
2.552E+0
2.568E+0
2.588E+0
2.613E+0
2.642E+0
2.675E+0
2.712E+0
2.573E+0
2.581E+0
2.588E+0
2.593E+0
2.595E+0
2.592E+0
2.582E+0
2.563E+0
2.540E+0
2.532E+0
2.522E+0
2.509E+0
2.490E+0
2.468E+0
2.441E+0
2.411E+0
2.379E+0
2.521E+0
2.519E+0
2.517E+0
2.518E+0
2.522E+0
2.532E+0
2.550E+0
2.578E+0
2.612E+0
2.629E+0
2.649E+0
2.674E+0
2.704E+0
2.738E+0
2.777E+0
2.819E+0
2.865E+0
2.735E+0
2.753E+0
2.769E+0
2.783E+0
2.793E+0
2.797E+0
2.794E+0
2.782E+0
2.761E+0
2.761E+0
2.756E+0
2.747E+0
2.734E+0
2.716E+0
2.694E+0
2.669E+0
2.643E+0
2.789E+0
2.790E+0
2.792E+0
2.796E+0
2.806E+0
2.820E+0
2.842E+0
2.873E+0
2.914E+0
2.934E+0
2.958E+0
2.985E+0
3.017E+0
3.052E+0
3.091E+0
3.132E+0
3.173E+0
3.043E+0
3.057E+0
3.069E+0
3.077E+0
3.081E+0
3.077E+0
3.065E+0
3.043E+0
3.008E+0
2.996E+0
2.979E+0
2.957E+0
2.929E+0
2.898E+0
2.863E+0
2.826E+0
2.790E+0
2.922E+0
2.909E+0
2.900E+0
2.894E+0
2.893E+0
2.899E+0
2.913E+0
2.937E+0
2.974E+0
2.988E+0
3.006E+0
3.029E+0
3.055E+0
3.084E+0
3.116E+0
3.148E+0
3.179E+0
3.041E+0
3.046E+0
3.048E+0
3.045E+0
3.035E+0
3.017E+0
2.990E+0
2.953E+0
2.900E+0
2.872E+0
2.839E+0
2.801E+0
2.760E+0
2.716E+0
2.671E+0
2.625E+0
2.581E+0
2.706E+0
2.687E+0
2.673E+0
2.665E+0
2.663E+0
2.671E+0
2.688E+0
2.715E+0
2.760E+0
2.778E+0
2.801E+0
2.829E+0
2.861E+0
2.894E+0
2.929E+0
2.963E+0
2.994E+0
2.858E+0
2.864E+0
2.866E+0
2.860E+0
2.847E+0
2.825E+0
2.793E+0
2.751E+0
2.690E+0
2.656E+0
2.619E+0
2.577E+0
2.532E+0
2.484E+0
2.436E+0
2.390E+0
2.347E+0
2.470E+0
2.453E+0
2.440E+0
2.435E+0
2.436E+0
2.448E+0
2.469E+0
2.501E+0
2.555E+0
2.578E+0
2.605E+0
2.638E+0
2.673E+0
2.710E+0
2.747E+0
2.783E+0
2.815E+0
2.681E+0
2.688E+0
2.688E+0
2.683E+0
2.668E+0
2.644E+0
2.611E+0
2.566E+0
2.499E+0
2.463E+0
2.423E+0
2.379E+0
2.331E+0
2.281E+0
2.232E+0
2.184E+0
2.139E+0
2.260E+0
2.241E+0
2.228E+0
2.222E+0
2.223E+0
2.234E+0
2.255E+0
2.287E+0
2.344E+0
2.366E+0
2.394E+0
2.426E+0
2.461E+0
2.498E+0
2.536E+0
2.572E+0
2.605E+0
2.473E+0
2.480E+0
2.482E+0
2.478E+0
2.466E+0
2.444E+0
2.413E+0
2.371E+0
2.303E+0
2.271E+0
2.234E+0
2.192E+0
2.148E+0
2.101E+0
2.054E+0
2.008E+0
1.965E+0
2.087E+0
2.070E+0
2.058E+0
2.053E+0
2.056E+0
2.067E+0
2.088E+0
2.119E+0
2.179E+0
2.202E+0
2.230E+0
2.263E+0
2.299E+0
2.337E+0
2.376E+0
2.414E+0
2.451E+0
2.323E+0
2.333E+0
2.338E+0
2.338E+0
2.330E+0
2.314E+0
2.288E+0
2.252E+0
2.186E+0
2.159E+0
2.127E+0
2.090E+0
2.050E+0
2.008E+0
1.964E+0
1.920E+0
1.880E+0
2.003E+0
1.987E+0
1.977E+0
1.972E+0
1.975E+0
1.986E+0
2.006E+0
2.036E+0
2.099E+0
2.122E+0
2.149E+0
2.181E+0
2.217E+0
2.255E+0
2.295E+0
2.335E+0
2.372E+0
2.248E+0
2.260E+0
2.268E+0
2.271E+0
2.266E+0
2.254E+0
2.232E+0
2.201E+0
2.136E+0
2.112E+0
2.084E+0
2.051E+0
2.014E+0
1.974E+0
1.933E+0
1.891E+0
1.851E+0
1.974E+0
1.959E+0
1.950E+0
1.945E+0
1.947E+0
1.956E+0
1.975E+0
2.004E+0
2.067E+0
2.090E+0
2.116E+0
2.146E+0
2.181E+0
2.219E+0
2.259E+0
2.299E+0
2.338E+0
2.216E+0
2.229E+0
2.239E+0
2.244E+0
2.242E+0
2.232E+0
2.214E+0
2.186E+0
2.134E+0
2.099E+0
2.073E+0
2.042E+0
2.007E+0
1.969E+0
1.929E+0
1.888E+0
1.848E+0
1.969E+0
1.955E+0
1.945E+0
1.939E+0
1.939E+0
1.947E+0
1.964E+0
1.991E+0
2.034E+0
2.076E+0
2.102E+0
2.131E+0
2.165E+0
2.202E+0
2.242E+0
2.282E+0
2.322E+0
2.201E+0
2.215E+0
2.226E+0
2.232E+0
2.232E+0
2.225E+0
2.210E+0
2.184E+0
2.146E+0
2.098E+0
2.074E+0
2.045E+0
2.012E+0
1.976E+0
1.937E+0
1.897E+0
1.857E+0
1.977E+0
1.963E+0
1.952E+0
1.947E+0
1.946E+0
1.953E+0
1.968E+0
1.993E+0
2.029E+0
2.080E+0
2.105E+0
2.133E+0
2.166E+0
2.202E+0
2.242E+0
2.283E+0
2.323E+0
2.204E+0
2.219E+0
2.230E+0
2.238E+0
2.239E+0
2.233E+0
2.220E+0
2.196E+0
2.162E+0
2.110E+0
2.087E+0
2.060E+0
2.028E+0
1.992E+0
1.953E+0
1.913E+0
1.873E+0
1.991E+0
1.977E+0
1.966E+0
1.959E+0
1.957E+0
1.962E+0
1.977E+0
2.000E+0
2.035E+0
2.089E+0
2.111E+0
2.139E+0
2.172E+0
2.208E+0
2.247E+0
2.288E+0
2.329E+0
2.213E+0
2.228E+0
2.240E+0
2.248E+0
2.251E+0
2.246E+0
2.234E+0
2.212E+0
2.180E+0
2.125E+0
2.103E+0
2.077E+0
2.045E+0
2.010E+0
1.972E+0
1.931E+0
1.891E+0
2.007E+0
1.992E+0
1.981E+0
1.973E+0
1.971E+0
1.975E+0
1.988E+0
2.010E+0
2.043E+0
2.101E+0
2.123E+0
2.151E+0
2.183E+0
2.219E+0
2.259E+0
2.300E+0
2.342E+0
2.229E+0
2.244E+0
2.257E+0
2.266E+0
2.270E+0
2.267E+0
2.256E+0
2.235E+0
2.205E+0
2.147E+0
2.125E+0
2.099E+0
2.068E+0
2.032E+0
1.994E+0
1.954E+0
1.913E+0
2.027E+0
2.012E+0
2.000E+0
1.992E+0
1.989E+0
1.993E+0
2.005E+0
2.026E+0
2.058E+0
2.119E+0
2.142E+0
2.170E+0
2.203E+0
2.239E+0
2.279E+0
2.321E+0
2.364E+0
2.252E+0
2.269E+0
2.282E+0
2.292E+0
2.297E+0
2.294E+0
2.285E+0
2.265E+0
2.234E+0
2.174E+0
2.152E+0
2.126E+0
2.095E+0
2.060E+0
2.021E+0
1.980E+0
1.939E+0
2.051E+0
2.034E+0
2.022E+0
2.014E+0
2.010E+0
2.013E+0
2.024E+0
2.045E+0
2.077E+0
2.141E+0
2.164E+0
2.192E+0
2.226E+0
2.263E+0
2.303E+0
2.346E+0
2.389E+0
2.280E+0
2.297E+0
2.312E+0
2.322E+0
2.327E+0
2.326E+0
2.315E+0
2.297E+0
2.267E+0
2.202E+0
2.180E+0
2.152E+0
2.120E+0
2.084E+0
2.044E+0
2.001E+0
1.958E+0
2.067E+0
2.050E+0
2.036E+0
2.025E+0
2.020E+0
2.022E+0
2.032E+0
2.053E+0
2.084E+0
2.151E+0
2.174E+0
2.202E+0
2.236E+0
2.274E+0
2.315E+0
2.359E+0
2.402E+0
2.297E+0
2.314E+0
2.329E+0
2.340E+0
2.345E+0
2.344E+0
2.333E+0
2.313E+0
2.281E+0
2.212E+0
2.188E+0
2.158E+0
2.123E+0
2.084E+0
2.041E+0
1.997E+0
1.951E+0
2.056E+0
2.037E+0
2.020E+0
2.009E+0
2.004E+0
2.005E+0
2.016E+0
2.037E+0
2.070E+0
2.142E+0
2.168E+0
2.199E+0
2.236E+0
2.278E+0
2.323E+0
2.370E+0
2.417E+0
2.315E+0
2.337E+0
2.354E+0
2.367E+0
2.373E+0
2.372E+0
2.361E+0
2.339E+0
2.307E+0
2.231E+0
2.205E+0
2.173E+0
2.134E+0
2.092E+0
2.046E+0
1.999E+0
1.953E+0
2.054E+0
2.035E+0
2.019E+0
2.009E+0
2.007E+0
2.013E+0
2.031E+0
2.059E+0
2.100E+0
2.186E+0
2.222E+0
2.265E+0
2.314E+0
2.369E+0
2.426E+0
2.484E+0
2.542E+0
2.452E+0
2.483E+0
2.509E+0
2.528E+0
2.539E+0
2.540E+0
2.530E+0
2.507E+0
2.471E+0
2.388E+0
2.354E+0
2.314E+0
2.267E+0
2.216E+0
2.161E+0
2.105E+0
2.051E+0
2.145E+0
2.118E+0
2.097E+0
2.083E+0
2.079E+0
2.085E+0
2.104E+0
2.136E+0
2.181E+0
2.276E+0
2.318E+0
2.368E+0
2.425E+0
2.487E+0
2.550E+0
2.613E+0
2.674E+0
2.587E+0
2.619E+0
2.645E+0
2.661E+0
2.668E+0
2.662E+0
2.644E+0
2.612E+0
2.566E+0
2.470E+0
2.428E+0
2.379E+0
2.325E+0
2.270E+0
2.215E+0
2.161E+0
2.113E+0
2.215E+0
2.203E+0
2.202E+0
2.215E+0
2.244E+0
2.289E+0
2.354E+0
2.440E+0
2.546E+0
2.714E+0
2.830E+0
2.955E+0
3.086E+0
3.218E+0
3.349E+0
3.474E+0
3.593E+0
3.562E+0
3.641E+0
3.711E+0
3.771E+0
3.821E+0
3.858E+0
3.883E+0
3.896E+0
3.894E+0
3.834E+0
3.828E+0
3.814E+0
3.789E+0
3.758E+0
3.719E+0
3.671E+0
3.618E+0
3.698E+0
3.664E+0
3.627E+0
3.588E+0
3.548E+0
3.509E+0
3.471E+0
3.437E+0
3.408E+0
3.434E+0
3.396E+0
3.361E+0
3.329E+0
3.301E+0
3.278E+0
3.261E+0
3.249E+0
3.158E+0
3.070E+0
3.038E+0
3.006E+0
2.977E+0
2.949E+0
2.920E+0
2.889E+0
2.852E+0
2.760E+0
2.731E+0
2.700E+0
2.668E+0
2.632E+0
2.594E+0
2.549E+0
2.498E+0
2.476E+0
2.560E+0
2.540E+0
2.520E+0
2.500E+0
2.482E+0
2.467E+0
2.458E+0
2.456E+0
2.516E+0
2.514E+0
2.514E+0
2.520E+0
2.531E+0
2.548E+0
2.572E+0
2.603E+0
2.635E+0
2.511E+0
2.516E+0
2.522E+0
2.529E+0
2.535E+0
2.538E+0
2.537E+0
2.530E+0
2.459E+0
2.452E+0
2.442E+0
2.428E+0
2.409E+0
2.384E+0
2.353E+0
2.314E+0
2.270E+0
2.393E+0
2.381E+0
2.369E+0
2.356E+0
2.345E+0
2.336E+0
2.333E+0
2.335E+0
2.401E+0
2.405E+0
2.410E+0
2.420E+0
2.436E+0
2.456E+0
2.484E+0
2.520E+0
2.563E+0
2.436E+0
2.445E+0
2.455E+0
2.464E+0
2.473E+0
2.480E+0
2.482E+0
2.478E+0
2.407E+0
2.402E+0
2.394E+0
2.382E+0
2.366E+0
2.343E+0
2.314E+0
2.276E+0
2.230E+0
2.355E+0
2.343E+0
2.333E+0
2.321E+0
2.311E+0
2.303E+0
2.298E+0
2.301E+0
2.372E+0
2.375E+0
2.382E+0
2.393E+0
2.409E+0
2.430E+0
2.459E+0
2.495E+0
2.538E+0
2.416E+0
2.425E+0
2.436E+0
2.446E+0
2.456E+0
2.464E+0
2.467E+0
2.464E+0
2.393E+0
2.389E+0
2.381E+0
2.370E+0
2.354E+0
2.332E+0
2.303E+0
2.267E+0
2.221E+0
2.343E+0
2.333E+0
2.322E+0
2.311E+0
2.300E+0
2.292E+0
2.288E+0
2.290E+0
2.363E+0
2.366E+0
2.374E+0
2.384E+0
2.401E+0
2.422E+0
2.450E+0
2.486E+0
2.530E+0
2.411E+0
2.420E+0
2.430E+0
2.442E+0
2.452E+0
2.461E+0
2.465E+0
2.463E+0
2.388E+0
2.385E+0
2.378E+0
2.366E+0
2.350E+0
2.329E+0
2.300E+0
2.264E+0
2.220E+0
2.338E+0
2.328E+0
2.317E+0
2.305E+0
2.295E+0
2.286E+0
2.281E+0
2.282E+0
2.358E+0
2.361E+0
2.369E+0
2.380E+0
2.396E+0
2.417E+0
2.445E+0
2.481E+0
2.525E+0
2.407E+0
2.418E+0
2.429E+0
2.441E+0
2.451E+0
2.460E+0
2.465E+0
2.464E+0
2.388E+0
2.384E+0
2.377E+0
2.366E+0
2.350E+0
2.330E+0
2.301E+0
2.265E+0
2.222E+0
2.337E+0
2.327E+0
2.316E+0
2.304E+0
2.292E+0
2.283E+0
2.278E+0
2.279E+0
2.355E+0
2.359E+0
2.366E+0
2.377E+0
2.392E+0
2.413E+0
2.441E+0
2.476E+0
2.520E+0
2.406E+0
2.417E+0
2.428E+0
2.439E+0
2.450E+0
2.460E+0
2.466E+0
2.465E+0
2.388E+0
2.384E+0
2.377E+0
2.367E+0
2.351E+0
2.331E+0
2.303E+0
2.268E+0
2.225E+0
2.337E+0
2.327E+0
2.315E+0
2.303E+0
2.292E+0
2.283E+0
2.276E+0
2.277E+0
2.355E+0
2.360E+0
2.365E+0
2.376E+0
2.391E+0
2.412E+0
2.439E+0
2.475E+0
2.518E+0
2.407E+0
2.418E+0
2.429E+0
2.441E+0
2.453E+0
2.462E+0
2.468E+0
2.469E+0
2.389E+0
2.386E+0
2.379E+0
2.369E+0
2.354E+0
2.334E+0
2.306E+0
2.271E+0
2.228E+0
2.338E+0
2.327E+0
2.316E+0
2.303E+0
2.292E+0
2.282E+0
2.275E+0
2.275E+0
2.355E+0
2.358E+0
2.364E+0
2.374E+0
2.389E+0
2.410E+0
2.438E+0
2.472E+0
2.516E+0
2.408E+0
2.418E+0
2.430E+0
2.442E+0
2.454E+0
2.465E+0
2.471E+0
2.473E+0
2.392E+0
2.388E+0
2.382E+0
2.372E+0
2.358E+0
2.337E+0
2.311E+0
2.276E+0
2.233E+0
2.340E+0
2.329E+0
2.318E+0
2.305E+0
2.293E+0
2.283E+0
2.275E+0
2.274E+0
2.356E+0
2.359E+0
2.365E+0
2.374E+0
2.389E+0
2.409E+0
2.436E+0
2.471E+0
2.513E+0
2.409E+0
2.419E+0
2.431E+0
2.444E+0
2.456E+0
2.467E+0
2.475E+0
2.476E+0
2.394E+0
2.391E+0
2.386E+0
2.375E+0
2.361E+0
2.341E+0
2.314E+0
2.280E+0
2.237E+0
2.341E+0
2.331E+0
2.320E+0
2.307E+0
2.295E+0
2.284E+0
2.276E+0
2.274E+0
2.358E+0
2.360E+0
2.366E+0
2.376E+0
2.390E+0
2.411E+0
2.437E+0
2.471E+0
2.514E+0
2.412E+0
2.423E+0
2.435E+0
2.448E+0
2.460E+0
2.471E+0
2.480E+0
2.482E+0
2.398E+0
2.396E+0
2.390E+0
2.380E+0
2.366E+0
2.347E+0
2.320E+0
2.286E+0
2.244E+0
2.345E+0
2.334E+0
2.322E+0
2.310E+0
2.297E+0
2.286E+0
2.278E+0
2.274E+0
2.360E+0
2.362E+0
2.368E+0
2.377E+0
2.392E+0
2.412E+0
2.438E+0
2.472E+0
2.514E+0
2.415E+0
2.426E+0
2.438E+0
2.451E+0
2.465E+0
2.477E+0
2.486E+0
2.489E+0
2.404E+0
2.401E+0
2.396E+0
2.387E+0
2.373E+0
2.354E+0
2.327E+0
2.294E+0
2.253E+0
2.350E+0
2.340E+0
2.327E+0
2.314E+0
2.301E+0
2.290E+0
2.281E+0
2.277E+0
2.338E+0
2.367E+0
2.372E+0
2.381E+0
2.395E+0
2.415E+0
2.440E+0
2.474E+0
2.516E+0
2.419E+0
2.431E+0
2.443E+0
2.457E+0
2.470E+0
2.482E+0
2.492E+0
2.497E+0
2.474E+0
2.407E+0
2.402E+0
2.393E+0
2.379E+0
2.360E+0
2.335E+0
2.301E+0
2.261E+0
2.355E+0
2.344E+0
2.332E+0
2.318E+0
2.305E+0
2.293E+0
2.284E+0
2.280E+0
2.287E+0
2.370E+0
2.376E+0
2.385E+0
2.398E+0
2.417E+0
2.443E+0
2.476E+0
2.518E+0
2.425E+0
2.436E+0
2.449E+0
2.462E+0
2.476E+0
2.489E+0
2.499E+0
2.504E+0
2.500E+0
2.414E+0
2.408E+0
2.400E+0
2.387E+0
2.367E+0
2.343E+0
2.309E+0
2.268E+0
2.360E+0
2.348E+0
2.336E+0
2.322E+0
2.309E+0
2.296E+0
2.286E+0
2.281E+0
2.284E+0
2.373E+0
2.378E+0
2.387E+0
2.400E+0
2.419E+0
2.445E+0
2.478E+0
2.519E+0
2.429E+0
2.441E+0
2.453E+0
2.467E+0
2.481E+0
2.494E+0
2.505E+0
2.511E+0
2.509E+0
2.419E+0
2.414E+0
2.406E+0
2.393E+0
2.374E+0
2.349E+0
2.317E+0
2.276E+0
2.365E+0
2.353E+0
2.340E+0
2.327E+0
2.313E+0
2.300E+0
2.289E+0
2.284E+0
2.285E+0
2.377E+0
2.382E+0
2.390E+0
2.404E+0
2.422E+0
2.447E+0
2.481E+0
2.521E+0
2.434E+0
2.446E+0
2.459E+0
2.472E+0
2.487E+0
2.501E+0
2.511E+0
2.518E+0
2.518E+0
2.425E+0
2.420E+0
2.412E+0
2.399E+0
2.382E+0
2.356E+0
2.324E+0
2.284E+0
2.370E+0
2.358E+0
2.346E+0
2.331E+0
2.316E+0
2.304E+0
2.293E+0
2.286E+0
2.286E+0
2.381E+0
2.386E+0
2.394E+0
2.407E+0
2.426E+0
2.451E+0
2.483E+0
2.524E+0
2.440E+0
2.451E+0
2.465E+0
2.480E+0
2.494E+0
2.508E+0
2.519E+0
2.526E+0
2.527E+0
2.432E+0
2.427E+0
2.419E+0
2.407E+0
2.389E+0
2.365E+0
2.333E+0
2.293E+0
2.375E+0
2.364E+0
2.350E+0
2.337E+0
2.321E+0
2.308E+0
2.296E+0
2.288E+0
2.287E+0
2.383E+0
2.387E+0
2.395E+0
2.407E+0
2.425E+0
2.448E+0
2.480E+0
2.520E+0
2.439E+0
2.451E+0
2.463E+0
2.478E+0
2.492E+0
2.507E+0
2.518E+0
2.526E+0
2.528E+0
2.431E+0
2.427E+0
2.419E+0
2.407E+0
2.390E+0
2.366E+0
2.335E+0
2.296E+0
2.374E+0
2.363E+0
2.349E+0
2.335E+0
2.320E+0
2.305E+0
2.293E+0
2.284E+0
2.281E+0
2.379E+0
2.382E+0
2.389E+0
2.401E+0
2.418E+0
2.441E+0
2.471E+0
2.511E+0
2.433E+0
2.444E+0
2.457E+0
2.472E+0
2.486E+0
2.501E+0
2.514E+0
2.522E+0
2.525E+0
2.426E+0
2.423E+0
2.416E+0
2.405E+0
2.388E+0
2.365E+0
2.334E+0
2.295E+0
2.371E+0
2.360E+0
2.347E+0
2.333E+0
2.318E+0
2.303E+0
2.290E+0
2.281E+0
2.277E+0
2.377E+0
2.380E+0
2.387E+0
2.398E+0
2.414E+0
2.438E+0
2.468E+0
2.506E+0
2.433E+0
2.444E+0
2.457E+0
2.471E+0
2.486E+0
2.501E+0
2.514E+0
2.524E+0
2.528E+0
2.429E+0
2.425E+0
2.419E+0
2.408E+0
2.392E+0
2.369E+0
2.339E+0
2.301E+0
2.374E+0
2.362E+0
2.350E+0
2.335E+0
2.320E+0
2.304E+0
2.291E+0
2.281E+0
2.275E+0
2.375E+0
2.377E+0
2.383E+0
2.393E+0
2.408E+0
2.430E+0
2.460E+0
2.497E+0
2.425E+0
2.436E+0
2.449E+0
2.463E+0
2.478E+0
2.492E+0
2.506E+0
2.517E+0
2.522E+0
2.421E+0
2.418E+0
2.412E+0
2.402E+0
2.386E+0
2.365E+0
2.336E+0
2.298E+0
2.368E+0
2.357E+0
2.345E+0
2.331E+0
2.315E+0
2.300E+0
2.286E+0
2.274E+0
2.268E+0
2.369E+0
2.372E+0
2.377E+0
2.387E+0
2.402E+0
2.423E+0
2.451E+0
2.488E+0
2.420E+0
2.430E+0
2.443E+0
2.458E+0
2.472E+0
2.488E+0
2.502E+0
2.514E+0
2.521E+0
2.419E+0
2.416E+0
2.411E+0
2.401E+0
2.386E+0
2.366E+0
2.337E+0
2.299E+0
2.367E+0
2.356E+0
2.343E+0
2.329E+0
2.314E+0
2.298E+0
2.283E+0
2.271E+0
2.264E+0
2.366E+0
2.369E+0
2.374E+0
2.383E+0
2.397E+0
2.418E+0
2.446E+0
2.482E+0
2.417E+0
2.428E+0
2.440E+0
2.455E+0
2.470E+0
2.486E+0
2.501E+0
2.514E+0
2.522E+0
2.418E+0
2.416E+0
2.411E+0
2.403E+0
2.388E+0
2.368E+0
2.341E+0
2.304E+0
2.367E+0
2.357E+0
2.344E+0
2.330E+0
2.314E+0
2.299E+0
2.284E+0
2.271E+0
2.263E+0
2.366E+0
2.368E+0
2.373E+0
2.382E+0
2.396E+0
2.415E+0
2.442E+0
2.479E+0
2.417E+0
2.427E+0
2.439E+0
2.453E+0
2.469E+0
2.485E+0
2.501E+0
2.514E+0
2.523E+0
2.418E+0
2.417E+0
2.412E+0
2.403E+0
2.390E+0
2.370E+0
2.343E+0
2.308E+0
2.336E+0
2.357E+0
2.345E+0
2.331E+0
2.315E+0
2.299E+0
2.283E+0
2.270E+0
2.261E+0
2.366E+0
2.367E+0
2.372E+0
2.380E+0
2.393E+0
2.413E+0
2.440E+0
2.476E+0
2.497E+0
2.427E+0
2.439E+0
2.453E+0
2.469E+0
2.486E+0
2.502E+0
2.516E+0
2.525E+0
2.420E+0
2.418E+0
2.415E+0
2.407E+0
2.393E+0
2.374E+0
2.347E+0
2.312E+0
2.273E+0
2.359E+0
2.346E+0
2.332E+0
2.316E+0
2.299E+0
2.283E+0
2.269E+0
2.259E+0
2.365E+0
2.366E+0
2.370E+0
2.378E+0
2.391E+0
2.410E+0
2.436E+0
2.471E+0
2.515E+0
2.426E+0
2.438E+0
2.452E+0
2.468E+0
2.485E+0
2.501E+0
2.516E+0
2.527E+0
2.420E+0
2.420E+0
2.416E+0
2.408E+0
2.396E+0
2.377E+0
2.351E+0
2.316E+0
2.272E+0
2.360E+0
2.348E+0
2.333E+0
2.318E+0
2.300E+0
2.284E+0
2.270E+0
2.258E+0
2.365E+0
2.367E+0
2.370E+0
2.378E+0
2.390E+0
2.409E+0
2.434E+0
2.469E+0
2.514E+0
2.426E+0
2.439E+0
2.453E+0
2.469E+0
2.486E+0
2.503E+0
2.518E+0
2.529E+0
2.422E+0
2.421E+0
2.417E+0
2.411E+0
2.398E+0
2.380E+0
2.354E+0
2.320E+0
2.276E+0
2.361E+0
2.349E+0
2.334E+0
2.318E+0
2.301E+0
2.284E+0
2.269E+0
2.257E+0
2.365E+0
2.366E+0
2.369E+0
2.377E+0
2.389E+0
2.407E+0
2.433E+0
2.467E+0
2.511E+0
2.427E+0
2.439E+0
2.454E+0
2.470E+0
2.488E+0
2.505E+0
2.521E+0
2.532E+0
2.425E+0
2.424E+0
2.420E+0
2.414E+0
2.402E+0
2.384E+0
2.359E+0
2.325E+0
2.282E+0
2.364E+0
2.351E+0
2.337E+0
2.320E+0
2.302E+0
2.285E+0
2.269E+0
2.257E+0
2.365E+0
2.366E+0
2.369E+0
2.376E+0
2.387E+0
2.405E+0
2.430E+0
2.463E+0
2.507E+0
2.427E+0
2.439E+0
2.454E+0
2.471E+0
2.488E+0
2.505E+0
2.522E+0
2.535E+0
2.425E+0
2.425E+0
2.422E+0
2.416E+0
2.405E+0
2.388E+0
2.363E+0
2.330E+0
2.287E+0
2.365E+0
2.353E+0
2.338E+0
2.321E+0
2.304E+0
2.286E+0
2.270E+0
2.257E+0
2.366E+0
2.367E+0
2.369E+0
2.376E+0
2.387E+0
2.404E+0
2.429E+0
2.461E+0
2.504E+0
2.428E+0
2.440E+0
2.455E+0
2.472E+0
2.489E+0
2.508E+0
2.524E+0
2.537E+0
2.427E+0
2.427E+0
2.425E+0
2.419E+0
2.408E+0
2.391E+0
2.367E+0
2.334E+0
2.292E+0
2.367E+0
2.354E+0
2.339E+0
2.323E+0
2.304E+0
2.287E+0
2.270E+0
2.256E+0
2.366E+0
2.366E+0
2.369E+0
2.375E+0
2.386E+0
2.402E+0
2.426E+0
2.459E+0
2.501E+0
2.429E+0
2.441E+0
2.456E+0
2.473E+0
2.490E+0
2.509E+0
2.526E+0
2.541E+0
2.430E+0
2.430E+0
2.428E+0
2.422E+0
2.412E+0
2.395E+0
2.372E+0
2.340E+0
2.298E+0
2.369E+0
2.356E+0
2.341E+0
2.325E+0
2.307E+0
2.288E+0
2.271E+0
2.256E+0
2.367E+0
2.366E+0
2.369E+0
2.374E+0
2.385E+0
2.401E+0
2.424E+0
2.456E+0
2.497E+0
2.428E+0
2.441E+0
2.455E+0
2.472E+0
2.490E+0
2.509E+0
2.527E+0
2.542E+0
2.431E+0
2.431E+0
2.429E+0
2.424E+0
2.414E+0
2.399E+0
2.375E+0
2.343E+0
2.303E+0
2.370E+0
2.358E+0
2.343E+0
2.326E+0
2.308E+0
2.289E+0
2.271E+0
2.256E+0
2.367E+0
2.366E+0
2.369E+0
2.374E+0
2.383E+0
2.399E+0
2.422E+0
2.453E+0
2.494E+0
2.428E+0
2.441E+0
2.456E+0
2.473E+0
2.491E+0
2.510E+0
2.528E+0
2.544E+0
2.433E+0
2.433E+0
2.432E+0
2.426E+0
2.417E+0
2.401E+0
2.379E+0
2.348E+0
2.308E+0
2.371E+0
2.359E+0
2.344E+0
2.327E+0
2.309E+0
2.289E+0
2.271E+0
2.255E+0
2.367E+0
2.366E+0
2.367E+0
2.373E+0
2.381E+0
2.397E+0
2.419E+0
2.449E+0
2.490E+0
2.427E+0
2.440E+0
2.455E+0
2.472E+0
2.491E+0
2.510E+0
2.529E+0
2.545E+0
2.433E+0
2.434E+0
2.433E+0
2.429E+0
2.419E+0
2.405E+0
2.383E+0
2.353E+0
2.313E+0
2.373E+0
2.361E+0
2.346E+0
2.329E+0
2.311E+0
2.291E+0
2.272E+0
2.255E+0
2.367E+0
2.366E+0
2.367E+0
2.372E+0
2.380E+0
2.395E+0
2.416E+0
2.446E+0
2.486E+0
2.426E+0
2.439E+0
2.454E+0
2.471E+0
2.490E+0
2.510E+0
2.528E+0
2.546E+0
2.434E+0
2.435E+0
2.434E+0
2.430E+0
2.421E+0
2.407E+0
2.386E+0
2.356E+0
2.317E+0
2.374E+0
2.361E+0
2.347E+0
2.330E+0
2.311E+0
2.291E+0
2.272E+0
2.255E+0
2.366E+0
2.366E+0
2.366E+0
2.370E+0
2.379E+0
2.393E+0
2.414E+0
2.443E+0
2.482E+0
2.427E+0
2.439E+0
2.454E+0
2.471E+0
2.489E+0
2.510E+0
2.529E+0
2.547E+0
2.483E+0
2.436E+0
2.436E+0
2.432E+0
2.424E+0
2.410E+0
2.390E+0
2.361E+0
2.322E+0
2.376E+0
2.363E+0
2.348E+0
2.331E+0
2.312E+0
2.292E+0
2.272E+0
2.254E+0
2.271E+0
2.365E+0
2.365E+0
2.368E+0
2.376E+0
2.390E+0
2.410E+0
2.439E+0
2.477E+0
2.425E+0
2.438E+0
2.452E+0
2.469E+0
2.488E+0
2.509E+0
2.529E+0
2.547E+0
2.552E+0
2.437E+0
2.437E+0
2.433E+0
2.426E+0
2.413E+0
2.393E+0
2.365E+0
2.326E+0
2.377E+0
2.365E+0
2.350E+0
2.333E+0
2.314E+0
2.294E+0
2.273E+0
2.254E+0
2.242E+0
2.365E+0
2.365E+0
2.368E+0
2.375E+0
2.389E+0
2.408E+0
2.436E+0
2.473E+0
2.425E+0
2.437E+0
2.451E+0
2.468E+0
2.487E+0
2.508E+0
2.528E+0
2.547E+0
2.563E+0
2.437E+0
2.437E+0
2.434E+0
2.427E+0
2.415E+0
2.395E+0
2.368E+0
2.331E+0
2.378E+0
2.366E+0
2.351E+0
2.334E+0
2.314E+0
2.294E+0
2.273E+0
2.254E+0
2.238E+0
2.364E+0
2.364E+0
2.367E+0
2.374E+0
2.386E+0
2.405E+0
2.432E+0
2.469E+0
2.424E+0
2.436E+0
2.450E+0
2.468E+0
2.487E+0
2.507E+0
2.529E+0
2.548E+0
2.565E+0
2.438E+0
2.439E+0
2.436E+0
2.430E+0
2.417E+0
2.399E+0
2.372E+0
2.336E+0
2.379E+0
2.367E+0
2.352E+0
2.336E+0
2.316E+0
2.295E+0
2.274E+0
2.254E+0
2.237E+0
2.364E+0
2.363E+0
2.365E+0
2.372E+0
2.384E+0
2.402E+0
2.428E+0
2.465E+0
2.422E+0
2.434E+0
2.449E+0
2.466E+0
2.485E+0
2.506E+0
2.527E+0
2.548E+0
2.565E+0
2.438E+0
2.439E+0
2.437E+0
2.431E+0
2.420E+0
2.402E+0
2.376E+0
2.341E+0
2.380E+0
2.369E+0
2.354E+0
2.337E+0
2.318E+0
2.296E+0
2.275E+0
2.255E+0
2.237E+0
2.364E+0
2.363E+0
2.365E+0
2.371E+0
2.382E+0
2.400E+0
2.425E+0
2.461E+0
2.422E+0
2.434E+0
2.449E+0
2.466E+0
2.485E+0
2.506E+0
2.527E+0
2.548E+0
2.566E+0
2.439E+0
2.440E+0
2.438E+0
2.433E+0
2.422E+0
2.405E+0
2.379E+0
2.344E+0
2.382E+0
2.369E+0
2.355E+0
2.338E+0
2.319E+0
2.297E+0
2.275E+0
2.254E+0
2.236E+0
2.363E+0
2.362E+0
2.363E+0
2.369E+0
2.379E+0
2.396E+0
2.421E+0
2.456E+0
2.421E+0
2.433E+0
2.448E+0
2.465E+0
2.484E+0
2.505E+0
2.527E+0
2.549E+0
2.567E+0
2.440E+0
2.442E+0
2.440E+0
2.435E+0
2.425E+0
2.408E+0
2.384E+0
2.350E+0
2.383E+0
2.371E+0
2.357E+0
2.340E+0
2.321E+0
2.300E+0
2.276E+0
2.256E+0
2.236E+0
2.363E+0
2.362E+0
2.363E+0
2.368E+0
2.378E+0
2.394E+0
2.418E+0
2.451E+0
2.420E+0
2.431E+0
2.446E+0
2.463E+0
2.482E+0
2.504E+0
2.526E+0
2.548E+0
2.568E+0
2.440E+0
2.442E+0
2.441E+0
2.436E+0
2.427E+0
2.410E+0
2.387E+0
2.353E+0
2.383E+0
2.372E+0
2.359E+0
2.341E+0
2.322E+0
2.301E+0
2.278E+0
2.256E+0
2.235E+0
2.363E+0
2.361E+0
2.362E+0
2.367E+0
2.376E+0
2.392E+0
2.416E+0
2.448E+0
2.420E+0
2.431E+0
2.444E+0
2.462E+0
2.482E+0
2.503E+0
2.526E+0
2.548E+0
2.569E+0
2.441E+0
2.444E+0
2.442E+0
2.438E+0
2.429E+0
2.413E+0
2.391E+0
2.358E+0
2.385E+0
2.374E+0
2.359E+0
2.343E+0
2.323E+0
2.301E+0
2.278E+0
2.256E+0
2.235E+0
2.363E+0
2.360E+0
2.361E+0
2.364E+0
2.374E+0
2.388E+0
2.411E+0
2.443E+0
2.418E+0
2.430E+0
2.443E+0
2.460E+0
2.481E+0
2.502E+0
2.525E+0
2.548E+0
2.569E+0
2.442E+0
2.444E+0
2.444E+0
2.440E+0
2.432E+0
2.417E+0
2.395E+0
2.363E+0
2.387E+0
2.376E+0
2.361E+0
2.345E+0
2.325E+0
2.303E+0
2.280E+0
2.257E+0
2.235E+0
2.363E+0
2.360E+0
2.361E+0
2.364E+0
2.373E+0
2.386E+0
2.408E+0
2.439E+0
2.417E+0
2.428E+0
2.442E+0
2.459E+0
2.479E+0
2.500E+0
2.524E+0
2.547E+0
2.569E+0
2.442E+0
2.444E+0
2.444E+0
2.441E+0
2.433E+0
2.420E+0
2.397E+0
2.367E+0
2.388E+0
2.376E+0
2.362E+0
2.345E+0
2.326E+0
2.304E+0
2.281E+0
2.258E+0
2.235E+0
2.363E+0
2.360E+0
2.359E+0
2.363E+0
2.370E+0
2.384E+0
2.405E+0
2.436E+0
2.417E+0
2.428E+0
2.442E+0
2.458E+0
2.478E+0
2.500E+0
2.523E+0
2.548E+0
2.570E+0
2.443E+0
2.445E+0
2.446E+0
2.443E+0
2.436E+0
2.423E+0
2.402E+0
2.371E+0
2.388E+0
2.378E+0
2.364E+0
2.347E+0
2.328E+0
2.306E+0
2.282E+0
2.258E+0
2.234E+0
2.362E+0
2.359E+0
2.358E+0
2.361E+0
2.368E+0
2.381E+0
2.401E+0
2.431E+0
2.439E+0
2.426E+0
2.440E+0
2.456E+0
2.476E+0
2.498E+0
2.521E+0
2.546E+0
2.569E+0
2.443E+0
2.446E+0
2.447E+0
2.445E+0
2.438E+0
2.425E+0
2.405E+0
2.376E+0
2.350E+0
2.379E+0
2.366E+0
2.349E+0
2.330E+0
2.308E+0
2.284E+0
2.259E+0
2.236E+0
2.363E+0
2.360E+0
2.358E+0
2.360E+0
2.367E+0
2.379E+0
2.399E+0
2.427E+0
2.465E+0
2.426E+0
2.439E+0
2.456E+0
2.474E+0
2.497E+0
2.521E+0
2.546E+0
2.570E+0
2.443E+0
2.446E+0
2.448E+0
2.445E+0
2.439E+0
2.427E+0
2.408E+0
2.380E+0
2.342E+0
2.380E+0
2.367E+0
2.350E+0
2.331E+0
2.309E+0
2.285E+0
2.260E+0
2.236E+0
2.362E+0
2.359E+0
2.357E+0
2.359E+0
2.365E+0
2.376E+0
2.396E+0
2.424E+0
2.462E+0
2.425E+0
2.437E+0
2.455E+0
2.474E+0
2.496E+0
2.520E+0
2.545E+0
2.570E+0
2.444E+0
2.447E+0
2.448E+0
2.447E+0
2.442E+0
2.430E+0
2.412E+0
2.384E+0
2.346E+0
2.382E+0
2.369E+0
2.352E+0
2.332E+0
2.310E+0
2.286E+0
2.260E+0
2.236E+0
2.362E+0
2.358E+0
2.357E+0
2.357E+0
2.363E+0
2.374E+0
2.392E+0
2.419E+0
2.457E+0
2.423E+0
2.436E+0
2.452E+0
2.471E+0
2.494E+0
2.518E+0
2.543E+0
2.569E+0
2.443E+0
2.447E+0
2.449E+0
2.448E+0
2.443E+0
2.433E+0
2.415E+0
2.388E+0
2.351E+0
2.383E+0
2.370E+0
2.354E+0
2.335E+0
2.313E+0
2.288E+0
2.262E+0
2.237E+0
2.363E+0
2.358E+0
2.356E+0
2.357E+0
2.362E+0
2.372E+0
2.389E+0
2.416E+0
2.453E+0
2.422E+0
2.436E+0
2.452E+0
2.471E+0
2.493E+0
2.518E+0
2.543E+0
2.568E+0
2.444E+0
2.447E+0
2.450E+0
2.449E+0
2.445E+0
2.435E+0
2.418E+0
2.392E+0
2.355E+0
2.384E+0
2.371E+0
2.355E+0
2.336E+0
2.314E+0
2.289E+0
2.263E+0
2.237E+0
2.362E+0
2.358E+0
2.355E+0
2.355E+0
2.360E+0
2.369E+0
2.386E+0
2.412E+0
2.448E+0
2.421E+0
2.434E+0
2.450E+0
2.469E+0
2.491E+0
2.516E+0
2.542E+0
2.569E+0
2.444E+0
2.448E+0
2.451E+0
2.451E+0
2.447E+0
2.438E+0
2.421E+0
2.397E+0
2.361E+0
2.386E+0
2.374E+0
2.357E+0
2.338E+0
2.316E+0
2.291E+0
2.265E+0
2.238E+0
2.362E+0
2.357E+0
2.354E+0
2.355E+0
2.358E+0
2.367E+0
2.383E+0
2.408E+0
2.443E+0
2.419E+0
2.432E+0
2.448E+0
2.467E+0
2.489E+0
2.514E+0
2.540E+0
2.567E+0
2.443E+0
2.448E+0
2.451E+0
2.452E+0
2.448E+0
2.439E+0
2.424E+0
2.399E+0
2.366E+0
2.386E+0
2.375E+0
2.359E+0
2.340E+0
2.318E+0
2.293E+0
2.266E+0
2.239E+0
2.363E+0
2.358E+0
2.355E+0
2.354E+0
2.357E+0
2.365E+0
2.381E+0
2.404E+0
2.439E+0
