This is a log file of a temperature control run being done in Physics 3600 for the bug experiment. It records the time, temperature, power, and control setting for each PID update. It does so by accumulating the data and periodically saving it.

10/29/2020
1:30 PM

Time (ms)	Temp (C)	Power	Setpoint	CB	Itime	Ion	Dtime	Don	SB	Stime	Time in SB	Settled	Man Pow	Man on

<data below>
0.033	31.661	0.000	30.000	4.000	20.000	1.000	0.200	1.000	1.000	60.000	0.000	0.000	0.000	0.000
0.375	31.644	0.085	30.000	4.000	20.000	1.000	0.200	1.000	1.000	60.000	0.000	0.000	0.000	0.000
0.714	31.631	0.085	30.000	4.000	20.000	1.000	0.200	1.000	1.000	60.000	0.000	0.000	0.000	0.000
1.055	31.616	0.080	30.000	4.000	20.000	1.000	0.200	1.000	1.000	60.000	0.000	0.000	0.000	0.000
1.389	31.610	0.078	30.000	4.000	20.000	1.000	0.200	1.000	1.000	60.000	0.000	0.000	0.000	0.000
1.734	31.601	0.071	30.000	4.000	20.000	1.000	0.200	1.000	1.000	60.000	0.000	0.000	0.000	0.000
2.085	31.594	0.067	30.000	4.000	20.000	1.000	0.200	1.000	1.000	60.000	0.000	0.000	0.000	0.000
2.426	31.586	0.061	30.000	4.000	20.000	1.000	0.200	1.000	1.000	60.000	0.000	0.000	0.000	0.000
2.766	31.579	0.057	30.000	4.000	20.000	1.000	0.200	1.000	1.000	60.000	0.000	0.000	0.000	0.000
3.106	31.579	0.051	30.000	4.000	20.000	1.000	0.200	1.000	1.000	60.000	0.000	0.000	0.000	0.000
3.439	31.575	0.044	30.000	4.000	20.000	1.000	0.200	1.000	1.000	60.000	0.000	0.000	0.000	0.000
3.779	31.569	0.039	30.000	4.000	20.000	1.000	0.200	1.000	1.000	60.000	0.000	0.000	0.000	0.000
4.115	31.564	0.034	30.000	4.000	20.000	1.000	0.200	1.000	1.000	60.000	0.000	0.000	0.000	0.000
4.460	31.558	0.028	30.000	4.000	20.000	1.000	0.200	1.000	1.000	60.000	0.000	0.000	0.000	0.000
4.798	31.554	0.023	30.000	4.000	20.000	1.000	0.200	1.000	1.000	60.000	0.000	0.000	0.000	0.000
5.137	31.551	0.018	30.000	4.000	20.000	1.000	0.200	1.000	1.000	60.000	0.000	0.000	0.000	0.000
5.484	31.545	0.011	30.000	4.000	20.000	1.000	0.200	1.000	1.000	60.000	0.000	0.000	0.000	0.000
5.821	31.536	0.007	30.000	4.000	20.000	1.000	0.200	1.000	1.000	60.000	0.000	0.000	0.000	0.000
6.161	31.536	0.003	30.000	4.000	20.000	1.000	0.200	1.000	1.000	60.000	0.000	0.000	0.000	0.000
6.508	31.528	0.000	30.000	4.000	20.000	1.000	0.200	1.000	1.000	60.000	0.000	0.000	0.000	0.000
6.848	31.519	0.000	30.000	4.000	20.000	1.000	0.200	1.000	1.000	60.000	0.000	0.000	0.000	0.000
7.198	31.515	0.000	30.000	4.000	20.000	1.000	0.200	1.000	1.000	60.000	0.000	0.000	0.000	0.000
7.541	31.504	0.000	30.000	4.000	20.000	1.000	0.200	1.000	1.000	60.000	0.000	0.000	0.000	0.000
7.880	31.496	0.000	30.000	4.000	20.000	1.000	0.200	1.000	1.000	60.000	0.000	0.000	0.000	0.000
8.217	31.487	0.000	30.000	4.000	20.000	1.000	0.200	1.000	1.000	60.000	0.000	0.000	0.000	0.000
8.557	31.481	0.000	30.000	4.000	20.000	1.000	0.200	1.000	1.000	60.000	0.000	0.000	0.000	0.000
8.897	31.466	0.000	30.000	4.000	20.000	1.000	0.200	1.000	1.000	60.000	0.000	0.000	0.000	0.000
9.235	31.459	0.000	30.000	4.000	20.000	1.000	0.200	1.000	1.000	60.000	0.000	0.000	0.000	0.000
9.574	31.446	0.000	30.000	4.000	20.000	1.000	0.200	1.000	1.000	60.000	0.000	0.000	0.000	0.000
9.911	31.440	0.000	30.000	4.000	20.000	1.000	0.200	1.000	1.000	60.000	0.000	0.000	0.000	0.000
10.251	31.427	0.000	30.000	4.000	20.000	1.000	0.200	1.000	1.000	60.000	0.000	0.000	0.000	0.000
10.591	31.421	0.000	30.000	4.000	20.000	1.000	0.200	1.000	1.000	60.000	0.000	0.000	0.000	0.000
10.930	31.408	0.000	30.000	4.000	20.000	1.000	0.200	1.000	1.000	60.000	0.000	0.000	0.000	0.000
11.270	31.399	0.000	30.000	4.000	20.000	1.000	0.200	1.000	1.000	60.000	0.000	0.000	0.000	0.000
11.606	31.389	0.000	30.000	4.000	20.000	1.000	0.200	1.000	1.000	60.000	0.000	0.000	0.000	0.000
11.952	31.374	0.000	30.000	4.000	20.000	1.000	0.200	1.000	1.000	60.000	0.000	0.000	0.000	0.000
12.291	31.363	0.000	30.000	4.000	20.000	1.000	0.200	1.000	1.000	60.000	0.000	0.000	0.000	0.000
12.630	31.357	0.000	30.000	4.000	20.000	1.000	0.200	1.000	1.000	60.000	0.000	0.000	0.000	0.000
12.972	31.342	0.000	30.000	4.000	20.000	1.000	0.200	1.000	1.000	60.000	0.000	0.000	0.000	0.000
13.313	31.333	0.000	30.000	4.000	20.000	1.000	0.200	1.000	1.000	60.000	0.000	0.000	0.000	0.000
13.648	31.323	0.000	30.000	4.000	20.000	1.000	0.200	1.000	1.000	60.000	0.000	0.000	0.000	0.000
13.988	31.310	0.000	30.000	4.000	20.000	1.000	0.200	1.000	1.000	60.000	0.000	0.000	0.000	0.000
14.338	31.299	0.000	30.000	4.000	20.000	1.000	0.200	1.000	1.000	60.000	0.000	0.000	0.000	0.000
14.676	31.287	0.000	30.000	4.000	20.000	1.000	0.200	1.000	1.000	60.000	0.000	0.000	0.000	0.000
15.015	31.276	0.000	30.000	4.000	20.000	1.000	0.200	1.000	1.000	60.000	0.000	0.000	0.000	0.000
15.354	31.265	0.000	30.000	4.000	20.000	1.000	0.200	1.000	1.000	60.000	0.000	0.000	0.000	0.000
15.690	31.253	0.000	30.000	4.000	20.000	1.000	0.200	1.000	1.000	60.000	0.000	0.000	0.000	0.000
16.036	31.244	0.000	30.000	4.000	20.000	1.000	0.200	1.000	1.000	60.000	0.000	0.000	0.000	0.000
16.373	31.238	0.000	30.000	4.000	20.000	1.000	0.200	1.000	1.000	60.000	0.000	0.000	0.000	0.000
16.715	31.223	0.000	30.000	4.000	20.000	1.000	0.200	1.000	1.000	60.000	0.000	0.000	0.000	0.000
17.055	31.208	0.000	30.000	4.000	20.000	1.000	0.200	1.000	1.000	60.000	0.000	0.000	0.000	0.000
17.392	31.202	0.000	30.000	4.000	20.000	1.000	0.200	1.000	1.000	60.000	0.000	0.000	0.000	0.000
17.733	31.187	0.000	30.000	4.000	20.000	1.000	0.200	1.000	1.000	60.000	0.000	0.000	0.000	0.000
18.074	31.181	0.000	30.000	4.000	20.000	1.000	0.200	1.000	1.000	60.000	0.000	0.000	0.000	0.000
18.414	31.168	0.000	30.000	4.000	20.000	1.000	0.200	1.000	1.000	60.000	0.000	0.000	0.000	0.000
18.756	31.153	0.000	30.000	4.000	20.000	1.000	0.200	1.000	1.000	60.000	0.000	0.000	0.000	0.000
19.094	31.145	0.000	30.000	4.000	20.000	1.000	0.200	1.000	1.000	60.000	0.000	0.000	0.000	0.000
19.434	31.132	0.000	30.000	4.000	20.000	1.000	0.200	1.000	1.000	60.000	0.000	0.000	0.000	0.000
19.773	31.120	0.000	30.000	4.000	20.000	1.000	0.200	1.000	1.000	60.000	0.000	0.000	0.000	0.000
20.107	31.109	0.000	30.000	4.000	20.000	1.000	0.200	1.000	1.000	60.000	0.000	0.000	0.000	0.000
20.447	31.101	0.000	30.000	4.000	20.000	1.000	0.200	1.000	1.000	60.000	0.000	0.000	0.000	0.000
20.784	31.092	0.000	30.000	4.000	20.000	1.000	0.200	1.000	1.000	60.000	0.000	0.000	0.000	0.000
21.127	31.080	0.000	30.000	4.000	20.000	1.000	0.200	1.000	1.000	60.000	0.000	0.000	0.000	0.000
21.476	31.071	0.000	30.000	4.000	20.000	1.000	0.200	1.000	1.000	60.000	0.000	0.000	0.000	0.000
21.816	31.061	0.000	30.000	4.000	20.000	1.000	0.200	1.000	1.000	60.000	0.000	0.000	0.000	0.000
22.157	31.046	0.000	30.000	4.000	20.000	1.000	0.200	1.000	1.000	60.000	0.000	0.000	0.000	0.000
22.497	31.038	0.000	30.000	4.000	20.000	1.000	0.200	1.000	1.000	60.000	0.000	0.000	0.000	0.000
22.838	31.025	0.000	30.000	4.000	20.000	1.000	0.200	1.000	1.000	60.000	0.000	0.000	0.000	0.000
23.174	31.017	0.000	30.000	4.000	20.000	1.000	0.200	1.000	1.000	60.000	0.000	0.000	0.000	0.000
23.512	31.006	0.000	30.000	4.000	20.000	1.000	0.200	1.000	1.000	60.000	0.000	0.000	0.000	0.000
23.860	30.994	0.000	30.000	4.000	20.000	1.000	0.200	1.000	1.000	60.000	0.000	0.000	0.000	0.000
24.202	30.983	0.000	30.000	4.000	20.000	1.000	0.200	1.000	1.000	60.000	0.000	0.000	0.000	0.000
24.541	30.975	0.000	30.000	4.000	20.000	1.000	0.200	1.000	1.000	60.000	0.000	0.000	0.000	0.000
24.880	30.964	0.000	30.000	4.000	20.000	1.000	0.200	1.000	1.000	60.000	0.000	0.000	0.000	0.000
25.213	30.954	0.000	30.000	4.000	20.000	1.000	0.200	1.000	1.000	60.000	0.000	0.000	0.000	0.000
25.552	30.943	0.000	30.000	4.000	20.000	1.000	0.200	1.000	1.000	60.000	0.000	0.000	0.000	0.000
25.891	30.929	0.000	30.000	4.000	20.000	1.000	0.200	1.000	1.000	60.000	0.000	0.000	0.000	0.000
26.231	30.918	0.000	30.000	4.000	20.000	1.000	0.200	1.000	1.000	60.000	0.000	0.000	0.000	0.000
26.569	30.910	0.000	30.000	4.000	20.000	1.000	0.200	1.000	1.000	60.000	0.000	0.000	0.000	0.000
26.910	30.902	0.000	30.000	4.000	20.000	1.000	0.200	1.000	1.000	60.000	0.000	0.000	0.000	0.000
27.245	30.891	0.000	30.000	4.000	20.000	1.000	0.200	1.000	1.000	60.000	0.000	0.000	0.000	0.000
27.587	30.881	0.000	30.000	4.000	20.000	1.000	0.200	1.000	1.000	60.000	0.000	0.000	0.000	0.000
27.926	30.871	0.000	30.000	4.000	20.000	1.000	0.200	1.000	1.000	60.000	0.000	0.000	0.000	0.000
28.265	30.860	0.000	30.000	4.000	20.000	1.000	0.200	1.000	1.000	60.000	0.000	0.000	0.000	0.000
28.614	30.850	0.000	30.000	4.000	20.000	1.000	0.200	1.000	1.000	60.000	0.000	0.000	0.000	0.000
28.954	30.839	0.000	30.000	4.000	20.000	1.000	0.200	1.000	1.000	60.000	0.000	0.000	0.000	0.000
29.303	30.829	0.000	30.000	4.000	20.000	1.000	0.200	1.000	1.000	60.000	0.000	0.000	0.000	0.000
29.649	30.821	0.000	30.000	4.000	20.000	1.000	0.200	1.000	1.000	60.000	0.000	0.000	0.000	0.000
29.988	30.812	0.000	30.000	4.000	20.000	1.000	0.200	1.000	1.000	60.000	0.000	0.000	0.000	0.000
30.322	30.802	0.000	30.000	4.000	20.000	1.000	0.200	1.000	1.000	60.000	0.000	0.000	0.000	0.000
30.673	30.792	0.000	30.000	4.000	20.000	1.000	0.200	1.000	1.000	60.000	0.000	0.000	0.000	0.000
31.011	30.783	0.000	30.000	4.000	20.000	1.000	0.200	1.000	1.000	60.000	0.000	0.000	0.000	0.000
31.347	30.771	0.000	30.000	4.000	20.000	1.000	0.200	1.000	1.000	60.000	0.000	0.000	0.000	0.000
31.686	30.767	0.000	30.000	4.000	20.000	1.000	0.200	1.000	1.000	60.000	0.000	0.000	0.000	0.000
32.022	30.754	0.000	30.000	4.000	20.000	1.000	0.200	1.000	1.000	60.000	0.000	0.000	0.000	0.000
32.353	30.744	0.000	30.000	4.000	20.000	1.000	0.200	1.000	1.000	60.000	0.000	0.000	0.000	0.000
32.704	30.734	0.000	30.000	4.000	20.000	1.000	0.200	1.000	1.000	60.000	0.000	0.000	0.000	0.000
33.047	30.732	0.000	30.000	4.000	20.000	1.000	0.200	1.000	1.000	60.000	0.000	0.000	0.000	0.000
33.383	30.713	0.000	30.000	4.000	20.000	1.000	0.200	1.000	1.000	60.000	0.000	0.000	0.000	0.000
33.721	30.709	0.000	30.000	4.000	20.000	1.000	0.200	1.000	1.000	60.000	0.000	0.000	0.000	0.000
34.056	30.699	0.000	30.000	4.000	20.000	1.000	0.200	1.000	1.000	60.000	0.000	0.000	0.000	0.000
34.394	30.688	0.000	30.000	4.000	20.000	1.000	0.200	1.000	1.000	60.000	0.000	0.000	0.000	0.000
34.732	30.680	0.000	30.000	4.000	20.000	1.000	0.200	1.000	1.000	60.000	0.000	0.000	0.000	0.000
35.067	30.672	0.000	30.000	4.000	20.000	1.000	0.200	1.000	1.000	60.000	0.000	0.000	0.000	0.000
35.407	30.666	0.000	30.000	4.000	20.000	1.000	0.200	1.000	1.000	60.000	0.000	0.000	0.000	0.000
35.739	30.653	0.000	30.000	4.000	20.000	1.000	0.200	1.000	1.000	60.000	0.000	0.000	0.000	0.000
36.075	30.643	0.000	30.000	4.000	20.000	1.000	0.200	1.000	1.000	60.000	0.000	0.000	0.000	0.000
36.410	30.639	0.000	30.000	4.000	20.000	1.000	0.200	1.000	1.000	60.000	0.000	0.000	0.000	0.000
36.741	30.629	0.000	30.000	4.000	20.000	1.000	0.200	1.000	1.000	60.000	0.000	0.000	0.000	0.000
37.083	30.620	0.000	30.000	4.000	20.000	1.000	0.200	1.000	1.000	60.000	0.000	0.000	0.000	0.000
37.426	30.608	0.000	30.000	4.000	20.000	1.000	0.200	1.000	1.000	60.000	0.000	0.000	0.000	0.000
37.769	30.600	0.000	30.000	4.000	20.000	1.000	0.200	1.000	1.000	60.000	0.000	0.000	0.000	0.000
38.105	30.590	0.000	30.000	4.000	20.000	1.000	0.200	1.000	1.000	60.000	0.000	0.000	0.000	0.000
38.453	30.587	0.000	30.000	4.000	20.000	1.000	0.200	1.000	1.000	60.000	0.000	0.000	0.000	0.000
38.788	30.573	0.000	30.000	4.000	20.000	1.000	0.200	1.000	1.000	60.000	0.000	0.000	0.000	0.000
39.137	30.569	0.000	30.000	4.000	20.000	1.000	0.200	1.000	1.000	60.000	0.000	0.000	0.000	0.000
39.491	30.559	0.000	30.000	4.000	20.000	1.000	0.200	1.000	1.000	60.000	0.000	0.000	0.000	0.000
39.829	30.551	0.000	30.000	4.000	20.000	1.000	0.200	1.000	1.000	60.000	0.000	0.000	0.000	0.000
40.159	30.542	0.000	30.000	4.000	20.000	1.000	0.200	1.000	1.000	60.000	0.000	0.000	0.000	0.000
40.494	30.536	0.000	30.000	4.000	20.000	1.000	0.200	1.000	1.000	60.000	0.000	0.000	0.000	0.000
40.834	30.526	0.000	30.000	4.000	20.000	1.000	0.200	1.000	1.000	60.000	0.000	0.000	0.000	0.000
41.174	30.516	0.000	30.000	4.000	20.000	1.000	0.200	1.000	1.000	60.000	0.000	0.000	0.000	0.000
41.512	30.510	0.000	30.000	4.000	20.000	1.000	0.200	1.000	1.000	60.000	0.000	0.000	0.000	0.000
41.855	30.499	0.000	30.000	4.000	20.000	1.000	0.200	1.000	1.000	60.000	0.000	0.000	0.000	0.000
42.189	30.493	0.000	30.000	4.000	20.000	1.000	0.200	1.000	1.000	60.000	0.343	0.000	0.000	0.000
42.538	30.485	0.000	30.000	4.000	20.000	1.000	0.200	1.000	1.000	60.000	0.677	0.000	0.000	0.000
42.877	30.477	0.000	30.000	4.000	20.000	1.000	0.200	1.000	1.000	60.000	1.026	0.000	0.000	0.000
43.216	30.471	0.000	30.000	4.000	20.000	1.000	0.200	1.000	1.000	60.000	1.365	0.000	0.000	0.000
43.555	30.461	0.000	30.000	4.000	20.000	1.000	0.200	1.000	1.000	60.000	1.704	0.000	0.000	0.000
43.890	30.452	0.000	30.000	4.000	20.000	1.000	0.200	1.000	1.000	60.000	2.043	0.000	0.000	0.000
44.231	30.446	0.000	30.000	4.000	20.000	1.000	0.200	1.000	1.000	60.000	2.378	0.000	0.000	0.000
44.573	30.440	0.000	30.000	4.000	20.000	1.000	0.200	1.000	1.000	60.000	2.719	0.000	0.000	0.000
44.912	30.430	0.000	30.000	4.000	20.000	1.000	0.200	1.000	1.000	60.000	3.061	0.000	0.000	0.000
45.252	30.424	0.000	30.000	4.000	20.000	1.000	0.200	1.000	1.000	60.000	3.400	0.000	0.000	0.000
45.592	30.412	0.000	30.000	4.000	20.000	1.000	0.200	1.000	1.000	60.000	3.740	0.000	0.000	0.000
45.943	30.404	0.000	30.000	4.000	20.000	1.000	0.200	1.000	1.000	60.000	4.080	0.000	0.000	0.000
46.297	30.397	0.000	30.000	4.000	20.000	1.000	0.200	1.000	1.000	60.000	4.431	0.000	0.000	0.000
46.643	30.389	0.000	30.000	4.000	20.000	1.000	0.200	1.000	1.000	60.000	4.785	0.000	0.000	0.000
46.987	30.379	0.000	30.000	4.000	20.000	1.000	0.200	1.000	1.000	60.000	5.131	0.000	0.000	0.000
47.324	30.371	0.000	30.000	4.000	20.000	1.000	0.200	1.000	1.000	60.000	5.475	0.000	0.000	0.000
47.673	30.363	0.000	30.000	4.000	20.000	1.000	0.200	1.000	1.000	60.000	5.812	0.000	0.000	0.000
48.018	30.355	0.000	30.000	4.000	20.000	1.000	0.200	1.000	1.000	60.000	6.161	0.000	0.000	0.000
48.357	30.349	0.000	30.000	4.000	20.000	1.000	0.200	1.000	1.000	60.000	6.506	0.000	0.000	0.000
48.704	30.341	0.000	30.000	4.000	20.000	1.000	0.200	1.000	1.000	60.000	6.845	0.000	0.000	0.000
49.047	30.335	0.000	30.000	4.000	20.000	1.000	0.200	1.000	1.000	60.000	7.192	0.000	0.000	0.000
49.383	30.326	0.000	30.000	4.000	20.000	1.000	0.200	1.000	1.000	60.000	7.535	0.000	0.000	0.000
49.721	30.316	0.000	30.000	4.000	20.000	1.000	0.200	1.000	1.000	60.000	7.871	0.000	0.000	0.000
50.054	30.310	0.000	30.000	4.000	20.000	1.000	0.200	1.000	1.000	60.000	8.209	0.000	0.000	0.000
50.392	30.304	0.000	30.000	4.000	20.000	1.000	0.200	1.000	1.000	60.000	8.542	0.000	0.000	0.000
50.731	30.296	0.000	30.000	4.000	20.000	1.000	0.200	1.000	1.000	60.000	8.880	0.000	0.000	0.000
51.076	30.284	0.000	30.000	4.000	20.000	1.000	0.200	1.000	1.000	60.000	9.219	0.000	0.000	0.000
51.411	30.278	0.000	30.000	4.000	20.000	1.000	0.200	1.000	1.000	60.000	9.564	0.000	0.000	0.000
51.757	30.270	0.000	30.000	4.000	20.000	1.000	0.200	1.000	1.000	60.000	9.899	0.000	0.000	0.000
52.097	30.270	0.000	30.000	4.000	20.000	1.000	0.200	1.000	1.000	60.000	10.245	0.000	0.000	0.000
52.447	30.256	0.000	30.000	4.000	20.000	1.000	0.200	1.000	1.000	60.000	10.585	0.000	0.000	0.000
52.792	30.250	0.000	30.000	4.000	20.000	1.000	0.200	1.000	1.000	60.000	10.935	0.000	0.000	0.000
53.130	30.241	0.000	30.000	4.000	20.000	1.000	0.200	1.000	1.000	60.000	11.280	0.000	0.000	0.000
53.464	30.233	0.000	30.000	4.000	20.000	1.000	0.200	1.000	1.000	60.000	11.618	0.000	0.000	0.000
53.798	30.225	0.000	30.000	4.000	20.000	1.000	0.200	1.000	1.000	60.000	11.952	0.000	0.000	0.000
54.147	30.219	0.000	30.000	4.000	20.000	1.000	0.200	1.000	1.000	60.000	12.286	0.000	0.000	0.000
54.486	30.209	0.000	30.000	4.000	20.000	1.000	0.200	1.000	1.000	60.000	12.635	0.000	0.000	0.000
54.836	30.203	0.000	30.000	4.000	20.000	1.000	0.200	1.000	1.000	60.000	12.974	0.000	0.000	0.000
55.187	30.199	0.000	30.000	4.000	20.000	1.000	0.200	1.000	1.000	60.000	13.324	0.000	0.000	0.000
55.525	30.191	0.000	30.000	4.000	20.000	1.000	0.200	1.000	1.000	60.000	13.675	0.000	0.000	0.000
55.875	30.185	0.000	30.000	4.000	20.000	1.000	0.200	1.000	1.000	60.000	14.013	0.000	0.000	0.000
56.213	30.177	0.000	30.000	4.000	20.000	1.000	0.200	1.000	1.000	60.000	14.363	0.000	0.000	0.000
56.552	30.171	0.000	30.000	4.000	20.000	1.000	0.200	1.000	1.000	60.000	14.701	0.000	0.000	0.000
56.891	30.163	0.000	30.000	4.000	20.000	1.000	0.200	1.000	1.000	60.000	15.040	0.000	0.000	0.000
57.225	30.157	0.000	30.000	4.000	20.000	1.000	0.200	1.000	1.000	60.000	15.379	0.000	0.000	0.000
57.556	30.151	0.000	30.000	4.000	20.000	1.000	0.200	1.000	1.000	60.000	15.713	0.000	0.000	0.000
57.904	30.143	0.000	30.000	4.000	20.000	1.000	0.200	1.000	1.000	60.000	16.044	0.000	0.000	0.000
58.239	30.137	0.000	30.000	4.000	20.000	1.000	0.200	1.000	1.000	60.000	16.392	0.000	0.000	0.000
58.579	30.131	0.000	30.000	4.000	20.000	1.000	0.200	1.000	1.000	60.000	16.727	0.000	0.000	0.000
58.913	30.125	0.000	30.000	4.000	20.000	1.000	0.200	1.000	1.000	60.000	17.067	0.000	0.000	0.000
59.250	30.119	0.000	30.000	4.000	20.000	1.000	0.200	1.000	1.000	60.000	17.401	0.000	0.000	0.000
59.586	30.113	0.000	30.000	4.000	20.000	1.000	0.200	1.000	1.000	60.000	17.738	0.000	0.000	0.000
59.920	30.105	0.000	30.000	4.000	20.000	1.000	0.200	1.000	1.000	60.000	18.074	0.000	0.000	0.000
60.257	30.095	0.000	30.000	4.000	20.000	1.000	0.200	1.000	1.000	60.000	18.408	0.000	0.000	0.000
60.605	30.089	0.000	30.000	4.000	20.000	1.000	0.200	1.000	1.000	60.000	18.745	0.000	0.000	0.000
60.940	30.087	0.000	30.000	4.000	20.000	1.000	0.200	1.000	1.000	60.000	19.093	0.000	0.000	0.000
61.278	30.077	0.000	30.000	4.000	20.000	1.000	0.200	1.000	1.000	60.000	19.428	0.000	0.000	0.000
61.614	30.071	0.000	30.000	4.000	20.000	1.000	0.200	1.000	1.000	60.000	19.766	0.000	0.000	0.000
61.962	30.065	0.000	30.000	4.000	20.000	1.000	0.200	1.000	1.000	60.000	20.102	0.000	0.000	0.000
62.307	30.057	0.000	30.000	4.000	20.000	1.000	0.200	1.000	1.000	60.000	20.450	0.000	0.000	0.000
62.641	30.053	0.000	30.000	4.000	20.000	1.000	0.200	1.000	1.000	60.000	20.795	0.000	0.000	0.000
62.981	30.045	0.000	30.000	4.000	20.000	1.000	0.200	1.000	1.000	60.000	21.129	0.000	0.000	0.000
63.316	30.043	0.000	30.000	4.000	20.000	1.000	0.200	1.000	1.000	60.000	21.469	0.000	0.000	0.000
63.650	30.035	0.000	30.000	4.000	20.000	1.000	0.200	1.000	1.000	60.000	21.804	0.000	0.000	0.000
63.986	30.027	0.000	30.000	4.000	20.000	1.000	0.200	1.000	1.000	60.000	22.138	0.000	0.000	0.000
64.327	30.019	0.000	30.000	4.000	20.000	1.000	0.200	1.000	1.000	60.000	22.474	0.000	0.000	0.000
64.661	30.017	0.000	30.000	4.000	20.000	1.000	0.200	1.000	1.000	60.000	22.815	0.000	0.000	0.000
65.008	30.009	0.000	30.000	4.000	20.000	1.000	0.200	1.000	1.000	60.000	23.149	0.000	0.000	0.000
65.359	30.005	0.000	30.000	4.000	20.000	1.000	0.200	1.000	1.000	60.000	23.496	0.000	0.000	0.000
65.695	29.995	0.000	30.000	4.000	20.000	1.000	0.200	1.000	1.000	60.000	23.847	0.000	0.000	0.000
66.033	29.989	0.000	30.000	4.000	20.000	1.000	0.200	1.000	1.000	60.000	24.183	0.000	0.000	0.000
66.368	29.985	0.000	30.000	4.000	20.000	1.000	0.200	1.000	1.000	60.000	24.521	0.000	0.000	0.000
66.715	29.979	0.000	30.000	4.000	20.000	1.000	0.200	1.000	1.000	60.000	24.856	0.000	0.000	0.000
67.064	29.971	0.000	30.000	4.000	20.000	1.000	0.200	1.000	1.000	60.000	25.203	0.000	0.000	0.000
67.404	29.967	0.000	30.000	4.000	20.000	1.000	0.200	1.000	1.000	60.000	25.552	0.000	0.000	0.000
67.745	29.961	0.000	30.000	4.000	20.000	1.000	0.200	1.000	1.000	60.000	25.892	0.000	0.000	0.000
